0 0.361342
1 0.000001
2 0.000140
3 0.000140
4 0.000140
5 0.000140
6 0.000140
7 0.000140
8 0.000140
9 0.000140
10 0.000140
11 0.000324
12 0.000377
13 0.000377
14 0.000388
15 0.000499
16 0.000520
17 0.000587
18 0.000624
19 0.000680
20 0.000734
21 0.000778
22 0.000851
23 0.000881
24 0.000975
25 0.000991
26 0.001102
27 0.001123
28 0.001220
29 0.001261
30 0.001343
31 0.001406
32 0.001471
33 0.001557
34 0.001604
35 0.001715
36 0.001742
37 0.001879
38 0.001902
39 0.002034
40 0.002074
41 0.002187
42 0.002254
43 0.002345
44 0.002439
45 0.002508
46 0.002631
47 0.002676
48 0.002830
49 0.002857
50 0.003027
51 0.003064
52 0.003210
53 0.003277
54 0.003398
55 0.003495
56 0.003589
57 0.003713
58 0.003775
59 0.003924
60 0.003955
61 0.004128
62 0.004153
63 0.004301
64 0.004347
65 0.004463
66 0.004533
67 0.004621
68 0.004712
69 0.004771
70 0.004882
71 0.004916
72 0.005046
73 0.005064
74 0.005191
75 0.005217
76 0.005318
77 0.005362
78 0.005438
79 0.005499
80 0.005551
81 0.005628
82 0.005659
83 0.005748
84 0.005760
85 0.005861
86 0.005871
87 0.005950
88 0.005974
89 0.006034
90 0.006070
91 0.006111
92 0.006158
93 0.006184
94 0.006241
95 0.006252
96 0.006317
97 0.006322
98 0.006380
99 0.006390
100 0.006434
101 0.006453
102 0.006487
103 0.006518
104 0.006545
105 0.006583
106 0.006599
107 0.006638
108 0.006644
109 0.006683
110 0.006687
111 0.006715
112 0.006724
113 0.006743
114 0.006754
115 0.006766
116 0.006779
117 0.006787
118 0.006801
119 0.006805
120 0.006818
121 0.006820
122 0.006828
123 0.006829
124 0.006831
125 0.006830
126 0.006830
127 0.006826
128 0.006823
129 0.006815
130 0.006813
131 0.006798
132 0.006796
133 0.006776
134 0.006771
135 0.006748
136 0.006735
137 0.006713
138 0.006692
139 0.006673
140 0.006644
141 0.006629
142 0.006589
143 0.006580
144 0.006529
145 0.006520
146 0.006471
147 0.006453
148 0.006410
149 0.006388
150 0.006362
151 0.006330
152 0.006311
153 0.006262
154 0.006253
155 0.006187
156 0.006184
157 0.006111
158 0.006100
159 0.006037
160 0.006010
161 0.005959
162 0.005914
163 0.005876
164 0.005812
165 0.005789
166 0.005704
167 0.005698
168 0.005589
169 0.005582
170 0.005489
171 0.005464
172 0.005391
173 0.005347
174 0.005294
175 0.005226
176 0.005194
177 0.005097
178 0.005084
179 0.004957
180 0.004952
181 0.004821
182 0.004799
183 0.004688
184 0.004635
185 0.004545
186 0.004460
187 0.004395
188 0.004276
189 0.004236
190 0.004081
191 0.004066
192 0.003881
193 0.003858
194 0.003698
195 0.003639
196 0.003507
197 0.003409
198 0.003306
199 0.003167
200 0.003095
201 0.002913
202 0.002874
203 0.002648
204 0.002657
205 0.002478
206 0.002458
207 0.002303
208 0.002226
209 0.002097
210 0.001864
211 0.001694
212 0.001724
213 0.001755
214 0.001163
215 0.001099
216 0.001113
217 0.000898
218 0.000004
219 0.000004
220 0.000003
221 0.000216
222 0.000421
223 0.000972
224 0.001245
225 0.001901
226 0.002037
227 0.002787
228 0.002891
229 0.003523
230 0.003711
231 0.004198
232 0.004477
233 0.004825
234 0.005195
235 0.005436
236 0.005894
237 0.006025
238 0.006556
239 0.006611
240 0.007094
241 0.007126
242 0.007439
243 0.007500
244 0.007665
245 0.007761
246 0.007816
247 0.007950
248 0.007913
249 0.008091
250 0.007998
251 0.008305
252 0.008328
253 0.008603
254 0.008679
255 0.008885
256 0.009010
257 0.009160
258 0.009332
259 0.009439
260 0.009671
261 0.009753
262 0.010035
263 0.010072
264 0.010278
265 0.010278
266 0.010386
267 0.010397
268 0.010456
269 0.010499
270 0.010523
271 0.010596
272 0.010591
273 0.010686
274 0.010660
275 0.010767
276 0.010749
277 0.010827
278 0.010837
279 0.010896
280 0.010931
281 0.010981
282 0.011066
283 0.011146
284 0.011276
285 0.011338
286 0.011405
287 0.011380
288 0.011384
289 0.011339
290 0.011316
291 0.011276
292 0.011244
293 0.011206
294 0.011169
295 0.011130
296 0.011095
297 0.011058
298 0.011040
299 0.011012
300 0.011013
301 0.011003
302 0.011040
303 0.011082
304 0.011126
305 0.011147
306 0.011098
307 0.011050
308 0.010944
309 0.010901
310 0.010754
311 0.010689
312 0.010537
313 0.010457
314 0.010321
315 0.010223
316 0.010121
317 0.010007
318 0.009932
319 0.009794
320 0.009757
321 0.009594
322 0.009587
323 0.009436
324 0.009446
325 0.009331
326 0.009298
327 0.009176
328 0.009044
329 0.008917
330 0.008722
331 0.008631
