0 0.361306
1 0.000001
2 0.000064
3 0.000064
4 0.000065
5 0.000075
6 0.000075
7 0.000085
8 0.000099
9 0.000099
10 0.000119
11 0.000128
12 0.000128
13 0.000156
14 0.000159
15 0.000164
16 0.000190
17 0.000190
18 0.000203
19 0.000222
20 0.000222
21 0.000242
22 0.000254
23 0.000254
24 0.000281
25 0.000286
26 0.000289
27 0.000317
28 0.000318
29 0.000328
30 0.000349
31 0.000349
32 0.000367
33 0.000381
34 0.000381
35 0.000406
36 0.000413
37 0.000414
38 0.000456
39 0.000456
40 0.000464
41 0.000486
42 0.000487
43 0.000502
44 0.000517
45 0.000518
46 0.000540
47 0.000548
48 0.000549
49 0.000577
50 0.000579
51 0.000585
52 0.000609
53 0.000610
54 0.000626
55 0.000648
56 0.000648
57 0.000668
58 0.000678
59 0.000679
60 0.000705
61 0.000709
62 0.000714
63 0.000739
64 0.000740
65 0.000751
66 0.000770
67 0.000770
68 0.000792
69 0.000806
70 0.000807
71 0.000831
72 0.000837
73 0.000839
74 0.000866
75 0.000867
76 0.000876
77 0.000895
78 0.000896
79 0.000913
80 0.000928
81 0.000928
82 0.000949
83 0.000955
84 0.000955
85 0.000982
86 0.000982
87 0.000988
88 0.001008
89 0.001008
90 0.001022
91 0.001038
92 0.001038
93 0.001055
94 0.001063
95 0.001063
96 0.001086
97 0.001087
98 0.001092
99 0.001115
100 0.001115
101 0.001124
102 0.001138
103 0.001138
104 0.001153
105 0.001161
106 0.001161
107 0.001184
108 0.001187
109 0.001189
110 0.001209
111 0.001209
112 0.001216
113 0.001231
114 0.001231
115 0.001247
116 0.001260
117 0.001262
118 0.001282
119 0.001288
120 0.001291
121 0.001316
122 0.001318
123 0.001327
124 0.001349
125 0.001352
126 0.001367
127 0.001383
128 0.001387
129 0.001408
130 0.001419
131 0.001424
132 0.001453
133 0.001459
134 0.001469
135 0.001493
136 0.001499
137 0.001514
138 0.001532
139 0.001538
140 0.001560
141 0.001575
142 0.001581
143 0.001606
144 0.001613
145 0.001622
146 0.001646
147 0.001651
148 0.001666
149 0.001684
150 0.001681
151 0.001690
152 0.001694
153 0.001689
154 0.001702
155 0.001700
156 0.001695
157 0.001706
158 0.001698
159 0.001696
160 0.001702
161 0.001692
162 0.001692
163 0.001690
164 0.001678
165 0.001682
166 0.001673
167 0.001659
168 0.001662
169 0.001646
170 0.001634
171 0.001630
172 0.001611
173 0.001612
174 0.001616
175 0.001613
176 0.001621
177 0.001623
178 0.001619
179 0.001631
180 0.001629
181 0.001630
182 0.001642
183 0.001643
184 0.001650
185 0.001662
186 0.001665
187 0.001678
188 0.001688
189 0.001691
190 0.001707
191 0.001713
192 0.001718
193 0.001736
194 0.001740
195 0.001748
196 0.001762
197 0.001766
198 0.001779
199 0.001791
200 0.001795
201 0.001811
202 0.001819
203 0.001824
204 0.001844
205 0.001850
206 0.001859
207 0.001875
208 0.001880
209 0.001893
210 0.001907
211 0.001913
212 0.001928
213 0.001938
214 0.001944
215 0.001964
216 0.001971
217 0.001979
218 0.001995
219 0.002000
220 0.002008
221 0.002017
222 0.002018
223 0.002027
224 0.002032
225 0.002032
226 0.002044
227 0.002046
228 0.002047
229 0.002058
230 0.002057
231 0.002061
232 0.002069
233 0.002068
234 0.002075
235 0.002078
236 0.002078
237 0.002087
238 0.002088
239 0.002089
240 0.002103
241 0.002109
242 0.002120
243 0.002135
244 0.002143
245 0.002157
246 0.002171
247 0.002179
248 0.002196
249 0.002207
250 0.002216
251 0.002236
252 0.002247
253 0.002261
254 0.002281
255 0.002292
256 0.002309
257 0.002328
258 0.002340
259 0.002361
260 0.002377
261 0.002391
262 0.002413
263 0.002411
264 0.002404
265 0.002402
266 0.002390
267 0.002381
268 0.002372
269 0.002356
270 0.002345
271 0.002330
272 0.002310
273 0.002295
274 0.002272
275 0.002248
276 0.002228
277 0.002200
278 0.002172
279 0.002145
280 0.002123
281 0.002126
282 0.002131
283 0.002135
284 0.002144
285 0.002150
286 0.002155
287 0.002167
288 0.002172
289 0.002179
290 0.002188
291 0.002194
292 0.002203
293 0.002211
294 0.002217
295 0.002227
296 0.002235
297 0.002241
298 0.002253
299 0.002260
300 0.002268
301 0.002279
302 0.002286
303 0.002296
304 0.002306
305 0.002314
306 0.002326
307 0.002335
308 0.002344
309 0.002357
310 0.002366
311 0.002376
312 0.002388
313 0.002397
314 0.002407
315 0.002418
316 0.002427
317 0.002438
318 0.002447
319 0.002453
320 0.002458
321 0.002461
322 0.002464
323 0.002468
324 0.002470
325 0.002471
326 0.002473
327 0.002473
328 0.002474
329 0.002474
330 0.002473
331 0.002473
