0 0.361342
1 0.000001
2 0.000478
3 0.000622
4 0.001402
5 0.001675
6 0.002278
7 0.002665
8 0.003108
9 0.003594
10 0.003891
11 0.004462
12 0.004628
13 0.005269
14 0.005375
15 0.005959
16 0.006108
17 0.006559
18 0.006781
19 0.007113
20 0.007395
21 0.007622
22 0.007947
23 0.008085
24 0.008438
25 0.008511
26 0.008862
27 0.008928
28 0.009186
29 0.009282
30 0.009462
31 0.009574
32 0.009690
33 0.009801
34 0.009869
35 0.009966
36 0.010000
37 0.010066
38 0.010083
39 0.010101
40 0.010103
41 0.010084
42 0.010057
43 0.010016
44 0.009945
45 0.009896
46 0.009767
47 0.009725
48 0.009521
49 0.009489
50 0.009222
51 0.009160
52 0.008899
53 0.008768
54 0.008528
55 0.008456
56 0.008402
57 0.008524
58 0.008601
59 0.008881
60 0.008921
61 0.009357
62 0.009387
63 0.009820
64 0.009946
65 0.010364
66 0.010586
67 0.010892
68 0.011231
69 0.011434
70 0.011896
71 0.011988
72 0.012579
73 0.012604
74 0.013223
75 0.013300
76 0.013809
77 0.014010
78 0.014408
79 0.014737
80 0.015022
81 0.015479
82 0.015653
83 0.016236
84 0.016301
85 0.017006
86 0.017081
87 0.017675
88 0.017875
89 0.018357
90 0.018670
91 0.019031
92 0.019443
93 0.019689
94 0.020201
95 0.020343
96 0.020947
97 0.021040
98 0.021620
99 0.021771
100 0.022234
101 0.022464
102 0.022809
103 0.023113
104 0.023351
105 0.023727
106 0.023863
107 0.024300
108 0.024354
109 0.024829
110 0.024923
111 0.025434
112 0.025768
113 0.026263
114 0.026646
115 0.027029
116 0.027444
117 0.027725
118 0.028148
119 0.028284
120 0.028611
121 0.028633
122 0.028924
123 0.028998
124 0.029224
125 0.029329
126 0.029480
127 0.029628
128 0.029731
129 0.029909
130 0.029960
131 0.030160
132 0.030181
133 0.030382
134 0.030412
135 0.030567
136 0.030631
137 0.030750
138 0.030846
139 0.030946
140 0.031059
141 0.031121
142 0.031245
143 0.031311
144 0.031537
145 0.031597
146 0.031596
147 0.031840
148 0.032399
149 0.032466
150 0.032432
151 0.032345
152 0.032300
153 0.032175
154 0.032144
155 0.031963
156 0.031943
157 0.031856
158 0.032019
159 0.032062
160 0.032405
161 0.032850
162 0.032976
163 0.033100
164 0.033163
165 0.033279
166 0.033259
167 0.033376
168 0.033276
169 0.033367
170 0.033263
171 0.033288
172 0.033192
173 0.033142
174 0.033063
175 0.032933
176 0.032878
177 0.032661
178 0.032643
179 0.032326
180 0.032306
181 0.031958
182 0.031877
183 0.031560
184 0.031384
185 0.031110
186 0.030835
187 0.030605
188 0.030224
189 0.030051
190 0.029565
191 0.029453
192 0.028888
193 0.028764
194 0.028277
195 0.028066
196 0.027655
197 0.027322
198 0.026973
199 0.026530
200 0.026274
201 0.025720
202 0.025561
203 0.024890
204 0.024757
205 0.024116
206 0.023901
207 0.023354
208 0.023019
209 0.022572
210 0.022114
211 0.021773
212 0.021185
213 0.020957
214 0.020235
215 0.020088
216 0.019296
217 0.019114
218 0.018429
219 0.018114
220 0.017556
221 0.017102
222 0.016668
223 0.016072
224 0.015772
225 0.015011
226 0.014845
227 0.013933
228 0.013783
229 0.012941
230 0.012641
231 0.011903
232 0.011512
233 0.011028
234 0.010327
235 0.009862
236 0.009172
237 0.008950
238 0.007865
239 0.007696
240 0.006813
241 0.006451
242 0.005373
243 0.004977
244 0.004326
245 0.003756
246 0.003259
247 0.002509
248 0.002172
249 0.001689
250 0.001601
251 0.004016
252 0.004249
253 0.005546
254 0.006002
255 0.007018
256 0.007664
257 0.008386
258 0.009183
259 0.009653
260 0.010669
261 0.010946
262 0.012042
263 0.012187
264 0.013391
265 0.013861
266 0.014994
267 0.015688
268 0.016369
269 0.017106
270 0.018529
271 0.019776
272 0.020557
273 0.024734
274 0.027931
275 0.035434
276 0.060027
277 0.072356
278 0.026892
279 0.035981
280 0.079217
281 0.036267
282 0.027469
283 0.022503
284 0.019779
285 0.018258
286 0.016707
287 0.015199
288 0.014655
289 0.014108
290 0.013649
291 0.013237
292 0.012961
293 0.012678
294 0.012424
295 0.012276
296 0.012080
297 0.011955
298 0.011789
299 0.011732
300 0.011637
301 0.011608
302 0.011557
303 0.011536
304 0.011517
305 0.011512
306 0.011507
307 0.011516
308 0.011536
309 0.011566
310 0.011559
311 0.011603
312 0.011607
313 0.011682
314 0.011723
315 0.011837
316 0.011949
317 0.012130
318 0.012319
319 0.012582
320 0.012876
321 0.013236
322 0.013686
323 0.014226
324 0.015198
325 0.016025
326 0.016747
327 0.018431
328 0.019578
329 0.022786
330 0.027104
331 0.034574
