0 0.361342
1 0.000001
2 0.000804
3 0.000803
4 0.000802
5 0.000801
6 0.000800
7 0.000799
8 0.000798
9 0.001391
10 0.001748
11 0.002022
12 0.002095
13 0.002412
14 0.002456
15 0.002751
16 0.002818
17 0.003049
18 0.003158
19 0.003328
20 0.003476
21 0.003589
22 0.003771
23 0.003831
24 0.004043
25 0.004061
26 0.004287
27 0.004303
28 0.004477
29 0.004525
30 0.004648
31 0.004724
32 0.004804
33 0.004904
34 0.004942
35 0.005063
36 0.005065
37 0.005203
38 0.005193
39 0.005307
40 0.005312
41 0.005391
42 0.005415
43 0.005462
44 0.005504
45 0.005524
46 0.005580
47 0.005577
48 0.005645
49 0.005627
50 0.005695
51 0.005679
52 0.005724
53 0.005722
54 0.005747
55 0.005756
56 0.005765
57 0.005786
58 0.005781
59 0.005814
60 0.005797
61 0.005840
62 0.005821
63 0.005855
64 0.005845
65 0.005865
66 0.005865
67 0.005872
68 0.005882
69 0.005877
70 0.005895
71 0.005878
72 0.005905
73 0.005881
74 0.005908
75 0.005888
76 0.005903
77 0.005892
78 0.005896
79 0.005892
80 0.005885
81 0.005889
82 0.005871
83 0.005882
84 0.005855
85 0.005873
86 0.005845
87 0.005855
88 0.005834
89 0.005834
90 0.005822
91 0.005814
92 0.005810
93 0.005795
94 0.005799
95 0.005777
96 0.005788
97 0.005764
98 0.005775
99 0.005755
100 0.005759
101 0.005748
102 0.005746
103 0.005741
104 0.005732
105 0.005737
106 0.005726
107 0.005737
108 0.005720
109 0.005736
110 0.005728
111 0.005748
112 0.005755
113 0.005789
114 0.005840
115 0.005904
116 0.005974
117 0.006031
118 0.006109
119 0.006178
120 0.006279
121 0.006341
122 0.006419
123 0.006457
124 0.006490
125 0.006502
126 0.006506
127 0.006496
128 0.006471
129 0.006432
130 0.006358
131 0.006289
132 0.006185
133 0.006093
134 0.005981
135 0.005886
136 0.005782
137 0.005681
138 0.005583
139 0.005501
140 0.005436
141 0.005369
142 0.005314
143 0.005250
144 0.005208
145 0.005155
146 0.005121
147 0.005077
148 0.005046
149 0.005011
150 0.004981
151 0.004957
152 0.004931
153 0.004915
154 0.004890
155 0.004877
156 0.004854
157 0.004844
158 0.004827
159 0.004818
160 0.004806
161 0.004797
162 0.004789
163 0.004780
164 0.004775
165 0.004765
166 0.004761
167 0.004751
168 0.004750
169 0.004742
170 0.004740
171 0.004734
172 0.004732
173 0.004728
174 0.004725
175 0.004723
176 0.004719
177 0.004720
178 0.004716
179 0.004717
180 0.004713
181 0.004713
182 0.004709
183 0.004709
184 0.004706
185 0.004705
186 0.004703
187 0.004701
188 0.004700
189 0.004697
190 0.004697
191 0.004698
192 0.004708
193 0.004716
194 0.004732
195 0.004747
196 0.004769
197 0.004802
198 0.004864
199 0.004952
200 0.005064
201 0.005217
202 0.005373
203 0.005538
204 0.005705
205 0.005897
206 0.006077
207 0.006231
208 0.006358
209 0.006461
210 0.006546
211 0.006610
212 0.006652
213 0.006676
214 0.006685
215 0.006685
216 0.006674
217 0.006652
218 0.006618
219 0.006582
220 0.006541
221 0.006499
222 0.006456
223 0.006412
224 0.006369
225 0.006322
226 0.006280
227 0.006228
228 0.006179
229 0.006128
230 0.006084
231 0.006039
232 0.006000
233 0.005963
234 0.005930
235 0.005910
236 0.005901
237 0.005908
238 0.005935
239 0.005992
240 0.006044
241 0.006105
242 0.006159
243 0.006228
244 0.006299
245 0.006360
246 0.006412
247 0.006451
248 0.006486
249 0.006492
250 0.006489
251 0.006458
252 0.006431
253 0.006383
254 0.006337
255 0.006276
256 0.006213
257 0.006147
258 0.006078
259 0.006015
260 0.005947
261 0.005891
262 0.005824
263 0.005773
264 0.005710
265 0.005662
266 0.005606
267 0.005558
268 0.005509
269 0.005462
270 0.005419
271 0.005372
272 0.005336
273 0.005289
274 0.005259
275 0.005212
276 0.005186
277 0.005147
278 0.005121
279 0.005089
280 0.005064
281 0.005041
282 0.005016
283 0.005001
284 0.004977
285 0.004971
286 0.004948
287 0.004950
288 0.004945
289 0.004964
290 0.004979
291 0.005026
292 0.005071
293 0.005119
294 0.005170
295 0.005212
296 0.005274
297 0.005320
298 0.005380
299 0.005406
300 0.005451
301 0.005468
302 0.005491
303 0.005490
304 0.005477
305 0.005457
306 0.005423
307 0.005394
308 0.005342
309 0.005308
310 0.005238
311 0.005196
312 0.005127
313 0.005078
314 0.005014
315 0.004962
316 0.004906
317 0.004850
318 0.004803
319 0.004743
320 0.004705
321 0.004642
322 0.004609
323 0.004547
324 0.004514
325 0.004461
326 0.004425
327 0.004381
328 0.004342
329 0.004308
330 0.004266
331 0.004241
