0 0.361342
1 0.000001
2 0.000154
3 0.000154
4 0.000154
5 0.000154
6 0.000154
7 0.000259
8 0.000378
9 0.000378
10 0.000479
11 0.000521
12 0.000521
13 0.000651
14 0.000660
15 0.000682
16 0.000794
17 0.000794
18 0.000846
19 0.000923
20 0.000923
21 0.001002
22 0.001047
23 0.001047
24 0.001151
25 0.001166
26 0.001177
27 0.001281
28 0.001280
29 0.001317
30 0.001390
31 0.001390
32 0.001450
33 0.001495
34 0.001494
35 0.001575
36 0.001595
37 0.001598
38 0.001692
39 0.001691
40 0.001715
41 0.001782
42 0.001781
43 0.001824
44 0.001868
45 0.001867
46 0.001928
47 0.001950
48 0.001949
49 0.002024
50 0.002026
51 0.002040
52 0.002098
53 0.002098
54 0.002127
55 0.002166
56 0.002166
57 0.002208
58 0.002229
59 0.002227
60 0.002281
61 0.002286
62 0.002293
63 0.002341
64 0.002341
65 0.002359
66 0.002390
67 0.002390
68 0.002418
69 0.002437
70 0.002437
71 0.002472
72 0.002479
73 0.002481
74 0.002516
75 0.002516
76 0.002527
77 0.002551
78 0.002551
79 0.002566
80 0.002578
81 0.002579
82 0.002598
83 0.002605
84 0.002604
85 0.002628
86 0.002628
87 0.002633
88 0.002651
89 0.002651
90 0.002661
91 0.002674
92 0.002675
93 0.002692
94 0.002700
95 0.002700
96 0.002721
97 0.002723
98 0.002728
99 0.002747
100 0.002748
101 0.002756
102 0.002769
103 0.002770
104 0.002786
105 0.002796
106 0.002798
107 0.002817
108 0.002821
109 0.002824
110 0.002845
111 0.002847
112 0.002856
113 0.002870
114 0.002871
115 0.002884
116 0.002893
117 0.002890
118 0.002903
119 0.002905
120 0.002902
121 0.002918
122 0.002914
123 0.002915
124 0.002925
125 0.002920
126 0.002925
127 0.002931
128 0.002928
129 0.002935
130 0.002934
131 0.002929
132 0.002943
133 0.002939
134 0.002933
135 0.002937
136 0.002928
137 0.002926
138 0.002928
139 0.002921
140 0.002926
141 0.002930
142 0.002928
143 0.002939
144 0.002934
145 0.002930
146 0.002939
147 0.002935
148 0.002935
149 0.002937
150 0.002927
151 0.002925
152 0.002921
153 0.002910
154 0.002911
155 0.002903
156 0.002893
157 0.002895
158 0.002884
159 0.002877
160 0.002876
161 0.002866
162 0.002863
163 0.002859
164 0.002849
165 0.002849
166 0.002842
167 0.002833
168 0.002837
169 0.002829
170 0.002823
171 0.002824
172 0.002816
173 0.002814
174 0.002812
175 0.002805
176 0.002805
177 0.002803
178 0.002800
179 0.002808
180 0.002807
181 0.002807
182 0.002815
183 0.002815
184 0.002820
185 0.002827
186 0.002828
187 0.002835
188 0.002841
189 0.002842
190 0.002853
191 0.002855
192 0.002857
193 0.002867
194 0.002869
195 0.002874
196 0.002881
197 0.002883
198 0.002890
199 0.002895
200 0.002897
201 0.002906
202 0.002910
203 0.002912
204 0.002922
205 0.002924
206 0.002928
207 0.002936
208 0.002938
209 0.002945
210 0.002951
211 0.002953
212 0.002961
213 0.002966
214 0.002968
215 0.002978
216 0.002981
217 0.002985
218 0.002993
219 0.002996
220 0.003002
221 0.003009
222 0.003012
223 0.003020
224 0.003025
225 0.003028
226 0.003037
227 0.003042
228 0.003046
229 0.003055
230 0.003059
231 0.003064
232 0.003071
233 0.003074
234 0.003079
235 0.003083
236 0.003084
237 0.003088
238 0.003089
239 0.003088
240 0.003089
241 0.003083
242 0.003073
243 0.003063
244 0.003050
245 0.003040
246 0.003029
247 0.003016
248 0.003006
249 0.002994
250 0.002981
251 0.002972
252 0.002961
253 0.002950
254 0.002942
255 0.002931
256 0.002924
257 0.002922
258 0.002919
259 0.002919
260 0.002918
261 0.002916
262 0.002918
263 0.002918
264 0.002920
265 0.002923
266 0.002925
267 0.002928
268 0.002932
269 0.002935
270 0.002939
271 0.002943
272 0.002946
273 0.002951
274 0.002953
275 0.002955
276 0.002959
277 0.002961
278 0.002964
279 0.002967
280 0.002969
281 0.002971
282 0.002974
283 0.002976
284 0.002979
285 0.002981
286 0.002983
287 0.002985
288 0.002988
289 0.002990
290 0.002992
291 0.002994
292 0.002996
293 0.002998
294 0.003000
295 0.003002
296 0.003004
297 0.003007
298 0.003008
299 0.003011
300 0.003013
301 0.003015
302 0.003018
303 0.003019
304 0.003021
305 0.003024
306 0.003026
307 0.003028
308 0.003031
309 0.003032
310 0.003035
311 0.003037
312 0.003039
313 0.003042
314 0.003044
315 0.003045
316 0.003049
317 0.003050
318 0.003052
319 0.003056
320 0.003057
321 0.003060
322 0.003063
323 0.003064
324 0.003068
325 0.003070
326 0.003072
327 0.003076
328 0.003078
329 0.003081
330 0.003086
331 0.003087
