0 0.361327
1 0.000001
2 0.000434
3 0.000434
4 0.000439
5 0.000441
6 0.000447
7 0.000452
8 0.000459
9 0.000772
10 0.000963
11 0.001114
12 0.001155
13 0.001329
14 0.001354
15 0.001516
16 0.001554
17 0.001681
18 0.001742
19 0.001835
20 0.001915
21 0.001976
22 0.002073
23 0.002104
24 0.002214
25 0.002220
26 0.002335
27 0.002337
28 0.002419
29 0.002434
30 0.002485
31 0.002509
32 0.002533
33 0.002567
34 0.002567
35 0.002607
36 0.002588
37 0.002638
38 0.002617
39 0.002655
40 0.002643
41 0.002667
42 0.002664
43 0.002677
44 0.002694
45 0.002708
46 0.002743
47 0.002751
48 0.002793
49 0.002794
50 0.002841
51 0.002849
52 0.002889
53 0.002909
54 0.002941
55 0.002966
56 0.002990
57 0.003020
58 0.003037
59 0.003073
60 0.003084
61 0.003126
62 0.003136
63 0.003174
64 0.003189
65 0.003221
66 0.003243
67 0.003269
68 0.003297
69 0.003317
70 0.003351
71 0.003366
72 0.003406
73 0.003419
74 0.003460
75 0.003475
76 0.003510
77 0.003531
78 0.003562
79 0.003589
80 0.003615
81 0.003649
82 0.003670
83 0.003710
84 0.003728
85 0.003775
86 0.003793
87 0.003836
88 0.003862
89 0.003901
90 0.003933
91 0.003968
92 0.004007
93 0.004039
94 0.004084
95 0.004112
96 0.004164
97 0.004190
98 0.004241
99 0.004272
100 0.004319
101 0.004355
102 0.004397
103 0.004439
104 0.004478
105 0.004525
106 0.004561
107 0.004615
108 0.004647
109 0.004706
110 0.004742
111 0.004801
112 0.004849
113 0.004911
114 0.004969
115 0.005028
116 0.005092
117 0.005148
118 0.005217
119 0.005271
120 0.005348
121 0.005402
122 0.005480
123 0.005540
124 0.005613
125 0.005675
126 0.005741
127 0.005806
128 0.005864
129 0.005931
130 0.005980
131 0.006036
132 0.006057
133 0.006085
134 0.006080
135 0.006080
136 0.006057
137 0.006029
138 0.005988
139 0.005934
140 0.005871
141 0.005785
142 0.005708
143 0.005608
144 0.005531
145 0.005430
146 0.005339
147 0.005242
148 0.005171
149 0.005124
150 0.005096
151 0.005080
152 0.005076
153 0.005098
154 0.005118
155 0.005152
156 0.005178
157 0.005219
158 0.005250
159 0.005293
160 0.005332
161 0.005375
162 0.005419
163 0.005463
164 0.005513
165 0.005558
166 0.005613
167 0.005660
168 0.005719
169 0.005769
170 0.005829
171 0.005883
172 0.005943
173 0.005998
174 0.006049
175 0.006088
176 0.006101
177 0.006093
178 0.006062
179 0.006026
180 0.005973
181 0.005915
182 0.005842
183 0.005765
184 0.005678
185 0.005585
186 0.005481
187 0.005384
188 0.005324
189 0.005276
190 0.005245
191 0.005226
192 0.005225
193 0.005222
194 0.005226
195 0.005231
196 0.005239
197 0.005249
198 0.005262
199 0.005277
200 0.005294
201 0.005315
202 0.005337
203 0.005362
204 0.005387
205 0.005415
206 0.005443
207 0.005474
208 0.005505
209 0.005538
210 0.005573
211 0.005609
212 0.005645
213 0.005684
214 0.005723
215 0.005766
216 0.005808
217 0.005853
218 0.005898
219 0.005946
220 0.005994
221 0.006044
222 0.006095
223 0.006145
224 0.006188
225 0.006216
226 0.006223
227 0.006199
228 0.006163
229 0.006110
230 0.006052
231 0.005979
232 0.005899
233 0.005810
234 0.005715
235 0.005613
236 0.005497
237 0.005409
238 0.005349
239 0.005311
240 0.005281
241 0.005274
242 0.005275
243 0.005284
244 0.005295
245 0.005310
246 0.005330
247 0.005350
248 0.005377
249 0.005399
250 0.005432
251 0.005454
252 0.005489
253 0.005517
254 0.005553
255 0.005584
256 0.005621
257 0.005657
258 0.005694
259 0.005735
260 0.005771
261 0.005818
262 0.005852
263 0.005899
264 0.005927
265 0.005958
266 0.005960
267 0.005945
268 0.005905
269 0.005856
270 0.005801
271 0.005732
272 0.005663
273 0.005573
274 0.005494
275 0.005392
276 0.005300
277 0.005186
278 0.005108
279 0.005050
280 0.005008
281 0.004978
282 0.004958
283 0.004957
284 0.004950
285 0.004960
286 0.004955
287 0.004972
288 0.004974
289 0.004993
290 0.005002
291 0.005021
292 0.005036
293 0.005052
294 0.005073
295 0.005086
296 0.005113
297 0.005123
298 0.005156
299 0.005165
300 0.005198
301 0.005213
302 0.005243
303 0.005264
304 0.005289
305 0.005316
306 0.005335
307 0.005364
308 0.005370
309 0.005389
310 0.005365
311 0.005356
312 0.005305
313 0.005269
314 0.005211
315 0.005158
316 0.005095
317 0.005025
318 0.004959
319 0.004876
320 0.004809
321 0.004713
322 0.004641
323 0.004552
324 0.004501
325 0.004446
326 0.004414
327 0.004382
328 0.004360
329 0.004349
330 0.004334
331 0.004335
