0 0.361342
1 0.000001
2 0.000430
3 0.000430
4 0.000413
5 0.000354
6 0.000354
7 0.000416
8 0.000527
9 0.000527
10 0.000819
11 0.000945
12 0.000945
13 0.001115
14 0.001129
15 0.001159
16 0.001315
17 0.001314
18 0.001384
19 0.001490
20 0.001488
21 0.001585
22 0.001641
23 0.001639
24 0.001754
25 0.001770
26 0.001781
27 0.001882
28 0.001880
29 0.001910
30 0.001973
31 0.001971
32 0.002012
33 0.002044
34 0.002042
35 0.002087
36 0.002097
37 0.002096
38 0.002135
39 0.002133
40 0.002137
41 0.002154
42 0.002152
43 0.002155
44 0.002158
45 0.002156
46 0.002152
47 0.002149
48 0.002146
49 0.002131
50 0.002128
51 0.002120
52 0.002101
53 0.002098
54 0.002082
55 0.002064
56 0.002061
57 0.002037
58 0.002025
59 0.002021
60 0.001992
61 0.001986
62 0.001979
63 0.001958
64 0.001954
65 0.001945
66 0.001939
67 0.001936
68 0.001937
69 0.001943
70 0.001940
71 0.001975
72 0.001983
73 0.001984
74 0.002083
75 0.002080
76 0.002109
77 0.002180
78 0.002178
79 0.002333
80 0.002524
81 0.002523
82 0.002546
83 0.002552
84 0.002550
85 0.002581
86 0.002578
87 0.002584
88 0.002607
89 0.002604
90 0.002617
91 0.002632
92 0.002629
93 0.002649
94 0.002655
95 0.002653
96 0.002679
97 0.002677
98 0.002679
99 0.002702
100 0.002697
101 0.002706
102 0.002721
103 0.002716
104 0.002739
105 0.002750
106 0.002745
107 0.002766
108 0.002766
109 0.002765
110 0.002791
111 0.002786
112 0.002791
113 0.002806
114 0.002802
115 0.002816
116 0.002826
117 0.002823
118 0.002899
119 0.002917
120 0.002914
121 0.002943
122 0.002940
123 0.002944
124 0.002961
125 0.002958
126 0.002972
127 0.002986
128 0.002984
129 0.003002
130 0.003008
131 0.003007
132 0.003067
133 0.003069
134 0.003074
135 0.003095
136 0.003096
137 0.003109
138 0.003127
139 0.003128
140 0.003148
141 0.003159
142 0.003161
143 0.003209
144 0.003217
145 0.003223
146 0.003249
147 0.003252
148 0.003265
149 0.003285
150 0.003290
151 0.003321
152 0.003343
153 0.003348
154 0.003373
155 0.003383
156 0.003389
157 0.003417
158 0.003421
159 0.003438
160 0.003474
161 0.003477
162 0.003494
163 0.003509
164 0.003512
165 0.003533
166 0.003541
167 0.003542
168 0.003585
169 0.003585
170 0.003585
171 0.003596
172 0.003585
173 0.003581
174 0.003577
175 0.003562
176 0.003570
177 0.003563
178 0.003544
179 0.003545
180 0.003525
181 0.003509
182 0.003514
183 0.003491
184 0.003476
185 0.003465
186 0.003441
187 0.003439
188 0.003431
189 0.003416
190 0.003419
191 0.003411
192 0.003408
193 0.003429
194 0.003426
195 0.003435
196 0.003454
197 0.003462
198 0.003488
199 0.003511
200 0.003522
201 0.003548
202 0.003562
203 0.003575
204 0.003614
205 0.003626
206 0.003643
207 0.003668
208 0.003679
209 0.003700
210 0.003722
211 0.003730
212 0.003752
213 0.003766
214 0.003775
215 0.003811
216 0.003822
217 0.003834
218 0.003857
219 0.003868
220 0.003888
221 0.003914
222 0.003925
223 0.003945
224 0.003961
225 0.003973
226 0.004006
227 0.004019
228 0.004033
229 0.004056
230 0.004067
231 0.004088
232 0.004114
233 0.004126
234 0.004145
235 0.004162
236 0.004175
237 0.004206
238 0.004223
239 0.004237
240 0.004263
241 0.004277
242 0.004299
243 0.004329
244 0.004344
245 0.004367
246 0.004389
247 0.004405
248 0.004439
249 0.004461
250 0.004478
251 0.004508
252 0.004526
253 0.004549
254 0.004585
255 0.004605
256 0.004630
257 0.004656
258 0.004678
259 0.004714
260 0.004743
261 0.004767
262 0.004802
263 0.004828
264 0.004857
265 0.004900
266 0.004928
267 0.004959
268 0.004996
269 0.005025
270 0.005066
271 0.005105
272 0.005139
273 0.005181
274 0.005220
275 0.005257
276 0.005304
277 0.005336
278 0.005372
279 0.005413
280 0.005449
281 0.005498
282 0.005549
283 0.005595
284 0.005640
285 0.005662
286 0.005672
287 0.005676
288 0.005649
289 0.005617
290 0.005586
291 0.005550
292 0.005519
293 0.005488
294 0.005449
295 0.005413
296 0.005375
297 0.005335
298 0.005305
299 0.005264
300 0.005222
301 0.005182
302 0.005139
303 0.005103
304 0.005075
305 0.005047
306 0.005029
307 0.005017
308 0.005006
309 0.005003
310 0.004998
311 0.004995
312 0.004998
313 0.004999
314 0.005004
315 0.005012
316 0.005020
317 0.005033
318 0.005046
319 0.005060
320 0.005078
321 0.005097
322 0.005116
323 0.005138
324 0.005160
325 0.005184
326 0.005211
327 0.005238
328 0.005267
329 0.005298
330 0.005330
331 0.005363
