0 0.361330
1 0.000001
2 0.000846
3 0.000907
4 0.001386
5 0.001579
6 0.002024
7 0.002313
8 0.002648
9 0.003219
10 0.003590
11 0.004095
12 0.004253
13 0.004829
14 0.004937
15 0.005449
16 0.005589
17 0.005979
18 0.006175
19 0.006459
20 0.006693
21 0.006884
22 0.007138
23 0.007247
24 0.007501
25 0.007549
26 0.007775
27 0.007800
28 0.007930
29 0.007946
30 0.007996
31 0.007998
32 0.008003
33 0.007988
34 0.007964
35 0.007924
36 0.007888
37 0.007816
38 0.007773
39 0.007681
40 0.007622
41 0.007525
42 0.007444
43 0.007355
44 0.007253
45 0.007180
46 0.007064
47 0.007012
48 0.006891
49 0.006857
50 0.006755
51 0.006727
52 0.006670
53 0.006617
54 0.006566
55 0.006596
56 0.006611
57 0.006624
58 0.006585
59 0.006557
60 0.006437
61 0.006332
62 0.006111
63 0.005888
64 0.005569
65 0.005210
66 0.004805
67 0.004413
68 0.004099
69 0.003867
70 0.003713
71 0.003529
72 0.003348
73 0.003175
74 0.003187
75 0.003202
76 0.003237
77 0.003258
78 0.003289
79 0.003316
80 0.003341
81 0.003374
82 0.003396
83 0.003435
84 0.003452
85 0.003496
86 0.003514
87 0.003554
88 0.003578
89 0.003614
90 0.003644
91 0.003676
92 0.003712
93 0.003741
94 0.003784
95 0.003810
96 0.003858
97 0.003884
98 0.003930
99 0.003960
100 0.004007
101 0.004044
102 0.004089
103 0.004133
104 0.004176
105 0.004230
106 0.004275
107 0.004338
108 0.004383
109 0.004454
110 0.004503
111 0.004573
112 0.004631
113 0.004700
114 0.004764
115 0.004828
116 0.004897
117 0.004958
118 0.005032
119 0.005088
120 0.005166
121 0.005222
122 0.005298
123 0.005357
124 0.005432
125 0.005499
126 0.005574
127 0.005649
128 0.005722
129 0.005806
130 0.005880
131 0.005975
132 0.006052
133 0.006157
134 0.006245
135 0.006355
136 0.006459
137 0.006577
138 0.006701
139 0.006835
140 0.006981
141 0.007118
142 0.007265
143 0.007359
144 0.007450
145 0.007499
146 0.007551
147 0.007571
148 0.007591
149 0.007590
150 0.007576
151 0.007548
152 0.007500
153 0.007450
154 0.007385
155 0.007342
156 0.007291
157 0.007269
158 0.007237
159 0.007220
160 0.007205
161 0.007200
162 0.007197
163 0.007192
164 0.007189
165 0.007178
166 0.007177
167 0.007165
168 0.007170
169 0.007160
170 0.007158
171 0.007147
172 0.007141
173 0.007133
174 0.007129
175 0.007126
176 0.007116
177 0.007111
178 0.007101
179 0.007100
180 0.007096
181 0.007100
182 0.007094
183 0.007093
184 0.007086
185 0.007080
186 0.007070
187 0.007056
188 0.007041
189 0.007023
190 0.007010
191 0.006995
192 0.006988
193 0.006979
194 0.006974
195 0.006966
196 0.006959
197 0.006954
198 0.006952
199 0.006948
200 0.006939
201 0.006929
202 0.006919
203 0.006915
204 0.006910
205 0.006903
206 0.006894
207 0.006886
208 0.006878
209 0.006874
210 0.006868
211 0.006859
212 0.006849
213 0.006841
214 0.006836
215 0.006832
216 0.006823
217 0.006815
218 0.006805
219 0.006799
220 0.006797
221 0.006794
222 0.006789
223 0.006781
224 0.006776
225 0.006771
226 0.006771
227 0.006762
228 0.006757
229 0.006744
230 0.006734
231 0.006719
232 0.006705
233 0.006690
234 0.006675
235 0.006662
236 0.006647
237 0.006638
238 0.006624
239 0.006620
240 0.006607
241 0.006603
242 0.006595
243 0.006593
244 0.006586
245 0.006577
246 0.006569
247 0.006557
248 0.006553
249 0.006543
250 0.006545
251 0.006530
252 0.006527
253 0.006512
254 0.006507
255 0.006498
256 0.006491
257 0.006485
258 0.006476
259 0.006472
260 0.006460
261 0.006461
262 0.006447
263 0.006447
264 0.006432
265 0.006433
266 0.006422
267 0.006417
268 0.006406
269 0.006396
270 0.006388
271 0.006373
272 0.006368
273 0.006347
274 0.006345
275 0.006321
276 0.006317
277 0.006297
278 0.006291
279 0.006278
280 0.006271
281 0.006263
282 0.006251
283 0.006247
284 0.006228
285 0.006228
286 0.006205
287 0.006206
288 0.006185
289 0.006185
290 0.006171
291 0.006165
292 0.006153
293 0.006141
294 0.006134
295 0.006115
296 0.006113
297 0.006093
298 0.006099
299 0.006077
300 0.006080
301 0.006060
302 0.006055
303 0.006039
304 0.006027
305 0.006019
306 0.006005
307 0.006005
308 0.005983
309 0.005986
310 0.005955
311 0.005958
312 0.005931
313 0.005928
314 0.005911
315 0.005908
316 0.005900
317 0.005889
318 0.005887
319 0.005869
320 0.005876
321 0.005851
322 0.005861
323 0.005833
324 0.005838
325 0.005815
326 0.005810
327 0.005791
328 0.005774
329 0.005760
330 0.005734
331 0.005726
