0 0.361342
1 0.000001
2 0.000089
3 0.000089
4 0.000089
5 0.000089
6 0.000089
7 0.000089
8 0.000089
9 0.000089
10 0.000089
11 0.000089
12 0.000089
13 0.000089
14 0.000089
15 0.000089
16 0.000089
17 0.000089
18 0.000089
19 0.000089
20 0.000088
21 0.000089
22 0.000089
23 0.000089
24 0.000089
25 0.000089
26 0.000113
27 0.000330
28 0.000330
29 0.000329
30 0.000330
31 0.000330
32 0.000411
33 0.000474
34 0.000474
35 0.000474
36 0.000474
37 0.000478
38 0.000599
39 0.000599
40 0.000624
41 0.000691
42 0.000692
43 0.000741
44 0.000791
45 0.000791
46 0.000868
47 0.000896
48 0.000897
49 0.001005
50 0.001010
51 0.001034
52 0.001129
53 0.001129
54 0.001184
55 0.001256
56 0.001256
57 0.001343
58 0.001387
59 0.001387
60 0.001510
61 0.001523
62 0.001542
63 0.001666
64 0.001664
65 0.001719
66 0.001813
67 0.001813
68 0.001908
69 0.001972
70 0.001975
71 0.002113
72 0.002143
73 0.002156
74 0.002317
75 0.002317
76 0.002370
77 0.002492
78 0.002491
79 0.002587
80 0.002670
81 0.002668
82 0.002835
83 0.002883
84 0.002880
85 0.003126
86 0.003122
87 0.003175
88 0.003356
89 0.003351
90 0.003458
91 0.003586
92 0.003592
93 0.003760
94 0.003835
95 0.003836
96 0.004041
97 0.004050
98 0.004081
99 0.004262
100 0.004270
101 0.004364
102 0.004502
103 0.004509
104 0.004638
105 0.004706
106 0.004699
107 0.004874
108 0.004913
109 0.004944
110 0.005135
111 0.005137
112 0.005193
113 0.005312
114 0.005311
115 0.005430
116 0.005526
117 0.005541
118 0.005685
119 0.005712
120 0.005709
121 0.005887
122 0.005907
123 0.005971
124 0.006101
125 0.006093
126 0.006166
127 0.006260
128 0.006283
129 0.006423
130 0.006470
131 0.006463
132 0.006607
133 0.006634
134 0.006690
135 0.006819
136 0.006815
137 0.006871
138 0.006943
139 0.006931
140 0.007010
141 0.007046
142 0.007069
143 0.007215
144 0.007231
145 0.007236
146 0.007344
147 0.007374
148 0.007450
149 0.007534
150 0.007524
151 0.007595
152 0.007675
153 0.007709
154 0.007804
155 0.007808
156 0.007821
157 0.007954
158 0.007987
159 0.008018
160 0.008080
161 0.008104
162 0.008194
163 0.008266
164 0.008258
165 0.008323
166 0.008379
167 0.008420
168 0.008514
169 0.008505
170 0.008540
171 0.008635
172 0.008631
173 0.008649
174 0.008663
175 0.008630
176 0.008633
177 0.008627
178 0.008620
179 0.008653
180 0.008609
181 0.008543
182 0.008545
183 0.008478
184 0.008371
185 0.008215
186 0.008010
187 0.007880
188 0.008040
189 0.008309
190 0.008627
191 0.008961
192 0.009351
193 0.009819
194 0.010308
195 0.010812
196 0.011339
197 0.011847
198 0.012333
199 0.012733
200 0.013079
201 0.013475
202 0.013864
203 0.014221
204 0.014660
205 0.015238
206 0.015828
207 0.016407
208 0.017125
209 0.018195
210 0.019206
211 0.020367
212 0.021782
213 0.023619
214 0.025852
215 0.029568
216 0.034223
217 0.034271
218 0.032120
219 0.028557
220 0.021617
221 0.010901
222 0.010921
223 0.010916
224 0.010929
225 0.010958
226 0.010948
227 0.010982
228 0.011015
229 0.011001
230 0.011029
231 0.011034
232 0.011025
233 0.011058
234 0.011053
235 0.011065
236 0.011112
237 0.011086
238 0.011103
239 0.011118
240 0.011054
241 0.011070
242 0.011057
243 0.011003
244 0.011014
245 0.010970
246 0.010932
247 0.010944
248 0.010869
249 0.010856
250 0.010868
251 0.010762
252 0.010774
253 0.010759
254 0.010674
255 0.010688
256 0.010638
257 0.010580
258 0.010594
259 0.010507
260 0.010478
261 0.010491
262 0.010360
263 0.010362
264 0.010345
265 0.010218
266 0.010224
267 0.010159
268 0.010055
269 0.010052
270 0.009936
271 0.009867
272 0.009862
273 0.009701
274 0.009696
275 0.009693
276 0.009532
277 0.009545
278 0.009506
279 0.009400
280 0.009431
281 0.009342
282 0.009281
283 0.009314
284 0.009169
285 0.009160
286 0.009190
287 0.009003
288 0.009046
289 0.009026
290 0.008894
291 0.008948
292 0.008878
293 0.008813
294 0.008882
295 0.008755
296 0.008760
297 0.008842
298 0.008645
299 0.008721
300 0.008749
301 0.008593
302 0.008686
303 0.008641
304 0.008544
305 0.008627
306 0.008472
307 0.008420
308 0.008474
309 0.008195
310 0.008193
311 0.008181
312 0.007890
313 0.007926
314 0.007818
315 0.007600
316 0.007628
317 0.007407
318 0.007261
319 0.007276
320 0.006935
321 0.006871
322 0.006847
323 0.006444
324 0.006447
325 0.006316
326 0.006006
327 0.006012
328 0.005773
329 0.005568
330 0.005577
331 0.005224
