0 0.361342
1 0.000001
2 0.000043
3 0.000043
4 0.000043
5 0.000043
6 0.000043
7 0.000047
8 0.000054
9 0.000054
10 0.000054
11 0.000054
12 0.000054
13 0.000069
14 0.000070
15 0.000070
16 0.000070
17 0.000070
18 0.000077
19 0.000089
20 0.000089
21 0.000089
22 0.000089
23 0.000089
24 0.000106
25 0.000109
26 0.000109
27 0.000109
28 0.000109
29 0.000116
30 0.000129
31 0.000129
32 0.000129
33 0.000129
34 0.000129
35 0.000145
36 0.000150
37 0.000149
38 0.000149
39 0.000149
40 0.000155
41 0.000170
42 0.000170
43 0.000170
44 0.000170
45 0.000170
46 0.000185
47 0.000190
48 0.000190
49 0.000190
50 0.000190
51 0.000194
52 0.000210
53 0.000210
54 0.000210
55 0.000210
56 0.000210
57 0.000224
58 0.000230
59 0.000230
60 0.000230
61 0.000230
62 0.000233
63 0.000250
64 0.000250
65 0.000250
66 0.000250
67 0.000250
68 0.000261
69 0.000269
70 0.000269
71 0.000269
72 0.000269
73 0.000271
74 0.000303
75 0.000303
76 0.000303
77 0.000303
78 0.000302
79 0.000313
80 0.000321
81 0.000321
82 0.000321
83 0.000321
84 0.000320
85 0.000339
86 0.000339
87 0.000339
88 0.000339
89 0.000338
90 0.000347
91 0.000357
92 0.000356
93 0.000356
94 0.000356
95 0.000356
96 0.000373
97 0.000374
98 0.000374
99 0.000374
100 0.000373
101 0.000381
102 0.000391
103 0.000391
104 0.000391
105 0.000391
106 0.000390
107 0.000413
108 0.000417
109 0.000416
110 0.000416
111 0.000416
112 0.000422
113 0.000433
114 0.000433
115 0.000433
116 0.000432
117 0.000432
118 0.000446
119 0.000449
120 0.000449
121 0.000448
122 0.000448
123 0.000452
124 0.000465
125 0.000465
126 0.000464
127 0.000464
128 0.000464
129 0.000476
130 0.000480
131 0.000480
132 0.000480
133 0.000479
134 0.000484
135 0.000502
136 0.000502
137 0.000502
138 0.000501
139 0.000501
140 0.000512
141 0.000517
142 0.000517
143 0.000516
144 0.000516
145 0.000518
146 0.000532
147 0.000531
148 0.000531
149 0.000531
150 0.000530
151 0.000540
152 0.000546
153 0.000545
154 0.000545
155 0.000545
156 0.000546
157 0.000566
158 0.000565
159 0.000565
160 0.000565
161 0.000564
162 0.000572
163 0.000579
164 0.000579
165 0.000578
166 0.000578
167 0.000578
168 0.000593
169 0.000592
170 0.000592
171 0.000592
172 0.000591
173 0.000598
174 0.000606
175 0.000605
176 0.000605
177 0.000605
178 0.000604
179 0.000622
180 0.000623
181 0.000623
182 0.000622
183 0.000622
184 0.000627
185 0.000636
186 0.000635
187 0.000635
188 0.000635
189 0.000634
190 0.000646
191 0.000648
192 0.000647
193 0.000647
194 0.000647
195 0.000653
196 0.000664
197 0.000664
198 0.000663
199 0.000663
200 0.000663
201 0.000674
202 0.000676
203 0.000676
204 0.000676
205 0.000676
206 0.000679
207 0.000690
208 0.000689
209 0.000689
210 0.000689
211 0.000689
212 0.000702
213 0.000706
214 0.000706
215 0.000706
216 0.000706
217 0.000709
218 0.000720
219 0.000719
220 0.000719
221 0.000719
222 0.000719
223 0.000728
224 0.000733
225 0.000733
226 0.000733
227 0.000733
228 0.000735
229 0.000750
230 0.000750
231 0.000750
232 0.000750
233 0.000750
234 0.000758
235 0.000764
236 0.000764
237 0.000764
238 0.000764
239 0.000765
240 0.000777
241 0.000777
242 0.000778
243 0.000778
244 0.000778
245 0.000787
246 0.000794
247 0.000795
248 0.000795
249 0.000795
250 0.000795
251 0.000808
252 0.000808
253 0.000808
254 0.000808
255 0.000809
256 0.000815
257 0.000822
258 0.000822
259 0.000822
260 0.000822
261 0.000822
262 0.000837
263 0.000838
264 0.000838
265 0.000838
266 0.000838
267 0.000843
268 0.000851
269 0.000851
270 0.000851
271 0.000851
272 0.000851
273 0.000862
274 0.000864
275 0.000864
276 0.000864
277 0.000864
278 0.000869
279 0.000880
280 0.000880
281 0.000880
282 0.000880
283 0.000880
284 0.000890
285 0.000893
286 0.000892
287 0.000893
288 0.000893
289 0.000896
290 0.000905
291 0.000905
292 0.000905
293 0.000905
294 0.000905
295 0.000916
296 0.000920
297 0.000920
298 0.000920
299 0.000920
300 0.000923
301 0.000932
302 0.000932
303 0.000932
304 0.000932
305 0.000933
306 0.000942
307 0.000946
308 0.000946
309 0.000947
310 0.000947
311 0.000948
312 0.000958
313 0.000958
314 0.000959
315 0.000959
316 0.000959
317 0.000967
318 0.000972
319 0.000972
320 0.000973
321 0.000973
322 0.000974
323 0.000984
324 0.000984
325 0.000985
326 0.000985
327 0.000985
328 0.000992
329 0.000998
330 0.000998
331 0.000998
