0 0.361342
1 0.000001
2 0.000045
3 0.000045
4 0.000044
5 0.000045
6 0.000044
7 0.000044
8 0.000044
9 0.000045
10 0.000044
11 0.000044
12 0.000044
13 0.000044
14 0.000044
15 0.000044
16 0.000044
17 0.000044
18 0.000044
19 0.000044
20 0.000045
21 0.000045
22 0.000045
23 0.000044
24 0.000044
25 0.000045
26 0.000045
27 0.000045
28 0.000045
29 0.000045
30 0.000044
31 0.000044
32 0.000044
33 0.000044
34 0.000045
35 0.000045
36 0.000044
37 0.000045
38 0.000044
39 0.000044
40 0.000044
41 0.000044
42 0.000045
43 0.000044
44 0.000045
45 0.000044
46 0.000044
47 0.000044
48 0.000044
49 0.000044
50 0.000045
51 0.000068
52 0.000165
53 0.000165
54 0.000165
55 0.000165
56 0.000165
57 0.000164
58 0.000165
59 0.000165
60 0.000165
61 0.000165
62 0.000174
63 0.000237
64 0.000237
65 0.000237
66 0.000237
67 0.000237
68 0.000237
69 0.000237
70 0.000237
71 0.000237
72 0.000237
73 0.000242
74 0.000300
75 0.000300
76 0.000300
77 0.000300
78 0.000300
79 0.000325
80 0.000346
81 0.000346
82 0.000346
83 0.000346
84 0.000346
85 0.000395
86 0.000396
87 0.000396
88 0.000396
89 0.000396
90 0.000421
91 0.000449
92 0.000449
93 0.000449
94 0.000449
95 0.000449
96 0.000501
97 0.000505
98 0.000506
99 0.000506
100 0.000506
101 0.000530
102 0.000565
103 0.000566
104 0.000566
105 0.000566
106 0.000566
107 0.000620
108 0.000629
109 0.000629
110 0.000629
111 0.000629
112 0.000651
113 0.000695
114 0.000695
115 0.000695
116 0.000695
117 0.000695
118 0.000750
119 0.000764
120 0.000763
121 0.000764
122 0.000764
123 0.000783
124 0.000836
125 0.000835
126 0.000835
127 0.000835
128 0.000834
129 0.000890
130 0.000910
131 0.000910
132 0.000910
133 0.000910
134 0.000926
135 0.000989
136 0.000989
137 0.000990
138 0.000990
139 0.000991
140 0.001046
141 0.001075
142 0.001075
143 0.001075
144 0.001076
145 0.001088
146 0.001163
147 0.001163
148 0.001164
149 0.001164
150 0.001164
151 0.001217
152 0.001252
153 0.001252
154 0.001252
155 0.001251
156 0.001257
157 0.001342
158 0.001342
159 0.001342
160 0.001341
161 0.001341
162 0.001400
163 0.001451
164 0.001450
165 0.001449
166 0.001448
167 0.001448
168 0.001573
169 0.001572
170 0.001571
171 0.001570
172 0.001569
173 0.001625
174 0.001689
175 0.001688
176 0.001687
177 0.001686
178 0.001684
179 0.001796
180 0.001804
181 0.001805
182 0.001806
183 0.001808
184 0.001856
185 0.001928
186 0.001930
187 0.001931
188 0.001931
189 0.001932
190 0.002029
191 0.002043
192 0.002041
193 0.002040
194 0.002038
195 0.002074
196 0.002147
197 0.002148
198 0.002149
199 0.002151
200 0.002154
201 0.002242
202 0.002267
203 0.002269
204 0.002272
205 0.002273
206 0.002301
207 0.002377
208 0.002375
209 0.002373
210 0.002371
211 0.002370
212 0.002444
213 0.002472
214 0.002475
215 0.002478
216 0.002481
217 0.002504
218 0.002588
219 0.002591
220 0.002593
221 0.002592
222 0.002591
223 0.002653
224 0.002684
225 0.002681
226 0.002680
227 0.002681
228 0.002697
229 0.002782
230 0.002786
231 0.002790
232 0.002794
233 0.002798
234 0.002854
235 0.002889
236 0.002887
237 0.002885
238 0.002882
239 0.002886
240 0.002971
241 0.002974
242 0.002979
243 0.002984
244 0.002989
245 0.003040
246 0.003084
247 0.003083
248 0.003082
249 0.003079
250 0.003077
251 0.003159
252 0.003160
253 0.003165
254 0.003170
255 0.003176
256 0.003220
257 0.003270
258 0.003273
259 0.003272
260 0.003270
261 0.003268
262 0.003339
263 0.003345
264 0.003349
265 0.003355
266 0.003363
267 0.003399
268 0.003450
269 0.003450
270 0.003449
271 0.003448
272 0.003447
273 0.003509
274 0.003516
275 0.003514
276 0.003511
277 0.003508
278 0.003528
279 0.003571
280 0.003567
281 0.003566
282 0.003571
283 0.003578
284 0.003639
285 0.003660
286 0.003663
287 0.003661
288 0.003659
289 0.003672
290 0.003717
291 0.003719
292 0.003726
293 0.003734
294 0.003742
295 0.003796
296 0.003817
297 0.003816
298 0.003814
299 0.003811
300 0.003821
301 0.003871
302 0.003879
303 0.003889
304 0.003897
305 0.003906
306 0.003947
307 0.003964
308 0.003960
309 0.003956
310 0.003955
311 0.003967
312 0.004022
313 0.004031
314 0.004041
315 0.004048
316 0.004051
317 0.004079
318 0.004098
319 0.004095
320 0.004099
321 0.004108
322 0.004121
323 0.004176
324 0.004186
325 0.004191
326 0.004190
327 0.004187
328 0.004208
329 0.004231
330 0.004239
331 0.004249
