0 0.361342
1 0.000001
2 0.000318
3 0.000319
4 0.000463
5 0.000935
6 0.000935
7 0.001207
8 0.001519
9 0.001519
10 0.001905
11 0.002072
12 0.002072
13 0.002557
14 0.002593
15 0.002675
16 0.003083
17 0.003084
18 0.003268
19 0.003543
20 0.003545
21 0.003815
22 0.003973
23 0.003975
24 0.004317
25 0.004372
26 0.004411
27 0.004738
28 0.004742
29 0.004855
30 0.005077
31 0.005081
32 0.005253
33 0.005385
34 0.005390
35 0.005606
36 0.005663
37 0.005676
38 0.005905
39 0.005911
40 0.005969
41 0.006122
42 0.006127
43 0.006216
44 0.006306
45 0.006311
46 0.006416
47 0.006457
48 0.006463
49 0.006568
50 0.006577
51 0.006597
52 0.006659
53 0.006665
54 0.006687
55 0.006714
56 0.006720
57 0.006728
58 0.006736
59 0.006742
60 0.006722
61 0.006724
62 0.006722
63 0.006674
64 0.006680
65 0.006650
66 0.006596
67 0.006600
68 0.006530
69 0.006483
70 0.006487
71 0.006358
72 0.006335
73 0.006325
74 0.006151
75 0.006153
76 0.006089
77 0.005937
78 0.005939
79 0.005806
80 0.005691
81 0.005691
82 0.005626
83 0.005610
84 0.005606
85 0.005758
86 0.005747
87 0.005788
88 0.005983
89 0.005965
90 0.006092
91 0.006255
92 0.006232
93 0.006465
94 0.006556
95 0.006528
96 0.006920
97 0.006919
98 0.006960
99 0.007307
100 0.007271
101 0.007421
102 0.007671
103 0.007632
104 0.007899
105 0.008041
106 0.008001
107 0.008393
108 0.008419
109 0.008427
110 0.008844
111 0.008802
112 0.008930
113 0.009233
114 0.009192
115 0.009444
116 0.009630
117 0.009592
118 0.009968
119 0.010036
120 0.010019
121 0.010483
122 0.010453
123 0.010559
124 0.010906
125 0.010881
126 0.011108
127 0.011339
128 0.011321
129 0.011666
130 0.011783
131 0.011771
132 0.012230
133 0.012237
134 0.012324
135 0.012695
136 0.012686
137 0.012877
138 0.013131
139 0.013124
140 0.013417
141 0.013563
142 0.013559
143 0.013948
144 0.013989
145 0.014042
146 0.014409
147 0.014409
148 0.014561
149 0.014819
150 0.014817
151 0.015051
152 0.015204
153 0.015197
154 0.015510
155 0.015565
156 0.015582
157 0.015918
158 0.015908
159 0.016002
160 0.016239
161 0.016227
162 0.016395
163 0.016543
164 0.016538
165 0.016812
166 0.016944
167 0.017020
168 0.017415
169 0.017494
170 0.017638
171 0.017935
172 0.018004
173 0.018199
174 0.018409
175 0.018467
176 0.018700
177 0.018820
178 0.018838
179 0.019060
180 0.019060
181 0.019085
182 0.019268
183 0.019262
184 0.019343
185 0.019468
186 0.019459
187 0.019578
188 0.019641
189 0.019630
190 0.019789
191 0.019806
192 0.019816
193 0.019967
194 0.019959
195 0.020005
196 0.020106
197 0.020098
198 0.020177
199 0.020235
200 0.020231
201 0.020335
202 0.020360
203 0.020363
204 0.020480
205 0.020482
206 0.020515
207 0.020602
208 0.020612
209 0.020668
210 0.020721
211 0.020729
212 0.020796
213 0.020834
214 0.020856
215 0.020990
216 0.021024
217 0.021042
218 0.021031
219 0.021066
220 0.021266
221 0.021554
222 0.021615
223 0.021606
224 0.021603
225 0.021611
226 0.021514
227 0.021513
228 0.021504
229 0.021403
230 0.021408
231 0.021362
232 0.021278
233 0.021281
234 0.021205
235 0.021216
236 0.021309
237 0.021279
238 0.021354
239 0.021468
240 0.021775
241 0.021875
242 0.021938
243 0.021954
244 0.022042
245 0.022061
246 0.022084
247 0.022160
248 0.022124
249 0.022159
250 0.022225
251 0.022129
252 0.022188
253 0.022205
254 0.022124
255 0.022178
256 0.022138
257 0.022081
258 0.022128
259 0.022022
260 0.022000
261 0.022039
262 0.021862
263 0.021881
264 0.021874
265 0.021700
266 0.021731
267 0.021651
268 0.021517
269 0.021538
270 0.021378
271 0.021292
272 0.021305
273 0.021059
274 0.021029
275 0.021003
276 0.020729
277 0.020731
278 0.020623
279 0.020403
280 0.020396
281 0.020196
282 0.020040
283 0.020030
284 0.019735
285 0.019652
286 0.019628
287 0.019261
288 0.019251
289 0.019141
290 0.018854
291 0.018847
292 0.018645
293 0.018442
294 0.018431
295 0.018115
296 0.017992
297 0.017975
298 0.017552
299 0.017524
300 0.017422
301 0.017060
302 0.017048
303 0.016841
304 0.016574
305 0.016562
306 0.016244
307 0.016078
308 0.016067
309 0.015627
310 0.015570
311 0.015492
312 0.015059
313 0.015047
314 0.014853
315 0.014525
316 0.014515
317 0.014196
318 0.013980
319 0.013970
320 0.013524
321 0.013425
322 0.013379
323 0.012866
324 0.012860
325 0.012686
326 0.012289
327 0.012282
328 0.011974
329 0.011705
330 0.011702
331 0.011250
