0 0.361143
1 0.000001
2 0.000032
3 0.000032
4 0.000033
5 0.000032
6 0.000032
7 0.000064
8 0.000102
9 0.000102
10 0.000102
11 0.000102
12 0.000102
13 0.000165
14 0.000170
15 0.000170
16 0.000170
17 0.000170
18 0.000196
19 0.000235
20 0.000235
21 0.000235
22 0.000235
23 0.000235
24 0.000290
25 0.000299
26 0.000299
27 0.000299
28 0.000299
29 0.000319
30 0.000360
31 0.000360
32 0.000360
33 0.000360
34 0.000360
35 0.000407
36 0.000419
37 0.000419
38 0.000419
39 0.000419
40 0.000434
41 0.000476
42 0.000476
43 0.000476
44 0.000476
45 0.000476
46 0.000516
47 0.000531
48 0.000531
49 0.000531
50 0.000531
51 0.000541
52 0.000583
53 0.000583
54 0.000583
55 0.000583
56 0.000584
57 0.000617
58 0.000633
59 0.000633
60 0.000633
61 0.000634
62 0.000640
63 0.000681
64 0.000681
65 0.000681
66 0.000682
67 0.000682
68 0.000709
69 0.000727
70 0.000727
71 0.000727
72 0.000727
73 0.000730
74 0.000770
75 0.000770
76 0.000771
77 0.000771
78 0.000771
79 0.000792
80 0.000811
81 0.000811
82 0.000812
83 0.000812
84 0.000812
85 0.000850
86 0.000850
87 0.000850
88 0.000850
89 0.000850
90 0.000866
91 0.000886
92 0.000886
93 0.000885
94 0.000885
95 0.000885
96 0.000916
97 0.000918
98 0.000918
99 0.000918
100 0.000918
101 0.000930
102 0.000948
103 0.000948
104 0.000948
105 0.000947
106 0.000947
107 0.000972
108 0.000975
109 0.000975
110 0.000974
111 0.000974
112 0.000982
113 0.000999
114 0.000999
115 0.000998
116 0.000998
117 0.000998
118 0.001016
119 0.001020
120 0.001019
121 0.001019
122 0.001018
123 0.001023
124 0.001039
125 0.001038
126 0.001037
127 0.001037
128 0.001036
129 0.001049
130 0.001054
131 0.001053
132 0.001053
133 0.001052
134 0.001055
135 0.001068
136 0.001067
137 0.001067
138 0.001066
139 0.001066
140 0.001074
141 0.001078
142 0.001078
143 0.001077
144 0.001077
145 0.001078
146 0.001087
147 0.001087
148 0.001086
149 0.001085
150 0.001085
151 0.001090
152 0.001093
153 0.001093
154 0.001092
155 0.001091
156 0.001091
157 0.001097
158 0.001097
159 0.001096
160 0.001095
161 0.001095
162 0.001097
163 0.001099
164 0.001098
165 0.001098
166 0.001097
167 0.001097
168 0.001101
169 0.001100
170 0.001100
171 0.001099
172 0.001099
173 0.001101
174 0.001103
175 0.001103
176 0.001102
177 0.001102
178 0.001102
179 0.001106
180 0.001106
181 0.001106
182 0.001105
183 0.001105
184 0.001098
185 0.001089
186 0.001089
187 0.001089
188 0.001089
189 0.001089
190 0.001087
191 0.001087
192 0.001087
193 0.001087
194 0.001087
195 0.001087
196 0.001089
197 0.001089
198 0.001089
199 0.001089
200 0.001089
201 0.001093
202 0.001094
203 0.001094
204 0.001095
205 0.001095
206 0.001095
207 0.001095
208 0.001095
209 0.001095
210 0.001095
211 0.001096
212 0.001077
213 0.001072
214 0.001072
215 0.001072
216 0.001072
217 0.001073
218 0.001075
219 0.001075
220 0.001075
221 0.001075
222 0.001075
223 0.001077
224 0.001078
225 0.001078
226 0.001078
227 0.001078
228 0.001079
229 0.001081
230 0.001082
231 0.001082
232 0.001082
233 0.001082
234 0.001079
235 0.001077
236 0.001077
237 0.001077
238 0.001077
239 0.001078
240 0.001081
241 0.001081
242 0.001081
243 0.001081
244 0.001081
245 0.001083
246 0.001084
247 0.001084
248 0.001085
249 0.001085
250 0.001085
251 0.001082
252 0.001082
253 0.001082
254 0.001082
255 0.001082
256 0.001083
257 0.001085
258 0.001085
259 0.001085
260 0.001085
261 0.001085
262 0.001088
263 0.001088
264 0.001089
265 0.001088
266 0.001088
267 0.001088
268 0.001087
269 0.001087
270 0.001087
271 0.001087
272 0.001087
273 0.001090
274 0.001091
275 0.001090
276 0.001090
277 0.001090
278 0.001090
279 0.001090
280 0.001090
281 0.001090
282 0.001090
283 0.001090
284 0.001093
285 0.001093
286 0.001093
287 0.001093
288 0.001093
289 0.001093
290 0.001093
291 0.001093
292 0.001093
293 0.001093
294 0.001092
295 0.001095
296 0.001096
297 0.001096
298 0.001096
299 0.001095
300 0.001095
301 0.001096
302 0.001095
303 0.001095
304 0.001095
305 0.001095
306 0.001097
307 0.001098
308 0.001098
309 0.001097
310 0.001097
311 0.001097
312 0.001097
313 0.001097
314 0.001097
315 0.001096
316 0.001096
317 0.001098
318 0.001099
319 0.001099
320 0.001098
321 0.001098
322 0.001097
323 0.001098
324 0.001098
325 0.001097
326 0.001097
327 0.001096
328 0.001098
329 0.001099
330 0.001099
331 0.001098
