0 0.361342
1 0.000001
2 0.000536
3 0.000535
4 0.000535
5 0.000535
6 0.000534
7 0.000534
8 0.000533
9 0.000533
10 0.000533
11 0.000532
12 0.000531
13 0.001124
14 0.001164
15 0.001202
16 0.001399
17 0.001396
18 0.001485
19 0.001620
20 0.001616
21 0.001753
22 0.001830
23 0.001825
24 0.002005
25 0.002027
26 0.002041
27 0.002219
28 0.002212
29 0.002271
30 0.002394
31 0.002385
32 0.002483
33 0.002555
34 0.002546
35 0.002679
36 0.002705
37 0.002699
38 0.002853
39 0.002841
40 0.002873
41 0.002979
42 0.002966
43 0.003030
44 0.003094
45 0.003080
46 0.003172
47 0.003197
48 0.003181
49 0.003300
50 0.003288
51 0.003299
52 0.003386
53 0.003370
54 0.003406
55 0.003459
56 0.003442
57 0.003501
58 0.003522
59 0.003505
60 0.003584
61 0.003577
62 0.003573
63 0.003642
64 0.003624
65 0.003641
66 0.003682
67 0.003665
68 0.003699
69 0.003716
70 0.003700
71 0.003749
72 0.003745
73 0.003734
74 0.003785
75 0.003770
76 0.003774
77 0.003804
78 0.003789
79 0.003806
80 0.003819
81 0.003805
82 0.003832
83 0.003830
84 0.003817
85 0.003855
86 0.003841
87 0.003839
88 0.003865
89 0.003851
90 0.003861
91 0.003874
92 0.003861
93 0.003882
94 0.003883
95 0.003869
96 0.003900
97 0.003889
98 0.003883
99 0.003908
100 0.003894
101 0.003899
102 0.003912
103 0.003897
104 0.003911
105 0.003913
106 0.003898
107 0.003921
108 0.003912
109 0.003902
110 0.003925
111 0.003910
112 0.003909
113 0.003922
114 0.003907
115 0.003915
116 0.003917
117 0.003902
118 0.003918
119 0.003910
120 0.003896
121 0.003917
122 0.003901
123 0.003895
124 0.003907
125 0.003891
126 0.003893
127 0.003895
128 0.003879
129 0.003889
130 0.003883
131 0.003867
132 0.003884
133 0.003869
134 0.003860
135 0.003871
136 0.003856
137 0.003854
138 0.003858
139 0.003843
140 0.003849
141 0.003845
142 0.003831
143 0.003845
144 0.003833
145 0.003824
146 0.003836
147 0.003823
148 0.003821
149 0.003826
150 0.003813
151 0.003818
152 0.003816
153 0.003804
154 0.003815
155 0.003807
156 0.003798
157 0.003812
158 0.003802
159 0.003800
160 0.003808
161 0.003798
162 0.003801
163 0.003804
164 0.003797
165 0.003810
166 0.003811
167 0.003808
168 0.003833
169 0.003839
170 0.003857
171 0.003894
172 0.003914
173 0.003945
174 0.003978
175 0.003997
176 0.004034
177 0.004066
178 0.004094
179 0.004146
180 0.004174
181 0.004202
182 0.004243
183 0.004260
184 0.004281
185 0.004299
186 0.004300
187 0.004312
188 0.004314
189 0.004304
190 0.004310
191 0.004296
192 0.004277
193 0.004267
194 0.004231
195 0.004200
196 0.004170
197 0.004123
198 0.004083
199 0.004039
200 0.003987
201 0.003949
202 0.003902
203 0.003853
204 0.003819
205 0.003767
206 0.003721
207 0.003689
208 0.003649
209 0.003620
210 0.003595
211 0.003562
212 0.003540
213 0.003513
214 0.003483
215 0.003469
216 0.003443
217 0.003421
218 0.003409
219 0.003387
220 0.003371
221 0.003358
222 0.003339
223 0.003328
224 0.003314
225 0.003298
226 0.003293
227 0.003280
228 0.003268
229 0.003264
230 0.003252
231 0.003243
232 0.003238
233 0.003227
234 0.003222
235 0.003215
236 0.003206
237 0.003205
238 0.003198
239 0.003191
240 0.003191
241 0.003184
242 0.003180
243 0.003180
244 0.003173
245 0.003171
246 0.003169
247 0.003163
248 0.003163
249 0.003159
250 0.003154
251 0.003156
252 0.003151
253 0.003148
254 0.003149
255 0.003144
256 0.003143
257 0.003143
258 0.003139
259 0.003140
260 0.003138
261 0.003134
262 0.003137
263 0.003134
264 0.003132
265 0.003134
266 0.003132
267 0.003131
268 0.003131
269 0.003129
270 0.003130
271 0.003128
272 0.003126
273 0.003128
274 0.003126
275 0.003123
276 0.003125
277 0.003123
278 0.003122
279 0.003122
280 0.003120
281 0.003120
282 0.003119
283 0.003118
284 0.003119
285 0.003117
286 0.003118
287 0.003123
288 0.003126
289 0.003130
290 0.003138
291 0.003143
292 0.003151
293 0.003160
294 0.003170
295 0.003187
296 0.003210
297 0.003245
298 0.003285
299 0.003331
300 0.003390
301 0.003459
302 0.003527
303 0.003596
304 0.003670
305 0.003741
306 0.003819
307 0.003905
308 0.003986
309 0.004060
310 0.004125
311 0.004183
312 0.004232
313 0.004277
314 0.004315
315 0.004348
316 0.004375
317 0.004394
318 0.004409
319 0.004419
320 0.004423
321 0.004426
322 0.004425
323 0.004421
324 0.004415
325 0.004404
326 0.004389
327 0.004374
328 0.004358
329 0.004340
330 0.004323
331 0.004303
