0 0.361330
1 0.000001
2 0.000565
3 0.000565
4 0.000628
5 0.000925
6 0.000925
7 0.001119
8 0.001349
9 0.001352
10 0.001639
11 0.001765
12 0.001769
13 0.002346
14 0.002395
15 0.002472
16 0.002831
17 0.002838
18 0.003007
19 0.003256
20 0.003265
21 0.003503
22 0.003645
23 0.003655
24 0.003948
25 0.004001
26 0.004041
27 0.004314
28 0.004324
29 0.004420
30 0.004602
31 0.004611
32 0.004746
33 0.004850
34 0.004856
35 0.005013
36 0.005055
37 0.005061
38 0.005213
39 0.005213
40 0.005241
41 0.005324
42 0.005314
43 0.005345
44 0.005374
45 0.005356
46 0.005381
47 0.005379
48 0.005362
49 0.005372
50 0.005355
51 0.005338
52 0.005321
53 0.005305
54 0.005277
55 0.005249
56 0.005234
57 0.005189
58 0.005161
59 0.005146
60 0.005077
61 0.005058
62 0.005033
63 0.004958
64 0.004945
65 0.004900
66 0.004841
67 0.004828
68 0.004767
69 0.004727
70 0.004717
71 0.004645
72 0.004626
73 0.004613
74 0.004550
75 0.004545
76 0.004524
77 0.004494
78 0.004491
79 0.004447
80 0.004428
81 0.004422
82 0.004462
83 0.004465
84 0.004449
85 0.004487
86 0.004459
87 0.004436
88 0.004434
89 0.004377
90 0.004332
91 0.004274
92 0.004173
93 0.004091
94 0.003972
95 0.003823
96 0.003697
97 0.003512
98 0.003329
99 0.003154
100 0.002969
101 0.002820
102 0.002702
103 0.002596
104 0.002531
105 0.002454
106 0.002365
107 0.002290
108 0.002200
109 0.002124
110 0.002129
111 0.002133
112 0.002144
113 0.002163
114 0.002167
115 0.002183
116 0.002197
117 0.002201
118 0.002223
119 0.002232
120 0.002237
121 0.002264
122 0.002268
123 0.002279
124 0.002300
125 0.002306
126 0.002322
127 0.002338
128 0.002344
129 0.002366
130 0.002377
131 0.002383
132 0.002410
133 0.002417
134 0.002428
135 0.002452
136 0.002459
137 0.002475
138 0.002495
139 0.002503
140 0.002525
141 0.002540
142 0.002549
143 0.002576
144 0.002588
145 0.002599
146 0.002625
147 0.002634
148 0.002652
149 0.002676
150 0.002687
151 0.002710
152 0.002730
153 0.002742
154 0.002772
155 0.002788
156 0.002804
157 0.002837
158 0.002853
159 0.002876
160 0.002907
161 0.002924
162 0.002953
163 0.002982
164 0.003002
165 0.003037
166 0.003062
167 0.003083
168 0.003125
169 0.003147
170 0.003174
171 0.003212
172 0.003234
173 0.003266
174 0.003299
175 0.003321
176 0.003358
177 0.003386
178 0.003409
179 0.003450
180 0.003474
181 0.003500
182 0.003539
183 0.003562
184 0.003593
185 0.003629
186 0.003653
187 0.003691
188 0.003723
189 0.003750
190 0.003793
191 0.003823
192 0.003853
193 0.003899
194 0.003929
195 0.003966
196 0.004010
197 0.004042
198 0.004087
199 0.004131
200 0.004168
201 0.004222
202 0.004266
203 0.004308
204 0.004370
205 0.004416
206 0.004470
207 0.004536
208 0.004591
209 0.004658
210 0.004725
211 0.004784
212 0.004855
213 0.004910
214 0.004948
215 0.004996
216 0.005022
217 0.005045
218 0.005073
219 0.005082
220 0.005095
221 0.005107
222 0.005105
223 0.005109
224 0.005103
225 0.005087
226 0.005082
227 0.005058
228 0.005032
229 0.005014
230 0.004981
231 0.004956
232 0.004938
233 0.004912
234 0.004898
235 0.004886
236 0.004870
237 0.004865
238 0.004852
239 0.004842
240 0.004846
241 0.004839
242 0.004837
243 0.004840
244 0.004833
245 0.004832
246 0.004831
247 0.004824
248 0.004826
249 0.004822
250 0.004815
251 0.004821
252 0.004815
253 0.004812
254 0.004813
255 0.004806
256 0.004804
257 0.004802
258 0.004795
259 0.004795
260 0.004793
261 0.004788
262 0.004791
263 0.004785
264 0.004779
265 0.004780
266 0.004773
267 0.004771
268 0.004770
269 0.004768
270 0.004770
271 0.004770
272 0.004766
273 0.004768
274 0.004765
275 0.004761
276 0.004762
277 0.004756
278 0.004752
279 0.004748
280 0.004740
281 0.004734
282 0.004727
283 0.004717
284 0.004712
285 0.004705
286 0.004699
287 0.004697
288 0.004691
289 0.004687
290 0.004686
291 0.004681
292 0.004679
293 0.004676
294 0.004671
295 0.004671
296 0.004670
297 0.004667
298 0.004666
299 0.004662
300 0.004657
301 0.004654
302 0.004649
303 0.004645
304 0.004644
305 0.004642
306 0.004639
307 0.004635
308 0.004631
309 0.004628
310 0.004624
311 0.004620
312 0.004618
313 0.004616
314 0.004614
315 0.004610
316 0.004606
317 0.004601
318 0.004597
319 0.004593
320 0.004590
321 0.004589
322 0.004587
323 0.004583
324 0.004580
325 0.004576
326 0.004570
327 0.004567
328 0.004564
329 0.004563
330 0.004564
331 0.004561
