0 0.361342
1 0.000001
2 0.000128
3 0.000131
4 0.000161
5 0.000175
6 0.000210
7 0.000236
8 0.000267
9 0.000304
10 0.000326
11 0.000374
12 0.000387
13 0.000444
14 0.000453
15 0.000510
16 0.000524
17 0.000570
18 0.000594
19 0.000630
20 0.000663
21 0.000690
22 0.000732
23 0.000749
24 0.000800
25 0.000809
26 0.000908
27 0.000917
28 0.000962
29 0.000979
30 0.001016
31 0.001041
32 0.001068
33 0.001102
34 0.001120
35 0.001162
36 0.001171
37 0.001246
38 0.001253
39 0.001297
40 0.001309
41 0.001345
42 0.001365
43 0.001392
44 0.001419
45 0.001438
46 0.001487
47 0.001503
48 0.001544
49 0.001549
50 0.001592
51 0.001599
52 0.001635
53 0.001655
54 0.001693
55 0.001714
56 0.001734
57 0.001761
58 0.001773
59 0.001807
60 0.001812
61 0.001866
62 0.001870
63 0.001904
64 0.001913
65 0.001941
66 0.001961
67 0.001988
68 0.002011
69 0.002026
70 0.002057
71 0.002066
72 0.002113
73 0.002120
74 0.002157
75 0.002166
76 0.002198
77 0.002217
78 0.002249
79 0.002271
80 0.002291
81 0.002319
82 0.002332
83 0.002375
84 0.002384
85 0.002424
86 0.002431
87 0.002463
88 0.002479
89 0.002513
90 0.002531
91 0.002552
92 0.002576
93 0.002591
94 0.002628
95 0.002639
96 0.002673
97 0.002680
98 0.002713
99 0.002725
100 0.002758
101 0.002773
102 0.002795
103 0.002819
104 0.002838
105 0.002863
106 0.002875
107 0.002910
108 0.002918
109 0.002951
110 0.002960
111 0.002993
112 0.003005
113 0.003029
114 0.003049
115 0.003070
116 0.003092
117 0.003106
118 0.003137
119 0.003146
120 0.003178
121 0.003186
122 0.003220
123 0.003231
124 0.003255
125 0.003273
126 0.003296
127 0.003316
128 0.003331
129 0.003359
130 0.003371
131 0.003397
132 0.003404
133 0.003436
134 0.003442
135 0.003464
136 0.003476
137 0.003494
138 0.003499
139 0.003496
140 0.003499
141 0.003493
142 0.003496
143 0.003484
144 0.003495
145 0.003482
146 0.003486
147 0.003480
148 0.003484
149 0.003480
150 0.003479
151 0.003485
152 0.003493
153 0.003508
154 0.003515
155 0.003537
156 0.003544
157 0.003566
158 0.003576
159 0.003599
160 0.003612
161 0.003630
162 0.003649
163 0.003666
164 0.003686
165 0.003699
166 0.003722
167 0.003731
168 0.003752
169 0.003761
170 0.003783
171 0.003793
172 0.003809
173 0.003823
174 0.003838
175 0.003852
176 0.003863
177 0.003881
178 0.003890
179 0.003909
180 0.003916
181 0.003936
182 0.003945
183 0.003960
184 0.003972
185 0.003987
186 0.003999
187 0.004011
188 0.004027
189 0.004037
190 0.004053
191 0.004060
192 0.004079
193 0.004087
194 0.004101
195 0.004111
196 0.004125
197 0.004136
198 0.004148
199 0.004161
200 0.004172
201 0.004185
202 0.004194
203 0.004210
204 0.004219
205 0.004233
206 0.004243
207 0.004257
208 0.004268
209 0.004281
210 0.004294
211 0.004306
212 0.004319
213 0.004332
214 0.004349
215 0.004362
216 0.004378
217 0.004391
218 0.004407
219 0.004420
220 0.004434
221 0.004447
222 0.004456
223 0.004450
224 0.004439
225 0.004428
226 0.004417
227 0.004406
228 0.004395
229 0.004384
230 0.004372
231 0.004360
232 0.004348
233 0.004337
234 0.004333
235 0.004338
236 0.004343
237 0.004350
238 0.004357
239 0.004364
240 0.004371
241 0.004380
242 0.004387
243 0.004396
244 0.004404
245 0.004412
246 0.004420
247 0.004428
248 0.004437
249 0.004444
250 0.004454
251 0.004459
252 0.004469
253 0.004475
254 0.004485
255 0.004490
256 0.004499
257 0.004507
258 0.004513
259 0.004522
260 0.004528
261 0.004538
262 0.004541
263 0.004552
264 0.004556
265 0.004566
266 0.004571
267 0.004580
268 0.004587
269 0.004593
270 0.004601
271 0.004607
272 0.004618
273 0.004619
274 0.004632
275 0.004634
276 0.004647
277 0.004649
278 0.004660
279 0.004666
280 0.004673
281 0.004680
282 0.004686
283 0.004697
284 0.004698
285 0.004711
286 0.004704
287 0.004700
288 0.004677
289 0.004670
290 0.004654
291 0.004642
292 0.004628
293 0.004615
294 0.004606
295 0.004588
296 0.004582
297 0.004564
298 0.004565
299 0.004553
300 0.004565
301 0.004564
302 0.004572
303 0.004572
304 0.004577
305 0.004584
306 0.004582
307 0.004591
308 0.004588
309 0.004603
310 0.004591
311 0.004606
312 0.004602
313 0.004612
314 0.004608
315 0.004615
316 0.004619
317 0.004619
318 0.004625
319 0.004622
320 0.004635
321 0.004622
322 0.004638
323 0.004629
324 0.004642
325 0.004633
326 0.004641
327 0.004642
328 0.004642
329 0.004645
330 0.004642
331 0.004653
