0 0.361342
1 0.000001
2 0.000047
3 0.000046
4 0.000047
5 0.000047
6 0.000047
7 0.000047
8 0.000047
9 0.000047
10 0.000047
11 0.000047
12 0.000047
13 0.000047
14 0.000047
15 0.000047
16 0.000047
17 0.000047
18 0.000047
19 0.000047
20 0.000047
21 0.000047
22 0.000047
23 0.000047
24 0.000047
25 0.000047
26 0.000047
27 0.000047
28 0.000047
29 0.000073
30 0.000126
31 0.000125
32 0.000126
33 0.000126
34 0.000126
35 0.000126
36 0.000126
37 0.000126
38 0.000126
39 0.000126
40 0.000137
41 0.000166
42 0.000166
43 0.000166
44 0.000166
45 0.000166
46 0.000188
47 0.000196
48 0.000196
49 0.000196
50 0.000195
51 0.000202
52 0.000227
53 0.000227
54 0.000227
55 0.000227
56 0.000227
57 0.000248
58 0.000259
59 0.000259
60 0.000259
61 0.000259
62 0.000264
63 0.000294
64 0.000294
65 0.000294
66 0.000294
67 0.000293
68 0.000315
69 0.000330
70 0.000330
71 0.000330
72 0.000330
73 0.000332
74 0.000367
75 0.000367
76 0.000367
77 0.000367
78 0.000367
79 0.000388
80 0.000407
81 0.000407
82 0.000407
83 0.000407
84 0.000407
85 0.000448
86 0.000448
87 0.000448
88 0.000448
89 0.000448
90 0.000468
91 0.000491
92 0.000490
93 0.000490
94 0.000490
95 0.000491
96 0.000532
97 0.000535
98 0.000535
99 0.000535
100 0.000535
101 0.000553
102 0.000581
103 0.000581
104 0.000581
105 0.000581
106 0.000581
107 0.000622
108 0.000628
109 0.000629
110 0.000629
111 0.000628
112 0.000645
113 0.000678
114 0.000678
115 0.000678
116 0.000678
117 0.000678
118 0.000719
119 0.000729
120 0.000729
121 0.000729
122 0.000729
123 0.000743
124 0.000782
125 0.000782
126 0.000781
127 0.000781
128 0.000781
129 0.000822
130 0.000836
131 0.000836
132 0.000836
133 0.000836
134 0.000847
135 0.000892
136 0.000892
137 0.000892
138 0.000892
139 0.000892
140 0.000930
141 0.000950
142 0.000950
143 0.000949
144 0.000949
145 0.000957
146 0.001009
147 0.001009
148 0.001009
149 0.001009
150 0.001009
151 0.001046
152 0.001070
153 0.001070
154 0.001070
155 0.001070
156 0.001074
157 0.001133
158 0.001133
159 0.001133
160 0.001132
161 0.001132
162 0.001166
163 0.001196
164 0.001196
165 0.001196
166 0.001196
167 0.001196
168 0.001258
169 0.001258
170 0.001258
171 0.001258
172 0.001258
173 0.001286
174 0.001319
175 0.001319
176 0.001318
177 0.001318
178 0.001318
179 0.001373
180 0.001377
181 0.001377
182 0.001377
183 0.001376
184 0.001399
185 0.001433
186 0.001433
187 0.001433
188 0.001433
189 0.001433
190 0.001481
191 0.001488
192 0.001488
193 0.001487
194 0.001487
195 0.001505
196 0.001541
197 0.001540
198 0.001540
199 0.001540
200 0.001539
201 0.001581
202 0.001591
203 0.001591
204 0.001590
205 0.001590
206 0.001603
207 0.001640
208 0.001639
209 0.001639
210 0.001638
211 0.001638
212 0.001674
213 0.001686
214 0.001686
215 0.001685
216 0.001685
217 0.001694
218 0.001731
219 0.001730
220 0.001730
221 0.001730
222 0.001729
223 0.001759
224 0.001773
225 0.001773
226 0.001772
227 0.001772
228 0.001777
229 0.001814
230 0.001813
231 0.001813
232 0.001812
233 0.001812
234 0.001836
235 0.001852
236 0.001851
237 0.001850
238 0.001850
239 0.001852
240 0.001888
241 0.001888
242 0.001887
243 0.001886
244 0.001886
245 0.001905
246 0.001922
247 0.001921
248 0.001921
249 0.001920
250 0.001919
251 0.001955
252 0.001954
253 0.001953
254 0.001952
255 0.001952
256 0.001967
257 0.001985
258 0.001983
259 0.001983
260 0.001982
261 0.001981
262 0.002011
263 0.002012
264 0.002012
265 0.002011
266 0.002010
267 0.002021
268 0.002039
269 0.002038
270 0.002037
271 0.002036
272 0.002036
273 0.002060
274 0.002063
275 0.002062
276 0.002061
277 0.002061
278 0.002069
279 0.002086
280 0.002086
281 0.002085
282 0.002084
283 0.002083
284 0.002103
285 0.002108
286 0.002106
287 0.002106
288 0.002105
289 0.002111
290 0.002128
291 0.002127
292 0.002126
293 0.002125
294 0.002125
295 0.002140
296 0.002145
297 0.002145
298 0.002144
299 0.002143
300 0.002147
301 0.002163
302 0.002162
303 0.002162
304 0.002162
305 0.002161
306 0.002174
307 0.002180
308 0.002181
309 0.002181
310 0.002181
311 0.002183
312 0.002198
313 0.002198
314 0.002199
315 0.002199
316 0.002199
317 0.002208
318 0.002214
319 0.002214
320 0.002214
321 0.002214
322 0.002214
323 0.002227
324 0.002227
325 0.002227
326 0.002226
327 0.002226
328 0.002233
329 0.002238
330 0.002238
331 0.002238
