0 0.361342
1 0.000001
2 0.000376
3 0.000376
4 0.000547
5 0.001110
6 0.001110
7 0.001441
8 0.001820
9 0.001820
10 0.002301
11 0.002506
12 0.002505
13 0.003123
14 0.003166
15 0.003271
16 0.003802
17 0.003799
18 0.004044
19 0.004410
20 0.004406
21 0.004777
22 0.004990
23 0.004986
24 0.005472
25 0.005542
26 0.005590
27 0.006071
28 0.006064
29 0.006228
30 0.006566
31 0.006556
32 0.006824
33 0.007028
34 0.007016
35 0.007379
36 0.007459
37 0.007461
38 0.007876
39 0.007860
40 0.007956
41 0.008246
42 0.008228
43 0.008408
44 0.008585
45 0.008565
46 0.008816
47 0.008892
48 0.008869
49 0.009181
50 0.009168
51 0.009206
52 0.009438
53 0.009411
54 0.009512
55 0.009651
56 0.009620
57 0.009772
58 0.009831
59 0.009798
60 0.009990
61 0.009979
62 0.009973
63 0.010134
64 0.010095
65 0.010131
66 0.010221
67 0.010180
68 0.010248
69 0.010279
70 0.010235
71 0.010326
72 0.010307
73 0.010271
74 0.010355
75 0.010308
76 0.010296
77 0.010330
78 0.010282
79 0.010285
80 0.010280
81 0.010231
82 0.010243
83 0.010212
84 0.010161
85 0.010183
86 0.010131
87 0.010095
88 0.010095
89 0.010041
90 0.010018
91 0.009998
92 0.009943
93 0.009931
94 0.009895
95 0.009841
96 0.009840
97 0.009791
98 0.009749
99 0.009741
100 0.009691
101 0.009658
102 0.009635
103 0.009582
104 0.009555
105 0.009516
106 0.009458
107 0.009435
108 0.009381
109 0.009323
110 0.009294
111 0.009232
112 0.009181
113 0.009144
114 0.009084
115 0.009047
116 0.009008
117 0.008959
118 0.008934
119 0.008895
120 0.008853
121 0.008835
122 0.008795
123 0.008762
124 0.008741
125 0.008706
126 0.008681
127 0.008657
128 0.008626
129 0.008607
130 0.008583
131 0.008555
132 0.008541
133 0.008516
134 0.008493
135 0.008479
136 0.008457
137 0.008438
138 0.008424
139 0.008408
140 0.008397
141 0.008386
142 0.008374
143 0.008366
144 0.008354
145 0.008341
146 0.008330
147 0.008315
148 0.008299
149 0.008288
150 0.008277
151 0.008266
152 0.008254
153 0.008246
154 0.008232
155 0.008226
156 0.008222
157 0.008211
158 0.008207
159 0.008200
160 0.008186
161 0.008180
162 0.008165
163 0.008150
164 0.008142
165 0.008121
166 0.008107
167 0.008097
168 0.008067
169 0.008055
170 0.008039
171 0.008011
172 0.008000
173 0.007978
174 0.007955
175 0.007946
176 0.007919
177 0.007904
178 0.007896
179 0.007863
180 0.007857
181 0.007846
182 0.007815
183 0.007812
184 0.007793
185 0.007770
186 0.007766
187 0.007739
188 0.007722
189 0.007718
190 0.007681
191 0.007672
192 0.007664
193 0.007623
194 0.007618
195 0.007599
196 0.007566
197 0.007561
198 0.007531
199 0.007506
200 0.007502
201 0.007459
202 0.007445
203 0.007440
204 0.007389
205 0.007384
206 0.007365
207 0.007327
208 0.007327
209 0.007301
210 0.007274
211 0.007276
212 0.007236
213 0.007223
214 0.007225
215 0.007171
216 0.007171
217 0.007161
218 0.007115
219 0.007117
220 0.007091
221 0.007058
222 0.007059
223 0.007018
224 0.006999
225 0.007001
226 0.006943
227 0.006939
228 0.006932
229 0.006874
230 0.006877
231 0.006853
232 0.006807
233 0.006808
234 0.006764
235 0.006735
236 0.006737
237 0.006674
238 0.006662
239 0.006659
240 0.006587
241 0.006590
242 0.006570
243 0.006516
244 0.006521
245 0.006481
246 0.006446
247 0.006451
248 0.006389
249 0.006373
250 0.006379
251 0.006294
252 0.006300
253 0.006284
254 0.006218
255 0.006224
256 0.006185
257 0.006140
258 0.006145
259 0.006082
260 0.006058
261 0.006064
262 0.005975
263 0.005974
264 0.005962
265 0.005882
266 0.005887
267 0.005850
268 0.005791
269 0.005797
270 0.005732
271 0.005697
272 0.005702
273 0.005608
274 0.005597
275 0.005590
276 0.005489
277 0.005493
278 0.005457
279 0.005380
280 0.005383
281 0.005316
282 0.005265
283 0.005266
284 0.005168
285 0.005144
286 0.005140
287 0.005019
288 0.005020
289 0.004986
290 0.004894
291 0.004894
292 0.004831
293 0.004767
294 0.004768
295 0.004672
296 0.004638
297 0.004639
298 0.004510
299 0.004505
300 0.004479
301 0.004368
302 0.004369
303 0.004307
304 0.004229
305 0.004229
306 0.004133
307 0.004086
308 0.004086
309 0.003954
310 0.003940
311 0.003921
312 0.003792
313 0.003792
314 0.003737
315 0.003641
316 0.003641
317 0.003550
318 0.003488
319 0.003487
320 0.003358
321 0.003333
322 0.003322
323 0.003175
324 0.003175
325 0.003127
326 0.003014
327 0.003015
328 0.002928
329 0.002852
330 0.002852
331 0.002725
