0 0.361323
1 0.000001
2 0.000089
3 0.000089
4 0.000089
5 0.000089
6 0.000089
7 0.000089
8 0.000089
9 0.000089
10 0.000145
11 0.000171
12 0.000171
13 0.000211
14 0.000214
15 0.000221
16 0.000257
17 0.000257
18 0.000275
19 0.000301
20 0.000301
21 0.000328
22 0.000344
23 0.000344
24 0.000382
25 0.000388
26 0.000392
27 0.000430
28 0.000431
29 0.000445
30 0.000473
31 0.000474
32 0.000498
33 0.000516
34 0.000516
35 0.000550
36 0.000559
37 0.000560
38 0.000601
39 0.000601
40 0.000616
41 0.000658
42 0.000658
43 0.000679
44 0.000699
45 0.000700
46 0.000729
47 0.000741
48 0.000741
49 0.000780
50 0.000782
51 0.000790
52 0.000822
53 0.000823
54 0.000840
55 0.000862
56 0.000863
57 0.000894
58 0.000910
59 0.000910
60 0.000945
61 0.000949
62 0.000955
63 0.000988
64 0.000988
65 0.001002
66 0.001026
67 0.001027
68 0.001050
69 0.001065
70 0.001065
71 0.001102
72 0.001109
73 0.001112
74 0.001146
75 0.001146
76 0.001157
77 0.001183
78 0.001183
79 0.001203
80 0.001220
81 0.001220
82 0.001252
83 0.001262
84 0.001261
85 0.001297
86 0.001297
87 0.001305
88 0.001332
89 0.001332
90 0.001348
91 0.001367
92 0.001368
93 0.001397
94 0.001410
95 0.001411
96 0.001444
97 0.001448
98 0.001455
99 0.001485
100 0.001486
101 0.001503
102 0.001528
103 0.001531
104 0.001555
105 0.001570
106 0.001573
107 0.001605
108 0.001613
109 0.001620
110 0.001657
111 0.001660
112 0.001675
113 0.001701
114 0.001704
115 0.001727
116 0.001744
117 0.001748
118 0.001780
119 0.001789
120 0.001792
121 0.001824
122 0.001825
123 0.001834
124 0.001857
125 0.001856
126 0.001870
127 0.001884
128 0.001880
129 0.001898
130 0.001901
131 0.001896
132 0.001919
133 0.001913
134 0.001913
135 0.001931
136 0.001923
137 0.001926
138 0.001933
139 0.001923
140 0.001930
141 0.001928
142 0.001916
143 0.001930
144 0.001920
145 0.001909
146 0.001916
147 0.001904
148 0.001901
149 0.001904
150 0.001892
151 0.001896
152 0.001897
153 0.001888
154 0.001899
155 0.001895
156 0.001889
157 0.001905
158 0.001901
159 0.001904
160 0.001918
161 0.001916
162 0.001927
163 0.001936
164 0.001936
165 0.001953
166 0.001959
167 0.001959
168 0.001980
169 0.001981
170 0.001987
171 0.002005
172 0.002006
173 0.002017
174 0.002030
175 0.002032
176 0.002049
177 0.002057
178 0.002060
179 0.002081
180 0.002084
181 0.002091
182 0.002111
183 0.002114
184 0.002126
185 0.002141
186 0.002145
187 0.002162
188 0.002174
189 0.002179
190 0.002200
191 0.002207
192 0.002215
193 0.002238
194 0.002244
195 0.002256
196 0.002274
197 0.002280
198 0.002298
199 0.002313
200 0.002319
201 0.002341
202 0.002351
203 0.002359
204 0.002385
205 0.002392
206 0.002403
207 0.002424
208 0.002430
209 0.002446
210 0.002462
211 0.002468
212 0.002484
213 0.002491
214 0.002493
215 0.002512
216 0.002514
217 0.002519
218 0.002533
219 0.002534
220 0.002542
221 0.002553
222 0.002554
223 0.002565
224 0.002570
225 0.002571
226 0.002586
227 0.002588
228 0.002591
229 0.002609
230 0.002615
231 0.002627
232 0.002644
233 0.002651
234 0.002669
235 0.002686
236 0.002697
237 0.002722
238 0.002737
239 0.002752
240 0.002779
241 0.002792
242 0.002810
243 0.002833
244 0.002843
245 0.002858
246 0.002871
247 0.002877
248 0.002889
249 0.002884
250 0.002874
251 0.002875
252 0.002861
253 0.002849
254 0.002841
255 0.002822
256 0.002806
257 0.002788
258 0.002762
259 0.002743
260 0.002716
261 0.002683
262 0.002657
263 0.002634
264 0.002613
265 0.002599
266 0.002580
267 0.002570
268 0.002563
269 0.002553
270 0.002552
271 0.002553
272 0.002553
273 0.002564
274 0.002572
275 0.002581
276 0.002597
277 0.002605
278 0.002616
279 0.002630
280 0.002639
281 0.002653
282 0.002666
283 0.002676
284 0.002692
285 0.002704
286 0.002714
287 0.002732
288 0.002742
289 0.002754
290 0.002769
291 0.002779
292 0.002791
293 0.002802
294 0.002805
295 0.002811
296 0.002815
297 0.002816
298 0.002823
299 0.002824
300 0.002826
301 0.002831
302 0.002831
303 0.002833
304 0.002836
305 0.002835
306 0.002838
307 0.002840
308 0.002844
309 0.002857
310 0.002866
311 0.002876
312 0.002890
313 0.002903
314 0.002919
315 0.002938
316 0.002956
317 0.002976
318 0.002997
319 0.003016
320 0.003038
321 0.003057
322 0.003074
323 0.003090
324 0.003101
325 0.003111
326 0.003113
327 0.003102
328 0.003089
329 0.003073
330 0.003054
331 0.003033
