0 0.361323
1 0.000001
2 0.000045
3 0.000045
4 0.000045
5 0.000045
6 0.000045
7 0.000045
8 0.000045
9 0.000045
10 0.000045
11 0.000045
12 0.000045
13 0.000044
14 0.000044
15 0.000045
16 0.000045
17 0.000045
18 0.000060
19 0.000085
20 0.000085
21 0.000086
22 0.000085
23 0.000085
24 0.000104
25 0.000107
26 0.000107
27 0.000107
28 0.000107
29 0.000114
30 0.000129
31 0.000129
32 0.000129
33 0.000129
34 0.000129
35 0.000146
36 0.000150
37 0.000151
38 0.000151
39 0.000151
40 0.000156
41 0.000172
42 0.000172
43 0.000172
44 0.000172
45 0.000172
46 0.000188
47 0.000194
48 0.000194
49 0.000194
50 0.000194
51 0.000198
52 0.000215
53 0.000215
54 0.000215
55 0.000215
56 0.000215
57 0.000230
58 0.000237
59 0.000237
60 0.000237
61 0.000237
62 0.000240
63 0.000258
64 0.000258
65 0.000258
66 0.000258
67 0.000258
68 0.000271
69 0.000279
70 0.000280
71 0.000280
72 0.000280
73 0.000281
74 0.000301
75 0.000301
76 0.000301
77 0.000301
78 0.000301
79 0.000316
80 0.000329
81 0.000329
82 0.000329
83 0.000329
84 0.000329
85 0.000350
86 0.000350
87 0.000350
88 0.000350
89 0.000350
90 0.000360
91 0.000371
92 0.000371
93 0.000371
94 0.000371
95 0.000371
96 0.000390
97 0.000391
98 0.000391
99 0.000391
100 0.000392
101 0.000400
102 0.000412
103 0.000412
104 0.000412
105 0.000412
106 0.000412
107 0.000429
108 0.000432
109 0.000432
110 0.000432
111 0.000432
112 0.000440
113 0.000456
114 0.000456
115 0.000456
116 0.000456
117 0.000456
118 0.000471
119 0.000475
120 0.000475
121 0.000475
122 0.000475
123 0.000481
124 0.000495
125 0.000495
126 0.000495
127 0.000495
128 0.000495
129 0.000509
130 0.000514
131 0.000514
132 0.000514
133 0.000514
134 0.000518
135 0.000533
136 0.000533
137 0.000533
138 0.000533
139 0.000533
140 0.000548
141 0.000555
142 0.000555
143 0.000555
144 0.000556
145 0.000558
146 0.000574
147 0.000574
148 0.000574
149 0.000574
150 0.000574
151 0.000585
152 0.000593
153 0.000593
154 0.000593
155 0.000593
156 0.000594
157 0.000611
158 0.000611
159 0.000611
160 0.000611
161 0.000611
162 0.000622
163 0.000632
164 0.000632
165 0.000632
166 0.000632
167 0.000632
168 0.000650
169 0.000650
170 0.000650
171 0.000650
172 0.000650
173 0.000658
174 0.000667
175 0.000667
176 0.000668
177 0.000668
178 0.000668
179 0.000684
180 0.000685
181 0.000685
182 0.000686
183 0.000686
184 0.000694
185 0.000706
186 0.000706
187 0.000706
188 0.000707
189 0.000707
190 0.000722
191 0.000725
192 0.000725
193 0.000726
194 0.000726
195 0.000732
196 0.000744
197 0.000744
198 0.000745
199 0.000745
200 0.000746
201 0.000761
202 0.000765
203 0.000766
204 0.000767
205 0.000768
206 0.000773
207 0.000785
208 0.000786
209 0.000787
210 0.000788
211 0.000789
212 0.000802
213 0.000807
214 0.000808
215 0.000809
216 0.000810
217 0.000814
218 0.000830
219 0.000831
220 0.000832
221 0.000833
222 0.000833
223 0.000845
224 0.000852
225 0.000853
226 0.000854
227 0.000855
228 0.000858
229 0.000873
230 0.000874
231 0.000875
232 0.000876
233 0.000876
234 0.000888
235 0.000896
236 0.000897
237 0.000897
238 0.000898
239 0.000899
240 0.000915
241 0.000915
242 0.000915
243 0.000915
244 0.000916
245 0.000924
246 0.000932
247 0.000932
248 0.000932
249 0.000931
250 0.000930
251 0.000947
252 0.000946
253 0.000945
254 0.000944
255 0.000943
256 0.000949
257 0.000956
258 0.000955
259 0.000954
260 0.000952
261 0.000951
262 0.000963
263 0.000963
264 0.000961
265 0.000960
266 0.000958
267 0.000963
268 0.000971
269 0.000969
270 0.000967
271 0.000965
272 0.000962
273 0.000973
274 0.000972
275 0.000970
276 0.000967
277 0.000964
278 0.000966
279 0.000973
280 0.000970
281 0.000967
282 0.000964
283 0.000961
284 0.000970
285 0.000970
286 0.000966
287 0.000963
288 0.000959
289 0.000959
290 0.000965
291 0.000961
292 0.000958
293 0.000955
294 0.000952
295 0.000958
296 0.000958
297 0.000955
298 0.000952
299 0.000949
300 0.000948
301 0.000957
302 0.000954
303 0.000951
304 0.000949
305 0.000947
306 0.000952
307 0.000954
308 0.000952
309 0.000950
310 0.000949
311 0.000948
312 0.000957
313 0.000955
314 0.000954
315 0.000953
316 0.000952
317 0.000959
318 0.000963
319 0.000962
320 0.000961
321 0.000961
322 0.000962
323 0.000972
324 0.000971
325 0.000971
326 0.000971
327 0.000971
328 0.000977
329 0.000982
330 0.000982
331 0.000982
