0 0.361342
1 0.000001
2 0.000120
3 0.000121
4 0.000120
5 0.000120
6 0.000120
7 0.000120
8 0.000120
9 0.000120
10 0.000230
11 0.000276
12 0.000277
13 0.000347
14 0.000352
15 0.000364
16 0.000425
17 0.000425
18 0.000454
19 0.000497
20 0.000497
21 0.000541
22 0.000567
23 0.000567
24 0.000626
25 0.000635
26 0.000642
27 0.000702
28 0.000702
29 0.000723
30 0.000767
31 0.000767
32 0.000803
33 0.000830
34 0.000830
35 0.000879
36 0.000891
37 0.000893
38 0.000951
39 0.000951
40 0.000966
41 0.001009
42 0.001008
43 0.001037
44 0.001065
45 0.001065
46 0.001105
47 0.001119
48 0.001119
49 0.001170
50 0.001172
51 0.001182
52 0.001223
53 0.001223
54 0.001244
55 0.001272
56 0.001272
57 0.001304
58 0.001320
59 0.001320
60 0.001362
61 0.001366
62 0.001372
63 0.001410
64 0.001410
65 0.001426
66 0.001453
67 0.001453
68 0.001477
69 0.001494
70 0.001494
71 0.001527
72 0.001533
73 0.001535
74 0.001570
75 0.001570
76 0.001581
77 0.001606
78 0.001606
79 0.001624
80 0.001640
81 0.001640
82 0.001665
83 0.001673
84 0.001672
85 0.001705
86 0.001705
87 0.001712
88 0.001737
89 0.001737
90 0.001751
91 0.001768
92 0.001768
93 0.001790
94 0.001799
95 0.001799
96 0.001828
97 0.001829
98 0.001835
99 0.001860
100 0.001860
101 0.001872
102 0.001890
103 0.001890
104 0.001909
105 0.001920
106 0.001920
107 0.001945
108 0.001949
109 0.001952
110 0.001978
111 0.001978
112 0.001987
113 0.002007
114 0.002007
115 0.002023
116 0.002035
117 0.002036
118 0.002058
119 0.002064
120 0.002065
121 0.002093
122 0.002093
123 0.002101
124 0.002122
125 0.002122
126 0.002136
127 0.002150
128 0.002151
129 0.002171
130 0.002179
131 0.002180
132 0.002207
133 0.002209
134 0.002215
135 0.002237
136 0.002238
137 0.002251
138 0.002268
139 0.002270
140 0.002290
141 0.002301
142 0.002303
143 0.002329
144 0.002334
145 0.002340
146 0.002365
147 0.002368
148 0.002379
149 0.002398
150 0.002401
151 0.002419
152 0.002432
153 0.002435
154 0.002458
155 0.002465
156 0.002470
157 0.002496
158 0.002499
159 0.002509
160 0.002529
161 0.002532
162 0.002546
163 0.002558
164 0.002560
165 0.002579
166 0.002586
167 0.002587
168 0.002610
169 0.002612
170 0.002618
171 0.002636
172 0.002637
173 0.002647
174 0.002660
175 0.002660
176 0.002675
177 0.002682
178 0.002683
179 0.002703
180 0.002704
181 0.002707
182 0.002724
183 0.002723
184 0.002730
185 0.002741
186 0.002740
187 0.002752
188 0.002758
189 0.002757
190 0.002773
191 0.002775
192 0.002776
193 0.002792
194 0.002791
195 0.002797
196 0.002809
197 0.002808
198 0.002817
199 0.002824
200 0.002823
201 0.002836
202 0.002839
203 0.002838
204 0.002853
205 0.002852
206 0.002855
207 0.002866
208 0.002863
209 0.002868
210 0.002873
211 0.002869
212 0.002877
213 0.002877
214 0.002873
215 0.002883
216 0.002879
217 0.002877
218 0.002884
219 0.002880
220 0.002881
221 0.002885
222 0.002881
223 0.002886
224 0.002887
225 0.002883
226 0.002891
227 0.002888
228 0.002886
229 0.002895
230 0.002891
231 0.002893
232 0.002898
233 0.002895
234 0.002902
235 0.002906
236 0.002905
237 0.002915
238 0.002916
239 0.002916
240 0.002927
241 0.002927
242 0.002930
243 0.002939
244 0.002939
245 0.002945
246 0.002951
247 0.002952
248 0.002962
249 0.002965
250 0.002967
251 0.002979
252 0.002981
253 0.002983
254 0.002991
255 0.002991
256 0.002996
257 0.003001
258 0.003001
259 0.003007
260 0.003010
261 0.003010
262 0.003017
263 0.003018
264 0.003018
265 0.003025
266 0.003024
267 0.003027
268 0.003031
269 0.003030
270 0.003035
271 0.003037
272 0.003036
273 0.003042
274 0.003043
275 0.003043
276 0.003049
277 0.003048
278 0.003050
279 0.003054
280 0.003053
281 0.003056
282 0.003059
283 0.003058
284 0.003062
285 0.003063
286 0.003063
287 0.003068
288 0.003068
289 0.003069
290 0.003072
291 0.003071
292 0.003073
293 0.003076
294 0.003075
295 0.003077
296 0.003078
297 0.003077
298 0.003079
299 0.003078
300 0.003076
301 0.003077
302 0.003075
303 0.003074
304 0.003073
305 0.003071
306 0.003070
307 0.003069
308 0.003067
309 0.003067
310 0.003065
311 0.003063
312 0.003062
313 0.003060
314 0.003057
315 0.003055
316 0.003052
317 0.003051
318 0.003051
319 0.003050
320 0.003050
321 0.003049
322 0.003049
323 0.003049
324 0.003049
325 0.003049
326 0.003050
327 0.003051
328 0.003053
329 0.003055
330 0.003058
331 0.003061
