0 0.361342
1 0.000001
2 0.000215
3 0.000215
4 0.000215
5 0.000215
6 0.000216
7 0.000197
8 0.000177
9 0.000177
10 0.000177
11 0.000177
12 0.000177
13 0.000256
14 0.000264
15 0.000264
16 0.000264
17 0.000264
18 0.000347
19 0.000473
20 0.000473
21 0.000473
22 0.000473
23 0.000473
24 0.000551
25 0.000565
26 0.000565
27 0.000564
28 0.000564
29 0.000595
30 0.000658
31 0.000658
32 0.000657
33 0.000657
34 0.000657
35 0.000728
36 0.000745
37 0.000745
38 0.000745
39 0.000744
40 0.000765
41 0.000820
42 0.000821
43 0.000820
44 0.000820
45 0.000820
46 0.000868
47 0.000886
48 0.000886
49 0.000885
50 0.000885
51 0.000896
52 0.000941
53 0.000942
54 0.000941
55 0.000941
56 0.000940
57 0.000971
58 0.000987
59 0.000986
60 0.000986
61 0.000986
62 0.000990
63 0.001023
64 0.001023
65 0.001022
66 0.001022
67 0.001021
68 0.001039
69 0.001050
70 0.001049
71 0.001049
72 0.001048
73 0.001049
74 0.001069
75 0.001068
76 0.001067
77 0.001067
78 0.001066
79 0.001072
80 0.001078
81 0.001078
82 0.001077
83 0.001076
84 0.001075
85 0.001081
86 0.001080
87 0.001080
88 0.001079
89 0.001078
90 0.001077
91 0.001077
92 0.001076
93 0.001075
94 0.001074
95 0.001073
96 0.001067
97 0.001066
98 0.001065
99 0.001064
100 0.001064
101 0.001058
102 0.001052
103 0.001051
104 0.001050
105 0.001049
106 0.001048
107 0.001036
108 0.001034
109 0.001033
110 0.001032
111 0.001031
112 0.001024
113 0.001015
114 0.001014
115 0.001013
116 0.001012
117 0.001011
118 0.000999
119 0.000995
120 0.000995
121 0.000994
122 0.000993
123 0.000988
124 0.000980
125 0.000979
126 0.000979
127 0.000978
128 0.000977
129 0.000972
130 0.000971
131 0.000970
132 0.000969
133 0.000969
134 0.000967
135 0.000974
136 0.000973
137 0.000972
138 0.000972
139 0.000971
140 0.000984
141 0.000993
142 0.000994
143 0.000992
144 0.000992
145 0.000995
146 0.001043
147 0.001043
148 0.001042
149 0.001041
150 0.001041
151 0.001071
152 0.001092
153 0.001091
154 0.001091
155 0.001090
156 0.001098
157 0.001266
158 0.001265
159 0.001264
160 0.001264
161 0.001263
162 0.001272
163 0.001279
164 0.001279
165 0.001278
166 0.001277
167 0.001277
168 0.001293
169 0.001292
170 0.001292
171 0.001291
172 0.001291
173 0.001298
174 0.001306
175 0.001305
176 0.001305
177 0.001304
178 0.001303
179 0.001319
180 0.001318
181 0.001318
182 0.001317
183 0.001316
184 0.001323
185 0.001331
186 0.001331
187 0.001330
188 0.001329
189 0.001328
190 0.001341
191 0.001343
192 0.001342
193 0.001341
194 0.001340
195 0.001344
196 0.001354
197 0.001353
198 0.001352
199 0.001351
200 0.001350
201 0.001361
202 0.001363
203 0.001363
204 0.001361
205 0.001360
206 0.001365
207 0.001380
208 0.001378
209 0.001378
210 0.001376
211 0.001375
212 0.001384
213 0.001387
214 0.001387
215 0.001385
216 0.001384
217 0.001387
218 0.001399
219 0.001398
220 0.001396
221 0.001396
222 0.001394
223 0.001403
224 0.001407
225 0.001405
226 0.001404
227 0.001403
228 0.001404
229 0.001417
230 0.001417
231 0.001415
232 0.001415
233 0.001414
234 0.001443
235 0.001462
236 0.001462
237 0.001461
238 0.001460
239 0.001460
240 0.001475
241 0.001474
242 0.001474
243 0.001472
244 0.001472
245 0.001478
246 0.001484
247 0.001483
248 0.001482
249 0.001482
250 0.001481
251 0.001497
252 0.001496
253 0.001496
254 0.001495
255 0.001495
256 0.001501
257 0.001507
258 0.001507
259 0.001507
260 0.001507
261 0.001506
262 0.001535
263 0.001537
264 0.001537
265 0.001537
266 0.001538
267 0.001542
268 0.001550
269 0.001551
270 0.001550
271 0.001551
272 0.001551
273 0.001564
274 0.001566
275 0.001567
276 0.001566
277 0.001567
278 0.001572
279 0.001582
280 0.001582
281 0.001583
282 0.001583
283 0.001583
284 0.001605
285 0.001610
286 0.001611
287 0.001611
288 0.001612
289 0.001617
290 0.001627
291 0.001627
292 0.001629
293 0.001629
294 0.001630
295 0.001641
296 0.001645
297 0.001646
298 0.001647
299 0.001648
300 0.001654
301 0.001673
302 0.001674
303 0.001675
304 0.001676
305 0.001677
306 0.001687
307 0.001693
308 0.001694
309 0.001695
310 0.001696
311 0.001699
312 0.001711
313 0.001712
314 0.001713
315 0.001714
316 0.001715
317 0.001729
318 0.001740
319 0.001740
320 0.001741
321 0.001742
322 0.001744
323 0.001757
324 0.001757
325 0.001758
326 0.001759
327 0.001760
328 0.001767
329 0.001773
330 0.001774
331 0.001774
