0 0.361327
1 0.000001
2 0.000145
3 0.000145
4 0.000145
5 0.000145
6 0.000145
7 0.000145
8 0.000146
9 0.000147
10 0.000146
11 0.000146
12 0.000147
13 0.000149
14 0.000149
15 0.000149
16 0.000149
17 0.000149
18 0.000151
19 0.000153
20 0.000153
21 0.000153
22 0.000153
23 0.000153
24 0.000300
25 0.000322
26 0.000322
27 0.000322
28 0.000322
29 0.000343
30 0.000387
31 0.000387
32 0.000386
33 0.000386
34 0.000386
35 0.000437
36 0.000448
37 0.000448
38 0.000448
39 0.000447
40 0.000464
41 0.000508
42 0.000507
43 0.000507
44 0.000507
45 0.000506
46 0.000548
47 0.000564
48 0.000563
49 0.000562
50 0.000562
51 0.000572
52 0.000616
53 0.000615
54 0.000615
55 0.000614
56 0.000613
57 0.000648
58 0.000665
59 0.000664
60 0.000663
61 0.000661
62 0.000667
63 0.000710
64 0.000709
65 0.000707
66 0.000706
67 0.000705
68 0.000732
69 0.000750
70 0.000748
71 0.000746
72 0.000744
73 0.000745
74 0.000787
75 0.000784
76 0.000782
77 0.000780
78 0.000778
79 0.000798
80 0.000816
81 0.000813
82 0.000811
83 0.000808
84 0.000805
85 0.000842
86 0.000840
87 0.000836
88 0.000833
89 0.000829
90 0.000844
91 0.000860
92 0.000857
93 0.000853
94 0.000849
95 0.000846
96 0.000874
97 0.000873
98 0.000869
99 0.000865
100 0.000861
101 0.000870
102 0.000885
103 0.000880
104 0.000876
105 0.000871
106 0.000868
107 0.000890
108 0.000889
109 0.000886
110 0.000882
111 0.000878
112 0.000883
113 0.000898
114 0.000894
115 0.000890
116 0.000886
117 0.000882
118 0.000899
119 0.000901
120 0.000897
121 0.000894
122 0.000890
123 0.000893
124 0.000906
125 0.000903
126 0.000900
127 0.000897
128 0.000895
129 0.000908
130 0.000912
131 0.000910
132 0.000908
133 0.000907
134 0.000910
135 0.000925
136 0.000925
137 0.000923
138 0.000923
139 0.000922
140 0.000933
141 0.000939
142 0.000938
143 0.000937
144 0.000936
145 0.000938
146 0.000953
147 0.000952
148 0.000952
149 0.000952
150 0.000952
151 0.000961
152 0.000968
153 0.000968
154 0.000968
155 0.000969
156 0.000970
157 0.000984
158 0.000985
159 0.000985
160 0.000986
161 0.000986
162 0.000994
163 0.001001
164 0.001002
165 0.001002
166 0.001002
167 0.001003
168 0.001017
169 0.001017
170 0.001017
171 0.001018
172 0.001018
173 0.001025
174 0.001032
175 0.001033
176 0.001033
177 0.001033
178 0.001034
179 0.001047
180 0.001048
181 0.001048
182 0.001049
183 0.001049
184 0.001055
185 0.001063
186 0.001064
187 0.001064
188 0.001065
189 0.001065
190 0.001077
191 0.001079
192 0.001080
193 0.001080
194 0.001081
195 0.001085
196 0.001095
197 0.001095
198 0.001096
199 0.001096
200 0.001097
201 0.001108
202 0.001111
203 0.001111
204 0.001112
205 0.001113
206 0.001117
207 0.001127
208 0.001127
209 0.001128
210 0.001129
211 0.001129
212 0.001139
213 0.001143
214 0.001144
215 0.001145
216 0.001145
217 0.001149
218 0.001159
219 0.001160
220 0.001161
221 0.001161
222 0.001162
223 0.001171
224 0.001176
225 0.001177
226 0.001178
227 0.001179
228 0.001181
229 0.001192
230 0.001193
231 0.001194
232 0.001195
233 0.001196
234 0.001204
235 0.001210
236 0.001211
237 0.001212
238 0.001213
239 0.001215
240 0.001227
241 0.001228
242 0.001229
243 0.001231
244 0.001232
245 0.001239
246 0.001246
247 0.001247
248 0.001249
249 0.001250
250 0.001251
251 0.001264
252 0.001266
253 0.001267
254 0.001269
255 0.001270
256 0.001277
257 0.001285
258 0.001286
259 0.001288
260 0.001290
261 0.001291
262 0.001304
263 0.001306
264 0.001308
265 0.001310
266 0.001312
267 0.001318
268 0.001327
269 0.001329
270 0.001331
271 0.001333
272 0.001335
273 0.001346
274 0.001350
275 0.001352
276 0.001354
277 0.001356
278 0.001362
279 0.001372
280 0.001374
281 0.001376
282 0.001379
283 0.001381
284 0.001393
285 0.001397
286 0.001400
287 0.001402
288 0.001404
289 0.001410
290 0.001420
291 0.001423
292 0.001425
293 0.001428
294 0.001430
295 0.001441
296 0.001446
297 0.001449
298 0.001451
299 0.001454
300 0.001459
301 0.001470
302 0.001473
303 0.001475
304 0.001478
305 0.001481
306 0.001491
307 0.001497
308 0.001500
309 0.001502
310 0.001505
311 0.001509
312 0.001522
313 0.001525
314 0.001528
315 0.001530
316 0.001534
317 0.001543
318 0.001550
319 0.001553
320 0.001556
321 0.001559
322 0.001563
323 0.001576
324 0.001579
325 0.001583
326 0.001586
327 0.001590
328 0.001599
329 0.001607
330 0.001611
331 0.001615
