0 0.361342
1 0.000001
2 0.000231
3 0.000231
4 0.000231
5 0.000336
6 0.000567
7 0.000668
8 0.000782
9 0.000912
10 0.000990
11 0.001146
12 0.001190
13 0.001371
14 0.001400
15 0.001570
16 0.001614
17 0.001749
18 0.001817
19 0.001920
20 0.002011
21 0.002084
22 0.002196
23 0.002241
24 0.002372
25 0.002395
26 0.002536
27 0.002559
28 0.002671
29 0.002713
30 0.002800
31 0.002860
32 0.002923
33 0.002997
34 0.003037
35 0.003123
36 0.003145
37 0.003243
38 0.003257
39 0.003341
40 0.003363
41 0.003428
42 0.003462
43 0.003510
44 0.003552
45 0.003582
46 0.003635
47 0.003654
48 0.003710
49 0.003718
50 0.003772
51 0.003783
52 0.003824
53 0.003839
54 0.003866
55 0.003886
56 0.003905
57 0.003928
58 0.003939
59 0.003968
60 0.003974
61 0.004007
62 0.004015
63 0.004047
64 0.004057
65 0.004083
66 0.004099
67 0.004119
68 0.004138
69 0.004152
70 0.004181
71 0.004194
72 0.004225
73 0.004232
74 0.004267
75 0.004278
76 0.004303
77 0.004317
78 0.004334
79 0.004344
80 0.004352
81 0.004364
82 0.004365
83 0.004379
84 0.004374
85 0.004394
86 0.004389
87 0.004399
88 0.004397
89 0.004405
90 0.004397
91 0.004389
92 0.004385
93 0.004379
94 0.004387
95 0.004388
96 0.004402
97 0.004391
98 0.004403
99 0.004397
100 0.004395
101 0.004381
102 0.004370
103 0.004358
104 0.004343
105 0.004334
106 0.004315
107 0.004309
108 0.004289
109 0.004285
110 0.004267
111 0.004260
112 0.004247
113 0.004240
114 0.004231
115 0.004221
116 0.004215
117 0.004205
118 0.004202
119 0.004198
120 0.004209
121 0.004207
122 0.004220
123 0.004225
124 0.004238
125 0.004247
126 0.004260
127 0.004273
128 0.004281
129 0.004295
130 0.004302
131 0.004318
132 0.004324
133 0.004340
134 0.004347
135 0.004362
136 0.004371
137 0.004383
138 0.004394
139 0.004405
140 0.004418
141 0.004427
142 0.004442
143 0.004450
144 0.004466
145 0.004474
146 0.004490
147 0.004499
148 0.004513
149 0.004524
150 0.004537
151 0.004550
152 0.004562
153 0.004577
154 0.004588
155 0.004603
156 0.004610
157 0.004621
158 0.004625
159 0.004630
160 0.004628
161 0.004622
162 0.004598
163 0.004572
164 0.004548
165 0.004520
166 0.004496
167 0.004468
168 0.004447
169 0.004422
170 0.004402
171 0.004383
172 0.004378
173 0.004374
174 0.004372
175 0.004373
176 0.004375
177 0.004381
178 0.004386
179 0.004394
180 0.004402
181 0.004411
182 0.004420
183 0.004427
184 0.004433
185 0.004439
186 0.004445
187 0.004451
188 0.004456
189 0.004462
190 0.004467
191 0.004472
192 0.004477
193 0.004482
194 0.004486
195 0.004491
196 0.004496
197 0.004500
198 0.004506
199 0.004510
200 0.004515
201 0.004520
202 0.004526
203 0.004529
204 0.004535
205 0.004539
206 0.004545
207 0.004550
208 0.004555
209 0.004560
210 0.004565
211 0.004570
212 0.004574
213 0.004581
214 0.004584
215 0.004592
216 0.004596
217 0.004603
218 0.004608
219 0.004616
220 0.004622
221 0.004629
222 0.004638
223 0.004645
224 0.004655
225 0.004659
226 0.004666
227 0.004663
228 0.004666
229 0.004658
230 0.004652
231 0.004625
232 0.004597
233 0.004569
234 0.004540
235 0.004513
236 0.004483
237 0.004458
238 0.004424
239 0.004399
240 0.004368
241 0.004355
242 0.004341
243 0.004332
244 0.004321
245 0.004315
246 0.004310
247 0.004304
248 0.004303
249 0.004297
250 0.004300
251 0.004291
252 0.004295
253 0.004289
254 0.004292
255 0.004287
256 0.004288
257 0.004287
258 0.004284
259 0.004286
260 0.004281
261 0.004286
262 0.004278
263 0.004283
264 0.004276
265 0.004280
266 0.004276
267 0.004277
268 0.004275
269 0.004273
270 0.004274
271 0.004270
272 0.004274
273 0.004266
274 0.004273
275 0.004263
276 0.004269
277 0.004263
278 0.004266
279 0.004263
280 0.004263
281 0.004262
282 0.004258
283 0.004258
284 0.004246
285 0.004247
286 0.004228
287 0.004226
288 0.004200
289 0.004179
290 0.004144
291 0.004115
292 0.004084
293 0.004052
294 0.004024
295 0.003989
296 0.003965
297 0.003927
298 0.003908
299 0.003869
300 0.003855
301 0.003832
302 0.003822
303 0.003805
304 0.003794
305 0.003784
306 0.003770
307 0.003767
308 0.003751
309 0.003753
310 0.003734
311 0.003738
312 0.003722
313 0.003722
314 0.003711
315 0.003708
316 0.003701
317 0.003693
318 0.003691
319 0.003678
320 0.003681
321 0.003663
322 0.003669
323 0.003651
324 0.003655
325 0.003641
326 0.003639
327 0.003631
328 0.003624
329 0.003621
330 0.003609
331 0.003610
