0 0.361327
1 0.000001
2 0.000289
3 0.000289
4 0.000290
5 0.000293
6 0.000293
7 0.000295
8 0.000298
9 0.000299
10 0.000304
11 0.000306
12 0.000306
13 0.000621
14 0.000643
15 0.000664
16 0.000773
17 0.000771
18 0.000821
19 0.000895
20 0.000894
21 0.000970
22 0.001012
23 0.001011
24 0.001109
25 0.001122
26 0.001131
27 0.001228
28 0.001225
29 0.001257
30 0.001325
31 0.001320
32 0.001373
33 0.001411
34 0.001406
35 0.001476
36 0.001489
37 0.001484
38 0.001565
39 0.001556
40 0.001569
41 0.001622
42 0.001611
43 0.001640
44 0.001668
45 0.001654
46 0.001695
47 0.001701
48 0.001686
49 0.001738
50 0.001724
51 0.001721
52 0.001756
53 0.001738
54 0.001748
55 0.001766
56 0.001751
57 0.001772
58 0.001775
59 0.001760
60 0.001792
61 0.001782
62 0.001774
63 0.001801
64 0.001789
65 0.001796
66 0.001815
67 0.001810
68 0.001830
69 0.001842
70 0.001839
71 0.001866
72 0.001869
73 0.001869
74 0.001900
75 0.001898
76 0.001908
77 0.001930
78 0.001932
79 0.001950
80 0.001965
81 0.001967
82 0.001990
83 0.001998
84 0.002000
85 0.002028
86 0.002029
87 0.002037
88 0.002059
89 0.002061
90 0.002075
91 0.002090
92 0.002092
93 0.002112
94 0.002122
95 0.002124
96 0.002150
97 0.002154
98 0.002160
99 0.002184
100 0.002186
101 0.002199
102 0.002216
103 0.002218
104 0.002237
105 0.002249
106 0.002251
107 0.002276
108 0.002282
109 0.002287
110 0.002312
111 0.002315
112 0.002327
113 0.002346
114 0.002350
115 0.002366
116 0.002380
117 0.002384
118 0.002407
119 0.002416
120 0.002421
121 0.002448
122 0.002453
123 0.002464
124 0.002486
125 0.002491
126 0.002508
127 0.002525
128 0.002531
129 0.002554
130 0.002567
131 0.002573
132 0.002602
133 0.002610
134 0.002622
135 0.002647
136 0.002655
137 0.002673
138 0.002694
139 0.002703
140 0.002726
141 0.002743
142 0.002752
143 0.002781
144 0.002793
145 0.002805
146 0.002834
147 0.002844
148 0.002862
149 0.002886
150 0.002896
151 0.002920
152 0.002938
153 0.002949
154 0.002978
155 0.002992
156 0.003005
157 0.003036
158 0.003048
159 0.003066
160 0.003093
161 0.003105
162 0.003129
163 0.003151
164 0.003165
165 0.003195
166 0.003216
167 0.003232
168 0.003271
169 0.003290
170 0.003314
171 0.003349
172 0.003369
173 0.003398
174 0.003429
175 0.003449
176 0.003484
177 0.003511
178 0.003532
179 0.003573
180 0.003596
181 0.003622
182 0.003662
183 0.003685
184 0.003717
185 0.003752
186 0.003774
187 0.003809
188 0.003839
189 0.003861
190 0.003899
191 0.003923
192 0.003945
193 0.003984
194 0.004003
195 0.004026
196 0.004052
197 0.004061
198 0.004075
199 0.004083
200 0.004080
201 0.004087
202 0.004080
203 0.004067
204 0.004067
205 0.004046
206 0.004027
207 0.004013
208 0.003982
209 0.003956
210 0.003925
211 0.003882
212 0.003851
213 0.003809
214 0.003762
215 0.003732
216 0.003687
217 0.003642
218 0.003605
219 0.003556
220 0.003516
221 0.003483
222 0.003452
223 0.003437
224 0.003423
225 0.003409
226 0.003408
227 0.003403
228 0.003404
229 0.003420
230 0.003427
231 0.003438
232 0.003454
233 0.003465
234 0.003482
235 0.003498
236 0.003511
237 0.003533
238 0.003548
239 0.003564
240 0.003588
241 0.003604
242 0.003622
243 0.003646
244 0.003663
245 0.003686
246 0.003709
247 0.003727
248 0.003754
249 0.003776
250 0.003796
251 0.003825
252 0.003846
253 0.003870
254 0.003899
255 0.003921
256 0.003948
257 0.003975
258 0.003999
259 0.004026
260 0.004050
261 0.004067
262 0.004088
263 0.004094
264 0.004094
265 0.004091
266 0.004077
267 0.004062
268 0.004045
269 0.004021
270 0.003997
271 0.003969
272 0.003936
273 0.003905
274 0.003868
275 0.003828
276 0.003791
277 0.003746
278 0.003700
279 0.003652
280 0.003611
281 0.003582
282 0.003559
283 0.003537
284 0.003523
285 0.003511
286 0.003503
287 0.003503
288 0.003501
289 0.003501
290 0.003503
291 0.003504
292 0.003507
293 0.003510
294 0.003513
295 0.003519
296 0.003525
297 0.003530
298 0.003538
299 0.003545
300 0.003553
301 0.003563
302 0.003573
303 0.003583
304 0.003594
305 0.003606
306 0.003618
307 0.003630
308 0.003643
309 0.003656
310 0.003670
311 0.003684
312 0.003699
313 0.003714
314 0.003729
315 0.003745
316 0.003761
317 0.003777
318 0.003794
319 0.003812
320 0.003829
321 0.003848
322 0.003867
323 0.003885
324 0.003905
325 0.003926
326 0.003945
327 0.003967
328 0.003989
329 0.004010
330 0.004033
331 0.004054
