0 0.361143
1 0.000001
2 0.000065
3 0.000065
4 0.000097
5 0.000204
6 0.000204
7 0.000267
8 0.000339
9 0.000339
10 0.000431
11 0.000470
12 0.000470
13 0.000589
14 0.000597
15 0.000618
16 0.000720
17 0.000720
18 0.000767
19 0.000838
20 0.000838
21 0.000909
22 0.000951
23 0.000951
24 0.001045
25 0.001060
26 0.001071
27 0.001164
28 0.001165
29 0.001199
30 0.001265
31 0.001265
32 0.001320
33 0.001361
34 0.001361
35 0.001434
36 0.001452
37 0.001455
38 0.001538
39 0.001539
40 0.001561
41 0.001620
42 0.001621
43 0.001658
44 0.001697
45 0.001697
46 0.001749
47 0.001768
48 0.001767
49 0.001831
50 0.001832
51 0.001844
52 0.001892
53 0.001891
54 0.001915
55 0.001946
56 0.001944
57 0.001977
58 0.001993
59 0.001991
60 0.002031
61 0.002033
62 0.002037
63 0.002071
64 0.002069
65 0.002081
66 0.002102
67 0.002100
68 0.002118
69 0.002129
70 0.002126
71 0.002147
72 0.002150
73 0.002149
74 0.002169
75 0.002166
76 0.002169
77 0.002180
78 0.002177
79 0.002183
80 0.002187
81 0.002184
82 0.002190
83 0.002190
84 0.002188
85 0.002195
86 0.002194
87 0.002194
88 0.002200
89 0.002199
90 0.002202
91 0.002206
92 0.002205
93 0.002181
94 0.002172
95 0.002172
96 0.002168
97 0.002168
98 0.002169
99 0.002173
100 0.002173
101 0.002177
102 0.002183
103 0.002184
104 0.002184
105 0.002185
106 0.002186
107 0.002144
108 0.002139
109 0.002140
110 0.002144
111 0.002145
112 0.002147
113 0.002150
114 0.002151
115 0.002155
116 0.002158
117 0.002159
118 0.002150
119 0.002149
120 0.002150
121 0.002156
122 0.002157
123 0.002159
124 0.002163
125 0.002164
126 0.002161
127 0.002158
128 0.002158
129 0.002163
130 0.002165
131 0.002165
132 0.002171
133 0.002171
134 0.002171
135 0.002169
136 0.002168
137 0.002172
138 0.002175
139 0.002175
140 0.002175
141 0.002174
142 0.002174
143 0.002180
144 0.002180
145 0.002180
146 0.002180
147 0.002180
148 0.002182
149 0.002186
150 0.002185
151 0.002185
152 0.002185
153 0.002184
154 0.002189
155 0.002189
156 0.002188
157 0.002188
158 0.002187
159 0.002188
160 0.002192
161 0.002190
162 0.002189
163 0.002188
164 0.002186
165 0.002191
166 0.002190
167 0.002188
168 0.002187
169 0.002183
170 0.002181
171 0.002183
172 0.002179
173 0.002176
174 0.002173
175 0.002168
176 0.002169
177 0.002167
178 0.002162
179 0.002162
180 0.002157
181 0.002153
182 0.002153
183 0.002148
184 0.002145
185 0.002144
186 0.002139
187 0.002139
188 0.002137
189 0.002132
190 0.002133
191 0.002130
192 0.002128
193 0.002132
194 0.002131
195 0.002132
196 0.002135
197 0.002134
198 0.002137
199 0.002139
200 0.002137
201 0.002141
202 0.002141
203 0.002140
204 0.002144
205 0.002143
206 0.002143
207 0.002146
208 0.002144
209 0.002146
210 0.002148
211 0.002147
212 0.002151
213 0.002151
214 0.002151
215 0.002156
216 0.002155
217 0.002156
218 0.002159
219 0.002159
220 0.002160
221 0.002163
222 0.002162
223 0.002166
224 0.002168
225 0.002168
226 0.002174
227 0.002175
228 0.002176
229 0.002182
230 0.002183
231 0.002186
232 0.002190
233 0.002192
234 0.002196
235 0.002199
236 0.002200
237 0.002206
238 0.002209
239 0.002210
240 0.002217
241 0.002218
242 0.002221
243 0.002226
244 0.002228
245 0.002232
246 0.002236
247 0.002238
248 0.002243
249 0.002246
250 0.002247
251 0.002254
252 0.002255
253 0.002257
254 0.002262
255 0.002263
256 0.002267
257 0.002270
258 0.002271
259 0.002275
260 0.002278
261 0.002278
262 0.002284
263 0.002285
264 0.002287
265 0.002291
266 0.002292
267 0.002294
268 0.002297
269 0.002298
270 0.002301
271 0.002303
272 0.002303
273 0.002306
274 0.002307
275 0.002308
276 0.002311
277 0.002311
278 0.002312
279 0.002314
280 0.002313
281 0.002315
282 0.002316
283 0.002315
284 0.002317
285 0.002317
286 0.002316
287 0.002318
288 0.002316
289 0.002316
290 0.002316
291 0.002314
292 0.002314
293 0.002313
294 0.002310
295 0.002309
296 0.002306
297 0.002302
298 0.002301
299 0.002296
300 0.002291
301 0.002288
302 0.002283
303 0.002279
304 0.002274
305 0.002268
306 0.002263
307 0.002258
308 0.002251
309 0.002246
310 0.002239
311 0.002232
312 0.002226
313 0.002219
314 0.002212
315 0.002207
316 0.002201
317 0.002196
318 0.002191
319 0.002186
320 0.002181
321 0.002176
322 0.002171
323 0.002166
324 0.002161
325 0.002157
326 0.002154
327 0.002150
328 0.002147
329 0.002145
330 0.002142
331 0.002139
