0 0.361342
1 0.000001
2 0.000268
3 0.000268
4 0.000268
5 0.000267
6 0.000268
7 0.000267
8 0.000267
9 0.000267
10 0.000267
11 0.000267
12 0.000267
13 0.000267
14 0.000266
15 0.000266
16 0.000266
17 0.000266
18 0.000266
19 0.000266
20 0.000266
21 0.000266
22 0.000266
23 0.000265
24 0.000540
25 0.000582
26 0.000582
27 0.000581
28 0.000581
29 0.000620
30 0.000699
31 0.000698
32 0.000697
33 0.000697
34 0.000696
35 0.000787
36 0.000809
37 0.000808
38 0.000807
39 0.000806
40 0.000835
41 0.000915
42 0.000914
43 0.000913
44 0.000911
45 0.000910
46 0.000987
47 0.001014
48 0.001012
49 0.001011
50 0.001009
51 0.001028
52 0.001108
53 0.001107
54 0.001105
55 0.001103
56 0.001101
57 0.001165
58 0.001195
59 0.001193
60 0.001191
61 0.001189
62 0.001199
63 0.001278
64 0.001276
65 0.001273
66 0.001271
67 0.001269
68 0.001320
69 0.001353
70 0.001350
71 0.001348
72 0.001345
73 0.001348
74 0.001424
75 0.001421
76 0.001418
77 0.001415
78 0.001413
79 0.001453
80 0.001487
81 0.001484
82 0.001481
83 0.001478
84 0.001474
85 0.001548
86 0.001544
87 0.001541
88 0.001537
89 0.001534
90 0.001564
91 0.001599
92 0.001595
93 0.001592
94 0.001588
95 0.001584
96 0.001644
97 0.001645
98 0.001641
99 0.001637
100 0.001633
101 0.001655
102 0.001690
103 0.001686
104 0.001682
105 0.001678
106 0.001673
107 0.001722
108 0.001726
109 0.001721
110 0.001717
111 0.001713
112 0.001728
113 0.001761
114 0.001757
115 0.001753
116 0.001749
117 0.001744
118 0.001782
119 0.001789
120 0.001784
121 0.001780
122 0.001776
123 0.001785
124 0.001817
125 0.001812
126 0.001808
127 0.001803
128 0.001799
129 0.001829
130 0.001836
131 0.001832
132 0.001828
133 0.001823
134 0.001828
135 0.001858
136 0.001853
137 0.001849
138 0.001845
139 0.001841
140 0.001863
141 0.001872
142 0.001868
143 0.001863
144 0.001859
145 0.001860
146 0.001887
147 0.001883
148 0.001879
149 0.001875
150 0.001872
151 0.001887
152 0.001896
153 0.001893
154 0.001889
155 0.001885
156 0.001883
157 0.001907
158 0.001903
159 0.001900
160 0.001896
161 0.001893
162 0.001903
163 0.001912
164 0.001909
165 0.001905
166 0.001902
167 0.001899
168 0.001921
169 0.001918
170 0.001914
171 0.001911
172 0.001907
173 0.001916
174 0.001926
175 0.001923
176 0.001919
177 0.001916
178 0.001912
179 0.001932
180 0.001930
181 0.001927
182 0.001924
183 0.001920
184 0.001927
185 0.001938
186 0.001935
187 0.001931
188 0.001928
189 0.001925
190 0.001942
191 0.001942
192 0.001938
193 0.001935
194 0.001931
195 0.001935
196 0.001947
197 0.001944
198 0.001940
199 0.001937
200 0.001934
201 0.001948
202 0.001949
203 0.001946
204 0.001942
205 0.001939
206 0.001941
207 0.001953
208 0.001950
209 0.001946
210 0.001942
211 0.001939
212 0.001951
213 0.001953
214 0.001950
215 0.001946
216 0.001942
217 0.001943
218 0.001956
219 0.001952
220 0.001949
221 0.001945
222 0.001941
223 0.001951
224 0.001954
225 0.001951
226 0.001947
227 0.001943
228 0.001942
229 0.001956
230 0.001952
231 0.001948
232 0.001945
233 0.001941
234 0.001949
235 0.001953
236 0.001949
237 0.001945
238 0.001941
239 0.001938
240 0.001952
241 0.001948
242 0.001944
243 0.001940
244 0.001936
245 0.001942
246 0.001947
247 0.001943
248 0.001939
249 0.001935
250 0.001931
251 0.001945
252 0.001941
253 0.001937
254 0.001933
255 0.001929
256 0.001934
257 0.001939
258 0.001935
259 0.001931
260 0.001927
261 0.001923
262 0.001935
263 0.001932
264 0.001928
265 0.001924
266 0.001921
267 0.001923
268 0.001929
269 0.001926
270 0.001922
271 0.001918
272 0.001914
273 0.001924
274 0.001923
275 0.001919
276 0.001915
277 0.001912
278 0.001913
279 0.001920
280 0.001916
281 0.001912
282 0.001909
283 0.001906
284 0.001914
285 0.001914
286 0.001910
287 0.001907
288 0.001903
289 0.001904
290 0.001911
291 0.001908
292 0.001905
293 0.001901
294 0.001898
295 0.001906
296 0.001906
297 0.001903
298 0.001900
299 0.001897
300 0.001896
301 0.001905
302 0.001901
303 0.001898
304 0.001895
305 0.001892
306 0.001898
307 0.001900
308 0.001897
309 0.001894
310 0.001891
311 0.001890
312 0.001899
313 0.001896
314 0.001894
315 0.001891
316 0.001889
317 0.001894
318 0.001896
319 0.001894
320 0.001891
321 0.001889
322 0.001887
323 0.001897
324 0.001894
325 0.001892
326 0.001890
327 0.001888
328 0.001894
329 0.001898
330 0.001897
331 0.001896
