0 0.361342
1 0.000001
2 0.000563
3 0.000735
4 0.001664
5 0.001996
6 0.002729
7 0.003210
8 0.003757
9 0.004374
10 0.004746
11 0.005488
12 0.005696
13 0.006550
14 0.006682
15 0.007481
16 0.007678
17 0.008308
18 0.008618
19 0.009089
20 0.009502
21 0.009826
22 0.010328
23 0.010516
24 0.011096
25 0.011174
26 0.011791
27 0.011867
28 0.012345
29 0.012500
30 0.012850
31 0.013074
32 0.013307
33 0.013589
34 0.013718
35 0.014045
36 0.014078
37 0.014439
38 0.014436
39 0.014729
40 0.014754
41 0.014951
42 0.015013
43 0.015124
44 0.015213
45 0.015250
46 0.015358
47 0.015334
48 0.015449
49 0.015382
50 0.015478
51 0.015406
52 0.015439
53 0.015381
54 0.015363
55 0.015314
56 0.015261
57 0.015219
58 0.015138
59 0.015105
60 0.015003
61 0.014976
62 0.014867
63 0.014823
64 0.014727
65 0.014667
66 0.014588
67 0.014518
68 0.014445
69 0.014354
70 0.014281
71 0.014169
72 0.014093
73 0.013965
74 0.013878
75 0.013749
76 0.013654
77 0.013544
78 0.013459
79 0.013374
80 0.013293
81 0.013225
82 0.013148
83 0.013091
84 0.013017
85 0.012970
86 0.012905
87 0.012859
88 0.012803
89 0.012759
90 0.012712
91 0.012669
92 0.012630
93 0.012596
94 0.012572
95 0.012547
96 0.012525
97 0.012497
98 0.012468
99 0.012435
100 0.012410
101 0.012385
102 0.012361
103 0.012336
104 0.012322
105 0.012306
106 0.012294
107 0.012267
108 0.012250
109 0.012211
110 0.012188
111 0.012146
112 0.012113
113 0.012069
114 0.012028
115 0.011986
116 0.011939
117 0.011905
118 0.011855
119 0.011831
120 0.011777
121 0.011759
122 0.011708
123 0.011683
124 0.011639
125 0.011607
126 0.011567
127 0.011525
128 0.011491
129 0.011438
130 0.011410
131 0.011343
132 0.011322
133 0.011247
134 0.011223
135 0.011156
136 0.011121
137 0.011064
138 0.011016
139 0.010978
140 0.010926
141 0.010902
142 0.010836
143 0.010825
144 0.010745
145 0.010736
146 0.010662
147 0.010640
148 0.010577
149 0.010539
150 0.010489
151 0.010435
152 0.010399
153 0.010326
154 0.010307
155 0.010211
156 0.010196
157 0.010093
158 0.010071
159 0.009984
160 0.009944
161 0.009875
162 0.009820
163 0.009773
164 0.009696
165 0.009668
166 0.009568
167 0.009561
168 0.009437
169 0.009429
170 0.009323
171 0.009292
172 0.009206
173 0.009150
174 0.009084
175 0.009002
176 0.008957
177 0.008850
178 0.008827
179 0.008691
180 0.008677
181 0.008538
182 0.008508
183 0.008389
184 0.008329
185 0.008232
186 0.008142
187 0.008068
188 0.007943
189 0.007893
190 0.007734
191 0.007707
192 0.007524
193 0.007491
194 0.007335
195 0.007274
196 0.007147
197 0.007053
198 0.006954
199 0.006825
200 0.006754
201 0.006589
202 0.006549
203 0.006348
204 0.006316
205 0.006125
206 0.006067
207 0.005907
208 0.005813
209 0.005685
210 0.005554
211 0.005459
212 0.005291
213 0.005229
214 0.005022
215 0.004986
216 0.004760
217 0.004713
218 0.004520
219 0.004434
220 0.004276
221 0.004150
222 0.004030
223 0.003862
224 0.003778
225 0.003567
226 0.003522
227 0.003269
228 0.003228
229 0.003001
230 0.002884
231 0.002598
232 0.002598
233 0.002597
234 0.002268
235 0.002049
236 0.002049
237 0.002050
238 0.001535
239 0.001484
240 0.001485
241 0.001159
242 0.000016
243 0.000016
244 0.000016
245 0.000016
246 0.000017
247 0.000016
248 0.000017
249 0.000016
250 0.000016
251 0.001946
252 0.002140
253 0.003194
254 0.003570
255 0.004406
256 0.004956
257 0.005590
258 0.006310
259 0.006762
260 0.007653
261 0.007945
262 0.009014
263 0.009261
264 0.010329
265 0.010707
266 0.011615
267 0.012088
268 0.012667
269 0.013035
270 0.013131
271 0.014172
272 0.016798
273 0.020611
274 0.023153
275 0.031336
276 0.048781
277 0.088293
278 0.030180
279 0.038535
280 0.095124
281 0.052438
282 0.034568
283 0.025712
284 0.023766
285 0.020716
286 0.019103
287 0.018237
288 0.017131
289 0.015946
290 0.015577
291 0.015550
292 0.015572
293 0.015660
294 0.015741
295 0.015888
296 0.015959
297 0.016135
298 0.016155
299 0.016234
300 0.016077
301 0.015942
302 0.015707
303 0.015527
304 0.015353
305 0.015216
306 0.015109
307 0.015023
308 0.014967
309 0.014938
310 0.014932
311 0.014974
312 0.015025
313 0.015134
314 0.015253
315 0.015429
316 0.015696
317 0.016086
318 0.016666
319 0.017232
320 0.017949
321 0.018554
322 0.019399
323 0.019888
324 0.020086
325 0.019492
326 0.018716
327 0.017938
328 0.017636
329 0.022083
330 0.027304
331 0.036548
