0 0.360356
1 0.000001
2 0.000431
3 0.000431
4 0.000431
5 0.000431
6 0.000431
7 0.000718
8 0.001045
9 0.001046
10 0.001309
11 0.001423
12 0.001423
13 0.001752
14 0.001776
15 0.001831
16 0.002105
17 0.002105
18 0.002227
19 0.002410
20 0.002410
21 0.002588
22 0.002692
23 0.002692
24 0.002915
25 0.002950
26 0.002973
27 0.003184
28 0.003184
29 0.003254
30 0.003395
31 0.003396
32 0.003502
33 0.003584
34 0.003585
35 0.003716
36 0.003750
37 0.003756
38 0.003892
39 0.003893
40 0.003926
41 0.004012
42 0.004014
43 0.004061
44 0.004107
45 0.004108
46 0.004157
47 0.004174
48 0.004174
49 0.004214
50 0.004215
51 0.004218
52 0.004231
53 0.004231
54 0.004228
55 0.004223
56 0.004223
57 0.004202
58 0.004191
59 0.004191
60 0.004142
61 0.004136
62 0.004126
63 0.004059
64 0.004059
65 0.004023
66 0.003959
67 0.003960
68 0.003886
69 0.003837
70 0.003838
71 0.003714
72 0.003691
73 0.003680
74 0.003518
75 0.003520
76 0.003461
77 0.003323
78 0.003324
79 0.003206
80 0.003103
81 0.003103
82 0.002980
83 0.002943
84 0.002943
85 0.002674
86 0.002674
87 0.002646
88 0.002594
89 0.002595
90 0.002601
91 0.002645
92 0.002646
93 0.002752
94 0.002813
95 0.002815
96 0.003035
97 0.003054
98 0.003099
99 0.003334
100 0.003336
101 0.003454
102 0.003639
103 0.003641
104 0.003838
105 0.003956
106 0.003959
107 0.004232
108 0.004279
109 0.004313
110 0.004598
111 0.004603
112 0.004709
113 0.004920
114 0.004926
115 0.005103
116 0.005241
117 0.005248
118 0.005490
119 0.005558
120 0.005576
121 0.005861
122 0.005872
123 0.005956
124 0.006170
125 0.006183
126 0.006329
127 0.006477
128 0.006493
129 0.006696
130 0.006784
131 0.006804
132 0.007061
133 0.007093
134 0.007166
135 0.007380
136 0.007411
137 0.007540
138 0.007702
139 0.007741
140 0.007924
141 0.008041
142 0.008092
143 0.008328
144 0.008410
145 0.008502
146 0.008739
147 0.008813
148 0.008950
149 0.009137
150 0.009210
151 0.009378
152 0.009492
153 0.009529
154 0.009669
155 0.009682
156 0.009649
157 0.009700
158 0.009599
159 0.009503
160 0.009434
161 0.009321
162 0.009316
163 0.009319
164 0.009282
165 0.009307
166 0.009276
167 0.009211
168 0.009190
169 0.009093
170 0.008998
171 0.008914
172 0.008771
173 0.008633
174 0.008538
175 0.008457
176 0.008410
177 0.008372
178 0.008336
179 0.008307
180 0.008290
181 0.008296
182 0.008310
183 0.008332
184 0.008347
185 0.008358
186 0.008387
187 0.008397
188 0.008417
189 0.008449
190 0.008434
191 0.008462
192 0.008492
193 0.008479
194 0.008519
195 0.008532
196 0.008519
197 0.008564
198 0.008556
199 0.008562
200 0.008616
201 0.008590
202 0.008628
203 0.008687
204 0.008623
205 0.008693
206 0.008727
207 0.008692
208 0.008773
209 0.008779
210 0.008788
211 0.008881
212 0.008835
213 0.008883
214 0.008988
215 0.008887
216 0.008993
217 0.009063
218 0.008990
219 0.009116
220 0.009140
221 0.009128
222 0.009258
223 0.009193
224 0.009225
225 0.009364
226 0.009208
227 0.009323
228 0.009433
229 0.009277
230 0.009447
231 0.009479
232 0.009402
233 0.009596
234 0.009525
235 0.009545
236 0.009765
237 0.009564
238 0.009707
239 0.009916
240 0.009673
241 0.009931
242 0.010016
243 0.009838
244 0.010130
245 0.010048
246 0.010008
247 0.010332
248 0.010025
249 0.010156
250 0.010508
251 0.009897
252 0.010238
253 0.010349
254 0.009844
255 0.010184
256 0.009951
257 0.009589
258 0.009901
259 0.009213
260 0.009038
261 0.009287
262 0.008015
263 0.008077
264 0.007958
265 0.006647
266 0.006764
267 0.005733
268 0.004069
269 0.004112
270 0.004154
271 0.004200
272 0.004243
273 0.000490
274 0.000096
275 0.000097
276 0.000096
277 0.000096
278 0.001322
279 0.003930
280 0.003930
281 0.005367
282 0.006466
283 0.006466
284 0.008442
285 0.008935
286 0.009014
287 0.011338
288 0.011336
289 0.011958
290 0.013671
291 0.013668
292 0.014801
293 0.015934
294 0.015929
295 0.017539
296 0.018120
297 0.018112
298 0.020170
299 0.020230
300 0.020634
301 0.022276
302 0.022262
303 0.023115
304 0.024230
305 0.024213
306 0.025480
307 0.026103
308 0.026082
309 0.027733
310 0.027895
311 0.028108
312 0.029632
313 0.029606
314 0.030208
315 0.031267
316 0.031237
317 0.032196
318 0.032833
319 0.032825
320 0.034156
321 0.034469
322 0.034672
323 0.036244
324 0.036395
325 0.036986
326 0.038073
327 0.037866
328 0.038106
329 0.037985
330 0.036755
331 0.036156
