0 0.361342
1 0.000001
2 0.000159
3 0.000159
4 0.000160
5 0.000159
6 0.000159
7 0.000303
8 0.000467
9 0.000467
10 0.000468
11 0.000467
12 0.000467
13 0.000740
14 0.000759
15 0.000760
16 0.000759
17 0.000760
18 0.000870
19 0.001035
20 0.001036
21 0.001036
22 0.001036
23 0.001036
24 0.001261
25 0.001296
26 0.001296
27 0.001296
28 0.001297
29 0.001378
30 0.001541
31 0.001541
32 0.001542
33 0.001542
34 0.001542
35 0.001725
36 0.001771
37 0.001771
38 0.001772
39 0.001772
40 0.001829
41 0.001985
42 0.001985
43 0.001986
44 0.001987
45 0.001988
46 0.002132
47 0.002184
48 0.002186
49 0.002186
50 0.002186
51 0.002223
52 0.002368
53 0.002369
54 0.002370
55 0.002371
56 0.002372
57 0.002482
58 0.002538
59 0.002538
60 0.002539
61 0.002540
62 0.002561
63 0.002690
64 0.002691
65 0.002692
66 0.002694
67 0.002695
68 0.002775
69 0.002829
70 0.002830
71 0.002832
72 0.002833
73 0.002842
74 0.002951
75 0.002952
76 0.002954
77 0.002955
78 0.002957
79 0.003011
80 0.003059
81 0.003061
82 0.003062
83 0.003064
84 0.003064
85 0.003150
86 0.003151
87 0.003153
88 0.003154
89 0.003155
90 0.003188
91 0.003226
92 0.003227
93 0.003229
94 0.003231
95 0.003232
96 0.003281
97 0.003286
98 0.003287
99 0.003289
100 0.003290
101 0.003306
102 0.003329
103 0.003330
104 0.003332
105 0.003333
106 0.003334
107 0.003352
108 0.003356
109 0.003358
110 0.003359
111 0.003361
112 0.003363
113 0.003366
114 0.003367
115 0.003369
116 0.003371
117 0.003372
118 0.003362
119 0.003361
120 0.003362
121 0.003364
122 0.003365
123 0.003358
124 0.003337
125 0.003339
126 0.003339
127 0.003341
128 0.003343
129 0.003310
130 0.003298
131 0.003299
132 0.003301
133 0.003302
134 0.003291
135 0.003242
136 0.003243
137 0.003243
138 0.003244
139 0.003245
140 0.003193
141 0.003168
142 0.003169
143 0.003169
144 0.003171
145 0.003159
146 0.003077
147 0.003078
148 0.003079
149 0.003078
150 0.003080
151 0.003014
152 0.002970
153 0.002971
154 0.002971
155 0.002972
156 0.002964
157 0.002848
158 0.002848
159 0.002848
160 0.002847
161 0.002848
162 0.002824
163 0.002810
164 0.002809
165 0.002808
166 0.002807
167 0.002806
168 0.002886
169 0.002883
170 0.002880
171 0.002877
172 0.002874
173 0.002928
174 0.002999
175 0.002996
176 0.002991
177 0.002986
178 0.002982
179 0.003131
180 0.003139
181 0.003132
182 0.003127
183 0.003120
184 0.003187
185 0.003297
186 0.003290
187 0.003283
188 0.003275
189 0.003269
190 0.003457
191 0.003480
192 0.003473
193 0.003464
194 0.003456
195 0.003522
196 0.003667
197 0.003658
198 0.003649
199 0.003640
200 0.003632
201 0.003811
202 0.003850
203 0.003840
204 0.003831
205 0.003821
206 0.003875
207 0.004046
208 0.004036
209 0.004025
210 0.004016
211 0.004005
212 0.004178
213 0.004235
214 0.004224
215 0.004214
216 0.004203
217 0.004243
218 0.004437
219 0.004426
220 0.004415
221 0.004405
222 0.004395
223 0.004555
224 0.004631
225 0.004620
226 0.004610
227 0.004600
228 0.004624
229 0.004838
230 0.004828
231 0.004818
232 0.004809
233 0.004799
234 0.004944
235 0.005039
236 0.005030
237 0.005021
238 0.005012
239 0.005021
240 0.005252
241 0.005244
242 0.005236
243 0.005229
244 0.005221
245 0.005350
246 0.005461
247 0.005455
248 0.005448
249 0.005442
250 0.005437
251 0.005681
252 0.005676
253 0.005671
254 0.005666
255 0.005662
256 0.005772
257 0.005900
258 0.005896
259 0.005893
260 0.005890
261 0.005887
262 0.006110
263 0.006124
264 0.006122
265 0.006119
266 0.006118
267 0.006210
268 0.006350
269 0.006348
270 0.006346
271 0.006344
272 0.006342
273 0.006539
274 0.006568
275 0.006566
276 0.006564
277 0.006562
278 0.006635
279 0.006784
280 0.006783
281 0.006782
282 0.006781
283 0.006780
284 0.006953
285 0.006996
286 0.006995
287 0.006994
288 0.006994
289 0.007049
290 0.007205
291 0.007204
292 0.007204
293 0.007204
294 0.007205
295 0.007355
296 0.007409
297 0.007409
298 0.007409
299 0.007408
300 0.007447
301 0.007604
302 0.007603
303 0.007602
304 0.007600
305 0.007598
306 0.007725
307 0.007785
308 0.007783
309 0.007782
310 0.007780
311 0.007803
312 0.007960
313 0.007958
314 0.007955
315 0.007953
316 0.007949
317 0.008053
318 0.008121
319 0.008118
320 0.008115
321 0.008111
322 0.008119
323 0.008275
324 0.008272
325 0.008269
326 0.008265
327 0.008267
328 0.008358
329 0.008442
330 0.008454
331 0.008468
