0 0.361342
1 0.000001
2 0.000181
3 0.000181
4 0.000180
5 0.000181
6 0.000181
7 0.000290
8 0.000415
9 0.000485
10 0.000528
11 0.000613
12 0.000638
13 0.000738
14 0.000755
15 0.000851
16 0.000876
17 0.000953
18 0.000993
19 0.001053
20 0.001107
21 0.001150
22 0.001217
23 0.001245
24 0.001324
25 0.001338
26 0.001426
27 0.001441
28 0.001513
29 0.001541
30 0.001597
31 0.001637
32 0.001679
33 0.001730
34 0.001758
35 0.001819
36 0.001834
37 0.001905
38 0.001916
39 0.001980
40 0.001998
41 0.002049
42 0.002077
43 0.002115
44 0.002152
45 0.002179
46 0.002224
47 0.002240
48 0.002293
49 0.002301
50 0.002355
51 0.002366
52 0.002409
53 0.002427
54 0.002460
55 0.002485
56 0.002509
57 0.002541
58 0.002557
59 0.002596
60 0.002604
61 0.002651
62 0.002657
63 0.002698
64 0.002711
65 0.002744
66 0.002764
67 0.002790
68 0.002817
69 0.002835
70 0.002869
71 0.002880
72 0.002920
73 0.002926
74 0.002967
75 0.002976
76 0.003010
77 0.003026
78 0.003053
79 0.003076
80 0.003096
81 0.003126
82 0.003140
83 0.003176
84 0.003183
85 0.003225
86 0.003233
87 0.003269
88 0.003283
89 0.003313
90 0.003333
91 0.003357
92 0.003386
93 0.003405
94 0.003441
95 0.003455
96 0.003496
97 0.003509
98 0.003549
99 0.003564
100 0.003599
101 0.003620
102 0.003649
103 0.003676
104 0.003700
105 0.003733
106 0.003750
107 0.003788
108 0.003799
109 0.003837
110 0.003847
111 0.003878
112 0.003892
113 0.003917
114 0.003935
115 0.003954
116 0.003977
117 0.003990
118 0.004016
119 0.004024
120 0.004054
121 0.004059
122 0.004085
123 0.004091
124 0.004111
125 0.004122
126 0.004136
127 0.004151
128 0.004162
129 0.004181
130 0.004186
131 0.004210
132 0.004212
133 0.004236
134 0.004239
135 0.004258
136 0.004264
137 0.004278
138 0.004287
139 0.004294
140 0.004303
141 0.004304
142 0.004314
143 0.004309
144 0.004321
145 0.004313
146 0.004322
147 0.004319
148 0.004324
149 0.004324
150 0.004327
151 0.004330
152 0.004329
153 0.004337
154 0.004334
155 0.004345
156 0.004343
157 0.004358
158 0.004360
159 0.004374
160 0.004379
161 0.004390
162 0.004399
163 0.004408
164 0.004421
165 0.004428
166 0.004444
167 0.004450
168 0.004470
169 0.004473
170 0.004486
171 0.004491
172 0.004501
173 0.004507
174 0.004514
175 0.004522
176 0.004526
177 0.004534
178 0.004535
179 0.004545
180 0.004545
181 0.004555
182 0.004556
183 0.004563
184 0.004566
185 0.004571
186 0.004576
187 0.004579
188 0.004585
189 0.004587
190 0.004593
191 0.004594
192 0.004601
193 0.004602
194 0.004607
195 0.004608
196 0.004612
197 0.004614
198 0.004615
199 0.004616
200 0.004614
201 0.004614
202 0.004610
203 0.004609
204 0.004604
205 0.004603
206 0.004599
207 0.004597
208 0.004593
209 0.004589
210 0.004583
211 0.004578
212 0.004576
213 0.004574
214 0.004574
215 0.004573
216 0.004573
217 0.004573
218 0.004574
219 0.004579
220 0.004584
221 0.004592
222 0.004601
223 0.004609
224 0.004614
225 0.004617
226 0.004620
227 0.004621
228 0.004622
229 0.004622
230 0.004621
231 0.004620
232 0.004618
233 0.004616
234 0.004614
235 0.004612
236 0.004608
237 0.004607
238 0.004603
239 0.004602
240 0.004596
241 0.004595
242 0.004591
243 0.004588
244 0.004584
245 0.004581
246 0.004578
247 0.004573
248 0.004572
249 0.004566
250 0.004566
251 0.004558
252 0.004558
253 0.004551
254 0.004550
255 0.004545
256 0.004542
257 0.004538
258 0.004533
259 0.004532
260 0.004526
261 0.004527
262 0.004519
263 0.004521
264 0.004514
265 0.004516
266 0.004513
267 0.004515
268 0.004513
269 0.004511
270 0.004510
271 0.004504
272 0.004504
273 0.004495
274 0.004497
275 0.004485
276 0.004486
277 0.004475
278 0.004468
279 0.004451
280 0.004437
281 0.004420
282 0.004401
283 0.004387
284 0.004364
285 0.004352
286 0.004325
287 0.004314
288 0.004290
289 0.004279
290 0.004261
291 0.004250
292 0.004237
293 0.004224
294 0.004216
295 0.004201
296 0.004196
297 0.004177
298 0.004175
299 0.004155
300 0.004152
301 0.004135
302 0.004128
303 0.004115
304 0.004105
305 0.004096
306 0.004082
307 0.004077
308 0.004059
309 0.004058
310 0.004035
311 0.004035
312 0.004015
313 0.004012
314 0.003996
315 0.003988
316 0.003977
317 0.003964
318 0.003957
319 0.003940
320 0.003937
321 0.003915
322 0.003915
323 0.003891
324 0.003890
325 0.003870
326 0.003863
327 0.003847
328 0.003833
329 0.003822
330 0.003802
331 0.003794
