0 0.361342
1 0.000001
2 0.000133
3 0.000133
4 0.000133
5 0.000133
6 0.000133
7 0.000133
8 0.000134
9 0.000133
10 0.000133
11 0.000133
12 0.000134
13 0.000134
14 0.000133
15 0.000133
16 0.000133
17 0.000133
18 0.000278
19 0.000494
20 0.000494
21 0.000494
22 0.000648
23 0.000710
24 0.000710
25 0.000715
26 0.000897
27 0.000923
28 0.001036
29 0.001085
30 0.001184
31 0.001262
32 0.001343
33 0.001452
34 0.001512
35 0.001655
36 0.001692
37 0.001871
38 0.001901
39 0.002075
40 0.002129
41 0.002278
42 0.002367
43 0.002489
44 0.002617
45 0.002711
46 0.002885
47 0.002952
48 0.003173
49 0.003216
50 0.003462
51 0.003514
52 0.003721
53 0.003814
54 0.003985
55 0.004147
56 0.004300
57 0.004539
58 0.004654
59 0.004940
60 0.004993
61 0.005338
62 0.005404
63 0.005714
64 0.005808
65 0.006032
66 0.006165
67 0.006357
68 0.006566
69 0.006710
70 0.006932
71 0.006991
72 0.007269
73 0.007343
74 0.007638
75 0.007688
76 0.007890
77 0.008016
78 0.008222
79 0.008372
80 0.008474
81 0.008661
82 0.008783
83 0.009016
84 0.009036
85 0.009288
86 0.009376
87 0.009598
88 0.009650
89 0.009838
90 0.009991
91 0.010104
92 0.010219
93 0.010274
94 0.010401
95 0.010476
96 0.010707
97 0.010713
98 0.010901
99 0.011014
100 0.011151
101 0.011215
102 0.011391
103 0.011509
104 0.011556
105 0.011729
106 0.011830
107 0.011938
108 0.012026
109 0.012230
110 0.012234
111 0.012397
112 0.012513
113 0.012580
114 0.012691
115 0.012764
116 0.012792
117 0.012761
118 0.012746
119 0.012747
120 0.012765
121 0.012627
122 0.012597
123 0.012373
124 0.012010
125 0.011668
126 0.012107
127 0.012758
128 0.013531
129 0.014500
130 0.015584
131 0.016718
132 0.017814
133 0.018738
134 0.019512
135 0.020360
136 0.021143
137 0.022320
138 0.023559
139 0.024986
140 0.027222
141 0.029514
142 0.032648
143 0.036969
144 0.045054
145 0.047805
146 0.042703
147 0.030457
148 0.016092
149 0.016114
150 0.016139
151 0.016168
152 0.016226
153 0.016243
154 0.016285
155 0.016267
156 0.016327
157 0.016317
158 0.016390
159 0.016372
160 0.016367
161 0.016325
162 0.016283
163 0.016245
164 0.016165
165 0.016143
166 0.016032
167 0.016034
168 0.015890
169 0.015890
170 0.015763
171 0.015733
172 0.015628
173 0.015562
174 0.015480
175 0.015370
176 0.015311
177 0.015147
178 0.015106
179 0.014875
180 0.014829
181 0.014586
182 0.014508
183 0.014337
184 0.014260
185 0.014119
186 0.014018
187 0.013953
188 0.013802
189 0.013783
190 0.013575
191 0.013606
192 0.013359
193 0.013395
194 0.013208
195 0.013210
196 0.013100
197 0.013065
198 0.013031
199 0.012941
200 0.012979
201 0.012817
202 0.012933
203 0.012673
204 0.012774
205 0.012469
206 0.012442
207 0.012137
208 0.011986
209 0.011744
210 0.011489
211 0.011307
212 0.010917
213 0.010792
214 0.010262
215 0.010177
216 0.009573
217 0.009449
218 0.008930
219 0.008706
220 0.008287
221 0.007954
222 0.007636
223 0.007180
224 0.006964
225 0.006377
226 0.006270
227 0.005538
228 0.005381
229 0.004352
230 0.004365
231 0.004378
232 0.003444
233 0.002261
234 0.002264
235 0.002268
236 0.002271
237 0.002276
238 0.000011
239 0.000244
240 0.002850
241 0.004054
242 0.008225
243 0.009958
244 0.012773
245 0.014817
246 0.016458
247 0.018681
248 0.019396
249 0.021726
250 0.021757
251 0.024148
252 0.024076
253 0.025709
254 0.025951
255 0.026996
256 0.027457
257 0.028068
258 0.028691
259 0.029006
260 0.029707
261 0.029810
262 0.030477
263 0.030494
264 0.030923
265 0.030910
266 0.031055
267 0.031017
268 0.031011
269 0.030881
270 0.030812
271 0.030500
272 0.030452
273 0.029850
274 0.029833
275 0.028826
276 0.028707
277 0.027702
278 0.027329
279 0.026410
280 0.025698
281 0.024978
282 0.023795
283 0.023313
284 0.021462
285 0.021284
286 0.018578
287 0.018383
288 0.015440
289 0.014630
290 0.011828
291 0.010078
292 0.007542
293 0.004729
294 0.002647
295 0.000621
296 0.000224
297 0.000224
298 0.000224
299 0.000224
300 0.001229
301 0.005517
302 0.006032
303 0.006979
304 0.007668
305 0.008314
306 0.009212
307 0.009623
308 0.010669
309 0.010829
310 0.012055
311 0.012159
312 0.013162
313 0.013421
314 0.014203
315 0.014637
316 0.015219
317 0.015832
318 0.016191
319 0.016906
320 0.017033
321 0.017855
322 0.017855
323 0.018599
324 0.018563
325 0.019012
326 0.019058
327 0.019313
328 0.019397
329 0.019391
330 0.019568
331 0.019478
