0 0.361342
1 0.000001
2 0.000077
3 0.000077
4 0.000077
5 0.000077
6 0.000077
7 0.000077
8 0.000077
9 0.000077
10 0.000077
11 0.000077
12 0.000077
13 0.000182
14 0.000189
15 0.000189
16 0.000189
17 0.000189
18 0.000218
19 0.000261
20 0.000261
21 0.000261
22 0.000261
23 0.000261
24 0.000321
25 0.000330
26 0.000330
27 0.000330
28 0.000330
29 0.000352
30 0.000397
31 0.000397
32 0.000397
33 0.000397
34 0.000397
35 0.000449
36 0.000462
37 0.000461
38 0.000462
39 0.000461
40 0.000478
41 0.000524
42 0.000524
43 0.000524
44 0.000524
45 0.000524
46 0.000568
47 0.000583
48 0.000583
49 0.000583
50 0.000583
51 0.000595
52 0.000641
53 0.000641
54 0.000641
55 0.000640
56 0.000640
57 0.000677
58 0.000695
59 0.000695
60 0.000695
61 0.000695
62 0.000702
63 0.000748
64 0.000748
65 0.000748
66 0.000748
67 0.000747
68 0.000778
69 0.000798
70 0.000798
71 0.000798
72 0.000798
73 0.000801
74 0.000846
75 0.000846
76 0.000846
77 0.000846
78 0.000846
79 0.000870
80 0.000892
81 0.000891
82 0.000891
83 0.000891
84 0.000891
85 0.000934
86 0.000934
87 0.000934
88 0.000934
89 0.000934
90 0.000953
91 0.000975
92 0.000975
93 0.000975
94 0.000975
95 0.000975
96 0.001012
97 0.001014
98 0.001014
99 0.001014
100 0.001013
101 0.001028
102 0.001050
103 0.001049
104 0.001049
105 0.001049
106 0.001049
107 0.001079
108 0.001084
109 0.001084
110 0.001083
111 0.001083
112 0.001094
113 0.001115
114 0.001115
115 0.001115
116 0.001114
117 0.001114
118 0.001138
119 0.001144
120 0.001144
121 0.001144
122 0.001144
123 0.001151
124 0.001171
125 0.001171
126 0.001171
127 0.001171
128 0.001171
129 0.001189
130 0.001196
131 0.001196
132 0.001196
133 0.001195
134 0.001200
135 0.001219
136 0.001219
137 0.001219
138 0.001219
139 0.001219
140 0.001233
141 0.001240
142 0.001240
143 0.001240
144 0.001240
145 0.001242
146 0.001259
147 0.001259
148 0.001259
149 0.001259
150 0.001259
151 0.001269
152 0.001276
153 0.001276
154 0.001276
155 0.001276
156 0.001277
157 0.001290
158 0.001290
159 0.001290
160 0.001290
161 0.001290
162 0.001297
163 0.001303
164 0.001303
165 0.001303
166 0.001303
167 0.001303
168 0.001315
169 0.001315
170 0.001315
171 0.001315
172 0.001314
173 0.001320
174 0.001326
175 0.001326
176 0.001326
177 0.001326
178 0.001326
179 0.001337
180 0.001338
181 0.001338
182 0.001338
183 0.001338
184 0.001343
185 0.001350
186 0.001350
187 0.001351
188 0.001351
189 0.001351
190 0.001361
191 0.001362
192 0.001362
193 0.001363
194 0.001363
195 0.001367
196 0.001374
197 0.001374
198 0.001375
199 0.001375
200 0.001375
201 0.001383
202 0.001385
203 0.001385
204 0.001386
205 0.001386
206 0.001389
207 0.001398
208 0.001398
209 0.001399
210 0.001399
211 0.001400
212 0.001408
213 0.001411
214 0.001411
215 0.001411
216 0.001411
217 0.001414
218 0.001423
219 0.001424
220 0.001424
221 0.001425
222 0.001425
223 0.001432
224 0.001436
225 0.001436
226 0.001436
227 0.001437
228 0.001438
229 0.001447
230 0.001448
231 0.001447
232 0.001447
233 0.001446
234 0.001451
235 0.001455
236 0.001454
237 0.001453
238 0.001453
239 0.001452
240 0.001461
241 0.001460
242 0.001459
243 0.001458
244 0.001457
245 0.001461
246 0.001464
247 0.001463
248 0.001462
249 0.001461
250 0.001460
251 0.001468
252 0.001467
253 0.001467
254 0.001466
255 0.001465
256 0.001468
257 0.001471
258 0.001470
259 0.001468
260 0.001467
261 0.001465
262 0.001473
263 0.001473
264 0.001472
265 0.001470
266 0.001468
267 0.001469
268 0.001472
269 0.001470
270 0.001467
271 0.001465
272 0.001462
273 0.001467
274 0.001467
275 0.001465
276 0.001463
277 0.001462
278 0.001463
279 0.001467
280 0.001466
281 0.001466
282 0.001465
283 0.001465
284 0.001471
285 0.001471
286 0.001470
287 0.001468
288 0.001467
289 0.001467
290 0.001472
291 0.001470
292 0.001469
293 0.001468
294 0.001467
295 0.001471
296 0.001472
297 0.001469
298 0.001467
299 0.001464
300 0.001463
301 0.001467
302 0.001464
303 0.001461
304 0.001458
305 0.001456
306 0.001458
307 0.001458
308 0.001455
309 0.001452
310 0.001450
311 0.001448
312 0.001451
313 0.001448
314 0.001446
315 0.001443
316 0.001440
317 0.001442
318 0.001442
319 0.001439
320 0.001436
321 0.001434
322 0.001432
323 0.001435
324 0.001433
325 0.001430
326 0.001428
327 0.001425
328 0.001426
329 0.001427
330 0.001424
331 0.001422
