0 0.361306
1 0.000001
2 0.000032
3 0.000032
4 0.000032
5 0.000032
6 0.000032
7 0.000034
8 0.000038
9 0.000038
10 0.000037
11 0.000038
12 0.000038
13 0.000048
14 0.000049
15 0.000049
16 0.000049
17 0.000049
18 0.000055
19 0.000064
20 0.000064
21 0.000064
22 0.000064
23 0.000064
24 0.000077
25 0.000079
26 0.000079
27 0.000079
28 0.000079
29 0.000085
30 0.000095
31 0.000095
32 0.000095
33 0.000095
34 0.000095
35 0.000108
36 0.000111
37 0.000111
38 0.000111
39 0.000111
40 0.000115
41 0.000127
42 0.000127
43 0.000127
44 0.000127
45 0.000127
46 0.000139
47 0.000143
48 0.000143
49 0.000143
50 0.000143
51 0.000146
52 0.000159
53 0.000159
54 0.000159
55 0.000159
56 0.000159
57 0.000169
58 0.000175
59 0.000175
60 0.000175
61 0.000175
62 0.000177
63 0.000190
64 0.000190
65 0.000191
66 0.000191
67 0.000191
68 0.000200
69 0.000206
70 0.000206
71 0.000206
72 0.000206
73 0.000208
74 0.000228
75 0.000228
76 0.000228
77 0.000228
78 0.000228
79 0.000236
80 0.000243
81 0.000243
82 0.000244
83 0.000244
84 0.000244
85 0.000259
86 0.000259
87 0.000259
88 0.000259
89 0.000259
90 0.000266
91 0.000274
92 0.000274
93 0.000274
94 0.000274
95 0.000274
96 0.000288
97 0.000289
98 0.000290
99 0.000290
100 0.000290
101 0.000296
102 0.000305
103 0.000305
104 0.000305
105 0.000305
106 0.000305
107 0.000321
108 0.000324
109 0.000324
110 0.000324
111 0.000325
112 0.000329
113 0.000339
114 0.000339
115 0.000340
116 0.000340
117 0.000340
118 0.000351
119 0.000355
120 0.000355
121 0.000355
122 0.000355
123 0.000359
124 0.000370
125 0.000370
126 0.000370
127 0.000370
128 0.000370
129 0.000381
130 0.000385
131 0.000385
132 0.000385
133 0.000386
134 0.000389
135 0.000403
136 0.000403
137 0.000404
138 0.000404
139 0.000404
140 0.000414
141 0.000418
142 0.000419
143 0.000419
144 0.000419
145 0.000421
146 0.000433
147 0.000433
148 0.000434
149 0.000434
150 0.000434
151 0.000442
152 0.000448
153 0.000448
154 0.000448
155 0.000448
156 0.000450
157 0.000465
158 0.000465
159 0.000465
160 0.000465
161 0.000465
162 0.000472
163 0.000478
164 0.000478
165 0.000478
166 0.000478
167 0.000478
168 0.000492
169 0.000492
170 0.000492
171 0.000492
172 0.000492
173 0.000498
174 0.000505
175 0.000505
176 0.000505
177 0.000505
178 0.000505
179 0.000519
180 0.000520
181 0.000520
182 0.000520
183 0.000520
184 0.000525
185 0.000532
186 0.000532
187 0.000532
188 0.000532
189 0.000532
190 0.000543
191 0.000545
192 0.000545
193 0.000544
194 0.000544
195 0.000549
196 0.000559
197 0.000558
198 0.000558
199 0.000558
200 0.000558
201 0.000568
202 0.000570
203 0.000570
204 0.000570
205 0.000570
206 0.000573
207 0.000582
208 0.000582
209 0.000582
210 0.000582
211 0.000581
212 0.000591
213 0.000595
214 0.000595
215 0.000595
216 0.000594
217 0.000597
218 0.000606
219 0.000606
220 0.000606
221 0.000606
222 0.000605
223 0.000613
224 0.000617
225 0.000617
226 0.000617
227 0.000617
228 0.000619
229 0.000630
230 0.000631
231 0.000631
232 0.000632
233 0.000632
234 0.000639
235 0.000644
236 0.000645
237 0.000646
238 0.000646
239 0.000647
240 0.000658
241 0.000659
242 0.000660
243 0.000660
244 0.000661
245 0.000669
246 0.000675
247 0.000676
248 0.000677
249 0.000678
250 0.000679
251 0.000691
252 0.000692
253 0.000693
254 0.000694
255 0.000695
256 0.000701
257 0.000709
258 0.000710
259 0.000711
260 0.000712
261 0.000713
262 0.000727
263 0.000729
264 0.000730
265 0.000731
266 0.000733
267 0.000739
268 0.000747
269 0.000748
270 0.000750
271 0.000751
272 0.000752
273 0.000764
274 0.000766
275 0.000768
276 0.000769
277 0.000771
278 0.000776
279 0.000786
280 0.000788
281 0.000789
282 0.000791
283 0.000792
284 0.000803
285 0.000806
286 0.000807
287 0.000809
288 0.000810
289 0.000814
290 0.000824
291 0.000825
292 0.000827
293 0.000828
294 0.000829
295 0.000840
296 0.000844
297 0.000844
298 0.000844
299 0.000843
300 0.000844
301 0.000852
302 0.000851
303 0.000849
304 0.000848
305 0.000847
306 0.000853
307 0.000855
308 0.000854
309 0.000852
310 0.000851
311 0.000850
312 0.000858
313 0.000856
314 0.000854
315 0.000852
316 0.000849
317 0.000854
318 0.000856
319 0.000853
320 0.000851
321 0.000849
322 0.000847
323 0.000853
324 0.000850
325 0.000847
326 0.000844
327 0.000842
328 0.000844
329 0.000845
330 0.000842
331 0.000839
