0 0.361342
1 0.000001
2 0.000093
3 0.000093
4 0.000093
5 0.000093
6 0.000093
7 0.000093
8 0.000093
9 0.000093
10 0.000093
11 0.000093
12 0.000093
13 0.000093
14 0.000093
15 0.000120
16 0.000251
17 0.000251
18 0.000251
19 0.000252
20 0.000251
21 0.000303
22 0.000333
23 0.000333
24 0.000384
25 0.000391
26 0.000397
27 0.000453
28 0.000453
29 0.000475
30 0.000519
31 0.000519
32 0.000557
33 0.000587
34 0.000587
35 0.000645
36 0.000659
37 0.000662
38 0.000735
39 0.000735
40 0.000756
41 0.000813
42 0.000813
43 0.000854
44 0.000895
45 0.000895
46 0.000958
47 0.000981
48 0.000981
49 0.001067
50 0.001070
51 0.001088
52 0.001162
53 0.001162
54 0.001203
55 0.001257
56 0.001257
57 0.001323
58 0.001356
59 0.001356
60 0.001448
61 0.001458
62 0.001472
63 0.001563
64 0.001563
65 0.001603
66 0.001672
67 0.001672
68 0.001739
69 0.001784
70 0.001784
71 0.001880
72 0.001899
73 0.001907
74 0.002018
75 0.002018
76 0.002054
77 0.002140
78 0.002140
79 0.002207
80 0.002265
81 0.002265
82 0.002363
83 0.002392
84 0.002392
85 0.002517
86 0.002516
87 0.002545
88 0.002638
89 0.002637
90 0.002692
91 0.002754
92 0.002753
93 0.002833
94 0.002867
95 0.002866
96 0.002969
97 0.002975
98 0.002992
99 0.003081
100 0.003080
101 0.003120
102 0.003182
103 0.003180
104 0.003243
105 0.003278
106 0.003277
107 0.003360
108 0.003371
109 0.003379
110 0.003461
111 0.003459
112 0.003488
113 0.003546
114 0.003544
115 0.003591
116 0.003626
117 0.003624
118 0.003688
119 0.003702
120 0.003702
121 0.003776
122 0.003773
123 0.003791
124 0.003843
125 0.003841
126 0.003874
127 0.003907
128 0.003904
129 0.003951
130 0.003966
131 0.003963
132 0.004023
133 0.004022
134 0.004031
135 0.004077
136 0.004073
137 0.004095
138 0.004125
139 0.004122
140 0.004155
141 0.004170
142 0.004167
143 0.004211
144 0.004212
145 0.004216
146 0.004254
147 0.004251
148 0.004265
149 0.004290
150 0.004287
151 0.004310
152 0.004324
153 0.004323
154 0.004355
155 0.004362
156 0.004365
157 0.004398
158 0.004398
159 0.004407
160 0.004429
161 0.004428
162 0.004442
163 0.004454
164 0.004453
165 0.004471
166 0.004476
167 0.004475
168 0.004495
169 0.004494
170 0.004498
171 0.004511
172 0.004510
173 0.004516
174 0.004524
175 0.004524
176 0.004532
177 0.004536
178 0.004536
179 0.004544
180 0.004545
181 0.004546
182 0.004551
183 0.004552
184 0.004552
185 0.004553
186 0.004553
187 0.004552
188 0.004552
189 0.004553
190 0.004548
191 0.004548
192 0.004548
193 0.004540
194 0.004541
195 0.004537
196 0.004530
197 0.004530
198 0.004523
199 0.004516
200 0.004517
201 0.004502
202 0.004498
203 0.004497
204 0.004475
205 0.004474
206 0.004467
207 0.004448
208 0.004448
209 0.004433
210 0.004419
211 0.004418
212 0.004395
213 0.004386
214 0.004386
215 0.004352
216 0.004351
217 0.004344
218 0.004313
219 0.004313
220 0.004295
221 0.004272
222 0.004274
223 0.004248
224 0.004238
225 0.004243
226 0.004205
227 0.004204
228 0.004202
229 0.004162
230 0.004166
231 0.004150
232 0.004119
233 0.004124
234 0.004093
235 0.004073
236 0.004078
237 0.004030
238 0.004024
239 0.004024
240 0.003967
241 0.003972
242 0.003956
243 0.003912
244 0.003917
245 0.003883
246 0.003854
247 0.003859
248 0.003805
249 0.003793
250 0.003798
251 0.003723
252 0.003728
253 0.003714
254 0.003656
255 0.003662
256 0.003628
257 0.003590
258 0.003598
259 0.003543
260 0.003524
261 0.003534
262 0.003454
263 0.003457
264 0.003450
265 0.003376
266 0.003385
267 0.003352
268 0.003297
269 0.003306
270 0.003245
271 0.003214
272 0.003222
273 0.003132
274 0.003125
275 0.003121
276 0.003022
277 0.003030
278 0.002997
279 0.002922
280 0.002929
281 0.002865
282 0.002817
283 0.002824
284 0.002726
285 0.002706
286 0.002709
287 0.002584
288 0.002590
289 0.002559
290 0.002462
291 0.002468
292 0.002402
293 0.002335
294 0.002341
295 0.002236
296 0.002201
297 0.002206
298 0.002061
299 0.002061
300 0.002033
301 0.001910
302 0.001914
303 0.001847
304 0.001758
305 0.001777
306 0.001687
307 0.001652
308 0.001676
309 0.001533
310 0.001535
311 0.001530
312 0.001380
313 0.001398
314 0.001302
315 0.001117
316 0.001129
317 0.001142
318 0.001156
319 0.001170
320 0.000798
321 0.000727
322 0.000733
323 0.000739
324 0.000745
325 0.000523
326 0.000003
327 0.000002
328 0.000003
329 0.000003
330 0.000003
331 0.000215
