0 0.361143
1 0.000001
2 0.000097
3 0.000129
4 0.000305
5 0.000369
6 0.000509
7 0.000600
8 0.000705
9 0.000824
10 0.000895
11 0.001038
12 0.001079
13 0.001244
14 0.001271
15 0.001425
16 0.001465
17 0.001589
18 0.001652
19 0.001746
20 0.001829
21 0.001896
22 0.001997
23 0.002039
24 0.002157
25 0.002179
26 0.002304
27 0.002327
28 0.002426
29 0.002465
30 0.002540
31 0.002593
32 0.002646
33 0.002709
34 0.002743
35 0.002814
36 0.002830
37 0.002909
38 0.002918
39 0.002983
40 0.002997
41 0.003043
42 0.003066
43 0.003097
44 0.003124
45 0.003143
46 0.003174
47 0.003183
48 0.003215
49 0.003216
50 0.003244
51 0.003244
52 0.003260
53 0.003263
54 0.003271
55 0.003274
56 0.003277
57 0.003281
58 0.003282
59 0.003290
60 0.003290
61 0.003301
62 0.003292
63 0.003251
64 0.003247
65 0.003245
66 0.003247
67 0.003252
68 0.003262
69 0.003269
70 0.003269
71 0.003271
72 0.003206
73 0.003202
74 0.003209
75 0.003212
76 0.003218
77 0.003223
78 0.003230
79 0.003222
80 0.003216
81 0.003223
82 0.003228
83 0.003235
84 0.003238
85 0.003229
86 0.003231
87 0.003239
88 0.003242
89 0.003249
90 0.003247
91 0.003244
92 0.003251
93 0.003254
94 0.003253
95 0.003253
96 0.003262
97 0.003262
98 0.003261
99 0.003263
100 0.003270
101 0.003268
102 0.003268
103 0.003272
104 0.003275
105 0.003273
106 0.003271
107 0.003278
108 0.003275
109 0.003274
110 0.003272
111 0.003277
112 0.003273
113 0.003267
114 0.003263
115 0.003260
116 0.003252
117 0.003244
118 0.003243
119 0.003235
120 0.003231
121 0.003221
122 0.003217
123 0.003208
124 0.003204
125 0.003198
126 0.003193
127 0.003189
128 0.003185
129 0.003187
130 0.003187
131 0.003193
132 0.003193
133 0.003200
134 0.003199
135 0.003203
136 0.003203
137 0.003206
138 0.003207
139 0.003208
140 0.003212
141 0.003212
142 0.003218
143 0.003218
144 0.003225
145 0.003225
146 0.003230
147 0.003231
148 0.003236
149 0.003239
150 0.003244
151 0.003250
152 0.003254
153 0.003263
154 0.003267
155 0.003277
156 0.003280
157 0.003291
158 0.003295
159 0.003305
160 0.003310
161 0.003319
162 0.003326
163 0.003333
164 0.003342
165 0.003348
166 0.003358
167 0.003362
168 0.003373
169 0.003376
170 0.003385
171 0.003390
172 0.003397
173 0.003403
174 0.003409
175 0.003415
176 0.003420
177 0.003427
178 0.003429
179 0.003437
180 0.003439
181 0.003446
182 0.003447
183 0.003452
184 0.003454
185 0.003457
186 0.003460
187 0.003462
188 0.003464
189 0.003464
190 0.003467
191 0.003465
192 0.003467
193 0.003464
194 0.003465
195 0.003461
196 0.003459
197 0.003455
198 0.003448
199 0.003441
200 0.003432
201 0.003424
202 0.003413
203 0.003403
204 0.003390
205 0.003379
206 0.003365
207 0.003351
208 0.003336
209 0.003321
210 0.003306
211 0.003294
212 0.003283
213 0.003271
214 0.003261
215 0.003249
216 0.003239
217 0.003229
218 0.003221
219 0.003214
220 0.003208
221 0.003202
222 0.003197
223 0.003193
224 0.003188
225 0.003184
226 0.003181
227 0.003178
228 0.003176
229 0.003174
230 0.003171
231 0.003169
232 0.003168
233 0.003166
234 0.003165
235 0.003163
236 0.003162
237 0.003161
238 0.003159
239 0.003158
240 0.003156
241 0.003154
242 0.003152
243 0.003150
244 0.003148
245 0.003146
246 0.003145
247 0.003143
248 0.003143
249 0.003141
250 0.003142
251 0.003140
252 0.003142
253 0.003140
254 0.003141
255 0.003141
256 0.003142
257 0.003143
258 0.003143
259 0.003145
260 0.003144
261 0.003147
262 0.003146
263 0.003149
264 0.003148
265 0.003152
266 0.003151
267 0.003154
268 0.003156
269 0.003157
270 0.003159
271 0.003160
272 0.003163
273 0.003161
274 0.003164
275 0.003159
276 0.003161
277 0.003156
278 0.003154
279 0.003150
280 0.003148
281 0.003145
282 0.003142
283 0.003141
284 0.003136
285 0.003137
286 0.003131
287 0.003134
288 0.003128
289 0.003130
290 0.003126
291 0.003125
292 0.003124
293 0.003121
294 0.003122
295 0.003117
296 0.003118
297 0.003111
298 0.003114
299 0.003105
300 0.003108
301 0.003102
302 0.003103
303 0.003101
304 0.003099
305 0.003099
306 0.003096
307 0.003100
308 0.003095
309 0.003103
310 0.003094
311 0.003102
312 0.003097
313 0.003102
314 0.003100
315 0.003103
316 0.003104
317 0.003104
318 0.003109
319 0.003106
320 0.003113
321 0.003106
322 0.003117
323 0.003109
324 0.003117
325 0.003113
326 0.003118
327 0.003118
328 0.003119
329 0.003123
330 0.003121
331 0.003129
