0 0.361306
1 0.000001
2 0.000095
3 0.000097
4 0.000113
5 0.000122
6 0.000148
7 0.000168
8 0.000192
9 0.000220
10 0.000238
11 0.000275
12 0.000285
13 0.000330
14 0.000337
15 0.000381
16 0.000392
17 0.000428
18 0.000448
19 0.000476
20 0.000503
21 0.000524
22 0.000557
23 0.000571
24 0.000612
25 0.000620
26 0.000683
27 0.000692
28 0.000730
29 0.000745
30 0.000776
31 0.000798
32 0.000822
33 0.000851
34 0.000868
35 0.000904
36 0.000915
37 0.000968
38 0.000977
39 0.001016
40 0.001029
41 0.001062
42 0.001082
43 0.001108
44 0.001135
45 0.001154
46 0.001194
47 0.001209
48 0.001248
49 0.001256
50 0.001298
51 0.001308
52 0.001342
53 0.001359
54 0.001391
55 0.001411
56 0.001431
57 0.001457
58 0.001471
59 0.001503
60 0.001509
61 0.001553
62 0.001559
63 0.001592
64 0.001602
65 0.001628
66 0.001646
67 0.001669
68 0.001690
69 0.001704
70 0.001730
71 0.001738
72 0.001774
73 0.001779
74 0.001811
75 0.001817
76 0.001843
77 0.001859
78 0.001888
79 0.001910
80 0.001930
81 0.001959
82 0.001975
83 0.002014
84 0.002027
85 0.002070
86 0.002084
87 0.002124
88 0.002146
89 0.002184
90 0.002212
91 0.002243
92 0.002276
93 0.002301
94 0.002343
95 0.002365
96 0.002408
97 0.002425
98 0.002466
99 0.002487
100 0.002517
101 0.002521
102 0.002530
103 0.002537
104 0.002538
105 0.002544
106 0.002534
107 0.002542
108 0.002525
109 0.002528
110 0.002507
111 0.002503
112 0.002480
113 0.002463
114 0.002439
115 0.002411
116 0.002413
117 0.002413
118 0.002426
119 0.002423
120 0.002439
121 0.002438
122 0.002458
123 0.002466
124 0.002489
125 0.002507
126 0.002528
127 0.002548
128 0.002566
129 0.002591
130 0.002606
131 0.002634
132 0.002647
133 0.002679
134 0.002693
135 0.002721
136 0.002741
137 0.002767
138 0.002790
139 0.002813
140 0.002840
141 0.002861
142 0.002891
143 0.002908
144 0.002943
145 0.002959
146 0.002988
147 0.003000
148 0.003017
149 0.003027
150 0.003039
151 0.003051
152 0.003059
153 0.003073
154 0.003076
155 0.003092
156 0.003093
157 0.003108
158 0.003110
159 0.003122
160 0.003131
161 0.003154
162 0.003179
163 0.003204
164 0.003234
165 0.003257
166 0.003290
167 0.003313
168 0.003350
169 0.003379
170 0.003417
171 0.003449
172 0.003488
173 0.003524
174 0.003562
175 0.003600
176 0.003596
177 0.003585
178 0.003562
179 0.003543
180 0.003509
181 0.003481
182 0.003439
183 0.003397
184 0.003344
185 0.003289
186 0.003227
187 0.003174
188 0.003182
189 0.003192
190 0.003211
191 0.003223
192 0.003244
193 0.003257
194 0.003277
195 0.003292
196 0.003311
197 0.003328
198 0.003346
199 0.003366
200 0.003384
201 0.003406
202 0.003424
203 0.003448
204 0.003467
205 0.003492
206 0.003513
207 0.003537
208 0.003559
209 0.003583
210 0.003605
211 0.003627
212 0.003651
213 0.003666
214 0.003676
215 0.003682
216 0.003690
217 0.003693
218 0.003696
219 0.003697
220 0.003697
221 0.003696
222 0.003694
223 0.003692
224 0.003688
225 0.003695
226 0.003711
227 0.003730
228 0.003750
229 0.003773
230 0.003798
231 0.003827
232 0.003857
233 0.003889
234 0.003922
235 0.003958
236 0.003996
237 0.004038
238 0.004082
239 0.004109
240 0.004093
241 0.004074
242 0.004049
243 0.004021
244 0.003987
245 0.003948
246 0.003904
247 0.003854
248 0.003799
249 0.003737
250 0.003689
251 0.003699
252 0.003715
253 0.003728
254 0.003744
255 0.003758
256 0.003774
257 0.003790
258 0.003806
259 0.003823
260 0.003838
261 0.003857
262 0.003870
263 0.003891
264 0.003905
265 0.003925
266 0.003942
267 0.003962
268 0.003979
269 0.003998
270 0.004017
271 0.004034
272 0.004057
273 0.004073
274 0.004097
275 0.004111
276 0.004130
277 0.004132
278 0.004138
279 0.004140
280 0.004143
281 0.004145
282 0.004145
283 0.004149
284 0.004146
285 0.004152
286 0.004146
287 0.004153
288 0.004151
289 0.004172
290 0.004191
291 0.004216
292 0.004239
293 0.004264
294 0.004293
295 0.004316
296 0.004350
297 0.004372
298 0.004412
299 0.004434
300 0.004475
301 0.004503
302 0.004543
303 0.004578
304 0.004600
305 0.004595
306 0.004582
307 0.004575
308 0.004553
309 0.004544
310 0.004511
311 0.004498
312 0.004462
313 0.004439
314 0.004402
315 0.004369
316 0.004331
317 0.004332
318 0.004348
319 0.004355
320 0.004378
321 0.004379
322 0.004405
323 0.004406
324 0.004431
325 0.004437
326 0.004457
327 0.004469
328 0.004484
329 0.004501
330 0.004510
331 0.004534
