0 0.360356
1 0.000001
2 0.000647
3 0.000647
4 0.000647
5 0.000933
6 0.001568
7 0.001831
8 0.002133
9 0.002462
10 0.002662
11 0.003046
12 0.003155
13 0.003582
14 0.003650
15 0.004034
16 0.004129
17 0.004420
18 0.004561
19 0.004771
20 0.004947
21 0.005088
22 0.005288
23 0.005371
24 0.005584
25 0.005625
26 0.005831
27 0.005866
28 0.006012
29 0.006061
30 0.006154
31 0.006202
32 0.006252
33 0.006292
34 0.006313
35 0.006333
36 0.006337
37 0.006327
38 0.006320
39 0.006278
40 0.006256
41 0.006196
42 0.006147
43 0.006081
44 0.005995
45 0.005932
46 0.005797
47 0.005749
48 0.005553
49 0.005519
50 0.005272
51 0.005215
52 0.004980
53 0.004863
54 0.004650
55 0.004527
56 0.004410
57 0.004107
58 0.004003
59 0.003887
60 0.003881
61 0.003947
62 0.003977
63 0.004198
64 0.004292
65 0.004553
66 0.004732
67 0.004970
68 0.005234
69 0.005420
70 0.005768
71 0.005889
72 0.006316
73 0.006396
74 0.006833
75 0.006944
76 0.007309
77 0.007489
78 0.007781
79 0.008027
80 0.008248
81 0.008556
82 0.008710
83 0.009077
84 0.009169
85 0.009590
86 0.009684
87 0.010040
88 0.010196
89 0.010494
90 0.010711
91 0.010960
92 0.011236
93 0.011445
94 0.011780
95 0.011960
96 0.012359
97 0.012550
98 0.012964
99 0.013187
100 0.013547
101 0.013799
102 0.014044
103 0.014214
104 0.014271
105 0.014267
106 0.014089
107 0.013921
108 0.013735
109 0.013777
110 0.013717
111 0.013714
112 0.013591
113 0.013444
114 0.013235
115 0.012971
116 0.012693
117 0.012511
118 0.012412
119 0.012338
120 0.012285
121 0.012284
122 0.012321
123 0.012366
124 0.012399
125 0.012445
126 0.012489
127 0.012515
128 0.012560
129 0.012582
130 0.012649
131 0.012634
132 0.012716
133 0.012686
134 0.012776
135 0.012785
136 0.012856
137 0.012881
138 0.012934
139 0.013001
140 0.013037
141 0.013163
142 0.013143
143 0.013322
144 0.013253
145 0.013457
146 0.013418
147 0.013601
148 0.013627
149 0.013725
150 0.013775
151 0.013797
152 0.013934
153 0.013883
154 0.014133
155 0.013989
156 0.014323
157 0.014145
158 0.014465
159 0.014380
160 0.014628
161 0.014711
162 0.014816
163 0.015002
164 0.014936
165 0.015298
166 0.014991
167 0.015558
168 0.014910
169 0.015447
170 0.014835
171 0.015027
172 0.014443
173 0.014148
174 0.013595
175 0.012631
176 0.012125
177 0.010463
178 0.010151
179 0.006360
180 0.006170
181 0.006268
182 0.004776
183 0.000145
184 0.000145
185 0.000144
186 0.003286
187 0.005897
188 0.008604
189 0.009704
190 0.012918
191 0.013490
192 0.017020
193 0.017640
194 0.020524
195 0.021656
196 0.023923
197 0.025530
198 0.027208
199 0.029261
200 0.030380
201 0.032842
202 0.033433
203 0.036271
204 0.036688
205 0.039222
206 0.039921
207 0.041919
208 0.043000
209 0.044496
210 0.045927
211 0.046952
212 0.048709
213 0.049344
214 0.051509
215 0.052076
216 0.054610
217 0.055392
218 0.057154
219 0.056936
220 0.056310
221 0.053916
222 0.051618
223 0.049559
224 0.047033
225 0.045231
226 0.042731
227 0.041199
228 0.039132
229 0.037506
230 0.035247
231 0.033242
232 0.030976
233 0.028875
234 0.026986
235 0.025212
236 0.023767
237 0.022324
238 0.021290
239 0.020211
240 0.019506
241 0.018774
242 0.018295
243 0.017820
244 0.017471
245 0.017160
246 0.016888
247 0.016673
248 0.016447
249 0.016306
250 0.016130
251 0.016053
252 0.015938
253 0.015896
254 0.015845
255 0.015836
256 0.015834
257 0.015860
258 0.015900
259 0.015964
260 0.016039
261 0.016151
262 0.016259
263 0.016429
264 0.016588
265 0.016825
266 0.017062
267 0.017368
268 0.017706
269 0.018095
270 0.018578
271 0.019120
272 0.019893
273 0.020748
274 0.022053
275 0.023435
276 0.025366
277 0.027360
278 0.029807
279 0.032404
280 0.035349
281 0.038254
282 0.040836
283 0.043344
284 0.045098
285 0.047439
286 0.048871
287 0.051210
288 0.052549
289 0.054584
290 0.055992
291 0.057896
292 0.059080
293 0.059195
294 0.058992
295 0.057664
296 0.056956
297 0.054972
298 0.054590
299 0.052563
300 0.052156
301 0.050426
302 0.049650
303 0.048194
304 0.046993
305 0.045838
306 0.044180
307 0.043356
308 0.041209
309 0.040742
310 0.038078
311 0.037630
312 0.035174
313 0.034311
314 0.032223
315 0.030867
316 0.029181
317 0.027308
318 0.026054
319 0.023637
320 0.022843
321 0.019858
322 0.019329
323 0.016193
324 0.015418
325 0.012740
326 0.011400
327 0.009202
328 0.007271
329 0.005583
330 0.001756
331 0.000137
