0 0.361342
1 0.000001
2 0.000188
3 0.000188
4 0.000188
5 0.000188
6 0.000188
7 0.000360
8 0.000555
9 0.000555
10 0.000555
11 0.000555
12 0.000555
13 0.000887
14 0.000911
15 0.000910
16 0.000910
17 0.000910
18 0.001048
19 0.001254
20 0.001254
21 0.001253
22 0.001253
23 0.001253
24 0.001540
25 0.001584
26 0.001584
27 0.001583
28 0.001583
29 0.001689
30 0.001902
31 0.001902
32 0.001901
33 0.001900
34 0.001900
35 0.002146
36 0.002206
37 0.002206
38 0.002205
39 0.002204
40 0.002282
41 0.002498
42 0.002497
43 0.002496
44 0.002495
45 0.002494
46 0.002701
47 0.002776
48 0.002774
49 0.002773
50 0.002771
51 0.002824
52 0.003039
53 0.003037
54 0.003036
55 0.003034
56 0.003032
57 0.003203
58 0.003288
59 0.003285
60 0.003283
61 0.003280
62 0.003311
63 0.003522
64 0.003519
65 0.003517
66 0.003514
67 0.003511
68 0.003650
69 0.003740
70 0.003736
71 0.003733
72 0.003730
73 0.003741
74 0.003945
75 0.003942
76 0.003937
77 0.003934
78 0.003930
79 0.004038
80 0.004131
81 0.004127
82 0.004123
83 0.004118
84 0.004114
85 0.004307
86 0.004302
87 0.004297
88 0.004292
89 0.004287
90 0.004368
91 0.004462
92 0.004457
93 0.004451
94 0.004445
95 0.004439
96 0.004596
97 0.004601
98 0.004595
99 0.004589
100 0.004583
101 0.004641
102 0.004731
103 0.004725
104 0.004717
105 0.004711
106 0.004703
107 0.004827
108 0.004839
109 0.004831
110 0.004823
111 0.004816
112 0.004854
113 0.004938
114 0.004930
115 0.004921
116 0.004913
117 0.004904
118 0.004997
119 0.005013
120 0.005005
121 0.004995
122 0.004986
123 0.005008
124 0.005083
125 0.005073
126 0.005063
127 0.005054
128 0.005044
129 0.005110
130 0.005127
131 0.005117
132 0.005107
133 0.005096
134 0.005104
135 0.005167
136 0.005157
137 0.005146
138 0.005135
139 0.005124
140 0.005167
141 0.005183
142 0.005172
143 0.005160
144 0.005149
145 0.005147
146 0.005196
147 0.005184
148 0.005173
149 0.005161
150 0.005149
151 0.005173
152 0.005184
153 0.005172
154 0.005160
155 0.005147
156 0.005138
157 0.005172
158 0.005159
159 0.005146
160 0.005134
161 0.005122
162 0.005131
163 0.005138
164 0.005125
165 0.005113
166 0.005100
167 0.005087
168 0.005111
169 0.005098
170 0.005085
171 0.005072
172 0.005059
173 0.005063
174 0.005067
175 0.005054
176 0.005040
177 0.005027
178 0.005014
179 0.005031
180 0.005019
181 0.005005
182 0.004992
183 0.004978
184 0.004977
185 0.004981
186 0.004968
187 0.004954
188 0.004940
189 0.004927
190 0.004938
191 0.004928
192 0.004915
193 0.004901
194 0.004889
195 0.004885
196 0.004890
197 0.004877
198 0.004865
199 0.004852
200 0.004839
201 0.004845
202 0.004837
203 0.004823
204 0.004811
205 0.004797
206 0.004789
207 0.004792
208 0.004778
209 0.004764
210 0.004750
211 0.004735
212 0.004736
213 0.004726
214 0.004712
215 0.004696
216 0.004681
217 0.004669
218 0.004669
219 0.004653
220 0.004638
221 0.004621
222 0.004606
223 0.004602
224 0.004593
225 0.004577
226 0.004563
227 0.004547
228 0.004536
229 0.004536
230 0.004522
231 0.004509
232 0.004498
233 0.004485
234 0.004482
235 0.004476
236 0.004464
237 0.004453
238 0.004442
239 0.004432
240 0.004433
241 0.004423
242 0.004412
243 0.004403
244 0.004393
245 0.004390
246 0.004385
247 0.004376
248 0.004367
249 0.004358
250 0.004349
251 0.004350
252 0.004342
253 0.004333
254 0.004326
255 0.004318
256 0.004314
257 0.004311
258 0.004303
259 0.004297
260 0.004289
261 0.004283
262 0.004282
263 0.004276
264 0.004269
265 0.004263
266 0.004257
267 0.004252
268 0.004251
269 0.004244
270 0.004239
271 0.004233
272 0.004228
273 0.004226
274 0.004222
275 0.004216
276 0.004213
277 0.004209
278 0.004206
279 0.004205
280 0.004201
281 0.004198
282 0.004195
283 0.004192
284 0.004190
285 0.004188
286 0.004185
287 0.004182
288 0.004178
289 0.004176
290 0.004173
291 0.004170
292 0.004166
293 0.004163
294 0.004158
295 0.004154
296 0.004151
297 0.004149
298 0.004146
299 0.004143
300 0.004141
301 0.004137
302 0.004134
303 0.004132
304 0.004131
305 0.004128
306 0.004124
307 0.004120
308 0.004119
309 0.004118
310 0.004117
311 0.004115
312 0.004111
313 0.004110
314 0.004109
315 0.004109
316 0.004108
317 0.004103
318 0.004100
319 0.004098
320 0.004096
321 0.004095
322 0.004093
323 0.004084
324 0.004083
325 0.004080
326 0.004079
327 0.004076
328 0.004069
329 0.004063
330 0.004060
331 0.004059
