0 0.361342
1 0.000001
2 0.000085
3 0.000085
4 0.000089
5 0.000107
6 0.000107
7 0.000122
8 0.000140
9 0.000140
10 0.000166
11 0.000178
12 0.000178
13 0.000215
14 0.000218
15 0.000224
16 0.000258
17 0.000258
18 0.000274
19 0.000299
20 0.000299
21 0.000325
22 0.000340
23 0.000339
24 0.000375
25 0.000380
26 0.000384
27 0.000420
28 0.000420
29 0.000434
30 0.000460
31 0.000460
32 0.000483
33 0.000500
34 0.000499
35 0.000531
36 0.000538
37 0.000540
38 0.000606
39 0.000605
40 0.000615
41 0.000642
42 0.000641
43 0.000659
44 0.000677
45 0.000677
46 0.000703
47 0.000713
48 0.000712
49 0.000747
50 0.000747
51 0.000754
52 0.000782
53 0.000781
54 0.000803
55 0.000833
56 0.000832
57 0.000854
58 0.000865
59 0.000864
60 0.000895
61 0.000897
62 0.000900
63 0.000929
64 0.000928
65 0.000939
66 0.000960
67 0.000959
68 0.000986
69 0.001003
70 0.001002
71 0.001028
72 0.001032
73 0.001033
74 0.001062
75 0.001061
76 0.001069
77 0.001091
78 0.001089
79 0.001111
80 0.001130
81 0.001128
82 0.001151
83 0.001157
84 0.001155
85 0.001185
86 0.001183
87 0.001189
88 0.001210
89 0.001209
90 0.001226
91 0.001245
92 0.001244
93 0.001263
94 0.001270
95 0.001268
96 0.001294
97 0.001294
98 0.001299
99 0.001327
100 0.001326
101 0.001336
102 0.001352
103 0.001351
104 0.001368
105 0.001378
106 0.001378
107 0.001408
108 0.001412
109 0.001414
110 0.001439
111 0.001438
112 0.001447
113 0.001466
114 0.001465
115 0.001485
116 0.001500
117 0.001500
118 0.001521
119 0.001527
120 0.001529
121 0.001554
122 0.001555
123 0.001564
124 0.001589
125 0.001590
126 0.001603
127 0.001616
128 0.001617
129 0.001636
130 0.001643
131 0.001643
132 0.001674
133 0.001676
134 0.001681
135 0.001702
136 0.001702
137 0.001713
138 0.001727
139 0.001728
140 0.001749
141 0.001759
142 0.001760
143 0.001782
144 0.001785
145 0.001788
146 0.001809
147 0.001810
148 0.001821
149 0.001839
150 0.001840
151 0.001854
152 0.001864
153 0.001865
154 0.001887
155 0.001892
156 0.001895
157 0.001916
158 0.001917
159 0.001925
160 0.001944
161 0.001945
162 0.001957
163 0.001968
164 0.001969
165 0.001989
166 0.001996
167 0.001997
168 0.002019
169 0.002020
170 0.002027
171 0.002047
172 0.002047
173 0.002058
174 0.002070
175 0.002071
176 0.002089
177 0.002097
178 0.002099
179 0.002118
180 0.002121
181 0.002126
182 0.002147
183 0.002148
184 0.002157
185 0.002170
186 0.002172
187 0.002188
188 0.002198
189 0.002199
190 0.002217
191 0.002221
192 0.002225
193 0.002246
194 0.002247
195 0.002255
196 0.002268
197 0.002269
198 0.002282
199 0.002292
200 0.002292
201 0.002307
202 0.002311
203 0.002312
204 0.002331
205 0.002331
206 0.002332
207 0.002339
208 0.002331
209 0.002334
210 0.002337
211 0.002330
212 0.002334
213 0.002331
214 0.002324
215 0.002334
216 0.002328
217 0.002324
218 0.002329
219 0.002322
220 0.002323
221 0.002327
222 0.002321
223 0.002324
224 0.002323
225 0.002318
226 0.002329
227 0.002330
228 0.002331
229 0.002343
230 0.002344
231 0.002350
232 0.002361
233 0.002362
234 0.002372
235 0.002379
236 0.002381
237 0.002395
238 0.002400
239 0.002404
240 0.002418
241 0.002421
242 0.002428
243 0.002442
244 0.002445
245 0.002455
246 0.002464
247 0.002467
248 0.002480
249 0.002486
250 0.002488
251 0.002502
252 0.002504
253 0.002510
254 0.002522
255 0.002524
256 0.002532
257 0.002540
258 0.002542
259 0.002553
260 0.002559
261 0.002561
262 0.002573
263 0.002575
264 0.002580
265 0.002591
266 0.002594
267 0.002600
268 0.002608
269 0.002610
270 0.002619
271 0.002625
272 0.002628
273 0.002638
274 0.002642
275 0.002645
276 0.002656
277 0.002659
278 0.002664
279 0.002672
280 0.002675
281 0.002683
282 0.002690
283 0.002693
284 0.002701
285 0.002705
286 0.002708
287 0.002719
288 0.002722
289 0.002727
290 0.002734
291 0.002737
292 0.002744
293 0.002750
294 0.002753
295 0.002761
296 0.002765
297 0.002768
298 0.002778
299 0.002781
300 0.002785
301 0.002793
302 0.002796
303 0.002802
304 0.002809
305 0.002812
306 0.002818
307 0.002824
308 0.002827
309 0.002835
310 0.002840
311 0.002844
312 0.002852
313 0.002855
314 0.002861
315 0.002868
316 0.002872
317 0.002879
318 0.002885
319 0.002890
320 0.002898
321 0.002904
322 0.002910
323 0.002917
324 0.002923
325 0.002930
326 0.002937
327 0.002943
328 0.002949
329 0.002955
330 0.002961
331 0.002967
