0 0.361323
1 0.000001
2 0.000134
3 0.000134
4 0.000134
5 0.000134
6 0.000134
7 0.000188
8 0.000256
9 0.000297
10 0.000321
11 0.000372
12 0.000386
13 0.000447
14 0.000457
15 0.000516
16 0.000532
17 0.000581
18 0.000607
19 0.000645
20 0.000681
21 0.000710
22 0.000755
23 0.000774
24 0.000829
25 0.000839
26 0.000901
27 0.000916
28 0.000986
29 0.001007
30 0.001048
31 0.001078
32 0.001110
33 0.001149
34 0.001172
35 0.001220
36 0.001233
37 0.001289
38 0.001300
39 0.001363
40 0.001379
41 0.001422
42 0.001447
43 0.001480
44 0.001513
45 0.001538
46 0.001579
47 0.001595
48 0.001653
49 0.001663
50 0.001716
51 0.001727
52 0.001771
53 0.001791
54 0.001826
55 0.001858
56 0.001888
57 0.001924
58 0.001941
59 0.001984
60 0.001994
61 0.002045
62 0.002056
63 0.002110
64 0.002127
65 0.002166
66 0.002192
67 0.002224
68 0.002262
69 0.002291
70 0.002334
71 0.002353
72 0.002406
73 0.002422
74 0.002481
75 0.002500
76 0.002546
77 0.002573
78 0.002611
79 0.002647
80 0.002677
81 0.002713
82 0.002730
83 0.002770
84 0.002773
85 0.002816
86 0.002814
87 0.002842
88 0.002843
89 0.002860
90 0.002867
91 0.002874
92 0.002881
93 0.002874
94 0.002882
95 0.002865
96 0.002877
97 0.002852
98 0.002856
99 0.002838
100 0.002838
101 0.002827
102 0.002830
103 0.002830
104 0.002829
105 0.002839
106 0.002839
107 0.002864
108 0.002866
109 0.002896
110 0.002901
111 0.002929
112 0.002940
113 0.002962
114 0.002981
115 0.003000
116 0.003023
117 0.003038
118 0.003068
119 0.003080
120 0.003114
121 0.003124
122 0.003159
123 0.003174
124 0.003204
125 0.003226
126 0.003254
127 0.003281
128 0.003304
129 0.003338
130 0.003358
131 0.003396
132 0.003414
133 0.003457
134 0.003477
135 0.003514
136 0.003540
137 0.003574
138 0.003603
139 0.003632
140 0.003665
141 0.003688
142 0.003716
143 0.003725
144 0.003755
145 0.003761
146 0.003785
147 0.003795
148 0.003815
149 0.003826
150 0.003840
151 0.003855
152 0.003865
153 0.003891
154 0.003910
155 0.003947
156 0.003968
157 0.004011
158 0.004042
159 0.004088
160 0.004126
161 0.004169
162 0.004209
163 0.004244
164 0.004274
165 0.004294
166 0.004308
167 0.004289
168 0.004281
169 0.004250
170 0.004227
171 0.004186
172 0.004144
173 0.004091
174 0.004032
175 0.003964
176 0.003918
177 0.003879
178 0.003844
179 0.003829
180 0.003810
181 0.003815
182 0.003820
183 0.003844
184 0.003866
185 0.003892
186 0.003918
187 0.003943
188 0.003973
189 0.003998
190 0.004030
191 0.004055
192 0.004089
193 0.004113
194 0.004144
195 0.004168
196 0.004188
197 0.004197
198 0.004205
199 0.004214
200 0.004219
201 0.004226
202 0.004228
203 0.004235
204 0.004235
205 0.004241
206 0.004256
207 0.004280
208 0.004304
209 0.004335
210 0.004372
211 0.004413
212 0.004458
213 0.004502
214 0.004549
215 0.004588
216 0.004619
217 0.004642
218 0.004637
219 0.004608
220 0.004572
221 0.004526
222 0.004471
223 0.004406
224 0.004330
225 0.004245
226 0.004150
227 0.004086
228 0.004035
229 0.004001
230 0.003983
231 0.003979
232 0.003985
233 0.003998
234 0.004016
235 0.004036
236 0.004056
237 0.004078
238 0.004100
239 0.004124
240 0.004147
241 0.004172
242 0.004196
243 0.004221
244 0.004244
245 0.004266
246 0.004283
247 0.004285
248 0.004287
249 0.004285
250 0.004285
251 0.004279
252 0.004277
253 0.004270
254 0.004266
255 0.004258
256 0.004265
257 0.004280
258 0.004298
259 0.004322
260 0.004350
261 0.004388
262 0.004423
263 0.004469
264 0.004508
265 0.004553
266 0.004584
267 0.004611
268 0.004622
269 0.004591
270 0.004553
271 0.004503
272 0.004449
273 0.004379
274 0.004311
275 0.004224
276 0.004138
277 0.004037
278 0.003999
279 0.003960
280 0.003943
281 0.003933
282 0.003924
283 0.003929
284 0.003932
285 0.003951
286 0.003960
287 0.003981
288 0.003991
289 0.004013
290 0.004028
291 0.004049
292 0.004068
293 0.004087
294 0.004109
295 0.004125
296 0.004149
297 0.004160
298 0.004179
299 0.004170
300 0.004176
301 0.004169
302 0.004170
303 0.004162
304 0.004158
305 0.004154
306 0.004144
307 0.004141
308 0.004129
309 0.004143
310 0.004144
311 0.004169
312 0.004180
313 0.004211
314 0.004234
315 0.004270
316 0.004307
317 0.004343
318 0.004384
319 0.004416
320 0.004461
321 0.004475
322 0.004514
323 0.004503
324 0.004492
325 0.004456
326 0.004429
327 0.004389
328 0.004346
329 0.004301
330 0.004244
331 0.004197
