0 0.361342
1 0.000001
2 0.000060
3 0.000060
4 0.000060
5 0.000060
6 0.000060
7 0.000060
8 0.000060
9 0.000060
10 0.000060
11 0.000060
12 0.000060
13 0.000060
14 0.000060
15 0.000060
16 0.000060
17 0.000060
18 0.000092
19 0.000138
20 0.000138
21 0.000138
22 0.000138
23 0.000138
24 0.000171
25 0.000176
26 0.000176
27 0.000176
28 0.000176
29 0.000188
30 0.000213
31 0.000213
32 0.000212
33 0.000213
34 0.000212
35 0.000241
36 0.000248
37 0.000249
38 0.000249
39 0.000248
40 0.000258
41 0.000284
42 0.000283
43 0.000284
44 0.000284
45 0.000283
46 0.000309
47 0.000318
48 0.000318
49 0.000318
50 0.000318
51 0.000324
52 0.000351
53 0.000351
54 0.000351
55 0.000351
56 0.000351
57 0.000373
58 0.000383
59 0.000383
60 0.000383
61 0.000383
62 0.000387
63 0.000415
64 0.000415
65 0.000415
66 0.000415
67 0.000415
68 0.000433
69 0.000446
70 0.000446
71 0.000446
72 0.000446
73 0.000447
74 0.000475
75 0.000475
76 0.000475
77 0.000475
78 0.000475
79 0.000491
80 0.000504
81 0.000504
82 0.000504
83 0.000504
84 0.000504
85 0.000533
86 0.000532
87 0.000532
88 0.000532
89 0.000532
90 0.000545
91 0.000560
92 0.000560
93 0.000560
94 0.000560
95 0.000560
96 0.000584
97 0.000586
98 0.000586
99 0.000586
100 0.000586
101 0.000596
102 0.000612
103 0.000612
104 0.000611
105 0.000612
106 0.000611
107 0.000633
108 0.000636
109 0.000636
110 0.000636
111 0.000636
112 0.000644
113 0.000660
114 0.000660
115 0.000660
116 0.000660
117 0.000660
118 0.000679
119 0.000683
120 0.000683
121 0.000683
122 0.000683
123 0.000689
124 0.000705
125 0.000705
126 0.000705
127 0.000705
128 0.000705
129 0.000721
130 0.000726
131 0.000727
132 0.000726
133 0.000726
134 0.000730
135 0.000747
136 0.000747
137 0.000747
138 0.000747
139 0.000747
140 0.000760
141 0.000767
142 0.000767
143 0.000767
144 0.000766
145 0.000769
146 0.000785
147 0.000785
148 0.000785
149 0.000785
150 0.000785
151 0.000796
152 0.000803
153 0.000803
154 0.000803
155 0.000803
156 0.000804
157 0.000820
158 0.000820
159 0.000820
160 0.000820
161 0.000820
162 0.000829
163 0.000837
164 0.000837
165 0.000836
166 0.000836
167 0.000836
168 0.000853
169 0.000852
170 0.000852
171 0.000852
172 0.000852
173 0.000860
174 0.000868
175 0.000868
176 0.000868
177 0.000868
178 0.000868
179 0.000883
180 0.000884
181 0.000884
182 0.000884
183 0.000884
184 0.000890
185 0.000900
186 0.000899
187 0.000899
188 0.000899
189 0.000899
190 0.000913
191 0.000915
192 0.000915
193 0.000915
194 0.000915
195 0.000920
196 0.000930
197 0.000930
198 0.000930
199 0.000930
200 0.000930
201 0.000942
202 0.000945
203 0.000945
204 0.000945
205 0.000945
206 0.000949
207 0.000960
208 0.000960
209 0.000960
210 0.000960
211 0.000960
212 0.000971
213 0.000975
214 0.000975
215 0.000975
216 0.000974
217 0.000977
218 0.000989
219 0.000989
220 0.000989
221 0.000989
222 0.000989
223 0.000998
224 0.001004
225 0.001004
226 0.001003
227 0.001003
228 0.001005
229 0.001018
230 0.001018
231 0.001018
232 0.001018
233 0.001018
234 0.001026
235 0.001032
236 0.001032
237 0.001032
238 0.001032
239 0.001033
240 0.001046
241 0.001046
242 0.001046
243 0.001046
244 0.001047
245 0.001054
246 0.001061
247 0.001061
248 0.001061
249 0.001061
250 0.001061
251 0.001075
252 0.001075
253 0.001075
254 0.001075
255 0.001075
256 0.001082
257 0.001089
258 0.001089
259 0.001090
260 0.001090
261 0.001090
262 0.001103
263 0.001104
264 0.001104
265 0.001104
266 0.001105
267 0.001110
268 0.001118
269 0.001119
270 0.001119
271 0.001119
272 0.001119
273 0.001131
274 0.001134
275 0.001134
276 0.001135
277 0.001135
278 0.001140
279 0.001149
280 0.001150
281 0.001150
282 0.001151
283 0.001152
284 0.001163
285 0.001166
286 0.001166
287 0.001167
288 0.001168
289 0.001172
290 0.001182
291 0.001182
292 0.001183
293 0.001184
294 0.001184
295 0.001194
296 0.001198
297 0.001199
298 0.001200
299 0.001201
300 0.001204
301 0.001214
302 0.001215
303 0.001216
304 0.001217
305 0.001217
306 0.001226
307 0.001231
308 0.001232
309 0.001233
310 0.001233
311 0.001236
312 0.001247
313 0.001248
314 0.001249
315 0.001250
316 0.001250
317 0.001258
318 0.001264
319 0.001265
320 0.001265
321 0.001266
322 0.001267
323 0.001278
324 0.001279
325 0.001279
326 0.001280
327 0.001280
328 0.001287
329 0.001292
330 0.001292
331 0.001293
