0 0.361342
1 0.000001
2 0.000645
3 0.000627
4 0.000530
5 0.000587
6 0.000791
7 0.001082
8 0.001418
9 0.001578
10 0.001693
11 0.001910
12 0.001970
13 0.002217
14 0.002253
15 0.002459
16 0.002506
17 0.002655
18 0.002721
19 0.002820
20 0.002895
21 0.002955
22 0.003033
23 0.003062
24 0.003134
25 0.003143
26 0.003200
27 0.003201
28 0.003228
29 0.003228
30 0.003234
31 0.003227
32 0.003220
33 0.003200
34 0.003189
35 0.003156
36 0.003143
37 0.003097
38 0.003082
39 0.003036
40 0.003015
41 0.002978
42 0.002953
43 0.002930
44 0.002910
45 0.002902
46 0.002905
47 0.002908
48 0.002963
49 0.002971
50 0.003119
51 0.003144
52 0.003264
53 0.003404
54 0.003779
55 0.003801
56 0.003820
57 0.003849
58 0.003860
59 0.003896
60 0.003898
61 0.003941
62 0.003942
63 0.003977
64 0.003984
65 0.004010
66 0.004023
67 0.004040
68 0.004058
69 0.004068
70 0.004106
71 0.004112
72 0.004141
73 0.004139
74 0.004176
75 0.004175
76 0.004199
77 0.004207
78 0.004230
79 0.004301
80 0.004365
81 0.004391
82 0.004400
83 0.004427
84 0.004428
85 0.004471
86 0.004474
87 0.004504
88 0.004531
89 0.004595
90 0.004613
91 0.004636
92 0.004664
93 0.004684
94 0.004719
95 0.004733
96 0.004809
97 0.004824
98 0.004866
99 0.004884
100 0.004921
101 0.004958
102 0.005008
103 0.005039
104 0.005066
105 0.005103
106 0.005124
107 0.005190
108 0.005208
109 0.005252
110 0.005264
111 0.005299
112 0.005324
113 0.005365
114 0.005370
115 0.005365
116 0.005354
117 0.005330
118 0.005335
119 0.005305
120 0.005291
121 0.005249
122 0.005243
123 0.005199
124 0.005169
125 0.005138
126 0.005124
127 0.005110
128 0.005102
129 0.005122
130 0.005131
131 0.005167
132 0.005192
133 0.005256
134 0.005286
135 0.005333
136 0.005374
137 0.005428
138 0.005468
139 0.005506
140 0.005551
141 0.005583
142 0.005625
143 0.005650
144 0.005712
145 0.005737
146 0.005780
147 0.005814
148 0.005865
149 0.005899
150 0.005936
151 0.005983
152 0.006022
153 0.006064
154 0.006094
155 0.006152
156 0.006182
157 0.006227
158 0.006263
159 0.006317
160 0.006355
161 0.006398
162 0.006449
163 0.006498
164 0.006548
165 0.006589
166 0.006655
167 0.006697
168 0.006756
169 0.006801
170 0.006872
171 0.006921
172 0.006978
173 0.007043
174 0.007109
175 0.007175
176 0.007237
177 0.007319
178 0.007386
179 0.007467
180 0.007536
181 0.007630
182 0.007708
183 0.007801
184 0.007888
185 0.007973
186 0.008055
187 0.008141
188 0.008249
189 0.008358
190 0.008444
191 0.008472
192 0.008459
193 0.008389
194 0.008317
195 0.008241
196 0.008168
197 0.008085
198 0.008001
199 0.007921
200 0.007834
201 0.007743
202 0.007648
203 0.007584
204 0.007526
205 0.007498
206 0.007478
207 0.007469
208 0.007466
209 0.007471
210 0.007484
211 0.007503
212 0.007531
213 0.007562
214 0.007602
215 0.007644
216 0.007693
217 0.007745
218 0.007805
219 0.007869
220 0.007939
221 0.008010
222 0.008084
223 0.008156
224 0.008225
225 0.008289
226 0.008340
227 0.008353
228 0.008315
229 0.008245
230 0.008156
231 0.008020
232 0.007841
233 0.007645
234 0.007435
235 0.007231
236 0.007099
237 0.007045
238 0.007019
239 0.007006
240 0.006996
241 0.006996
242 0.007000
243 0.007010
244 0.007019
245 0.007030
246 0.007040
247 0.007049
248 0.007064
249 0.007073
250 0.007091
251 0.007100
252 0.007122
253 0.007136
254 0.007160
255 0.007180
256 0.007205
257 0.007231
258 0.007258
259 0.007292
260 0.007322
261 0.007369
262 0.007408
263 0.007467
264 0.007519
265 0.007592
266 0.007663
267 0.007752
268 0.007849
269 0.007961
270 0.008095
271 0.008215
272 0.008308
273 0.008302
274 0.008286
275 0.008221
276 0.008105
277 0.007875
278 0.007611
279 0.007318
280 0.007033
281 0.006821
282 0.006723
283 0.006724
284 0.006726
285 0.006746
286 0.006745
287 0.006769
288 0.006772
289 0.006795
290 0.006805
291 0.006827
292 0.006846
293 0.006867
294 0.006895
295 0.006915
296 0.006954
297 0.006974
298 0.007025
299 0.007046
300 0.007097
301 0.007124
302 0.007168
303 0.007203
304 0.007247
305 0.007297
306 0.007349
307 0.007426
308 0.007486
309 0.007585
310 0.007656
311 0.007781
312 0.007883
313 0.008022
314 0.008116
315 0.008153
316 0.008063
317 0.007848
318 0.007553
319 0.007212
320 0.006881
321 0.006554
322 0.006391
323 0.006273
324 0.006264
325 0.006248
326 0.006251
327 0.006241
328 0.006237
329 0.006237
330 0.006225
331 0.006234
