0 0.361330
1 0.000001
2 0.000282
3 0.000283
4 0.000282
5 0.000283
6 0.000282
7 0.000354
8 0.000463
9 0.000463
10 0.000463
11 0.000463
12 0.000463
13 0.000660
14 0.000675
15 0.000675
16 0.000676
17 0.000676
18 0.000758
19 0.000881
20 0.000882
21 0.000883
22 0.000884
23 0.000886
24 0.001152
25 0.001197
26 0.001198
27 0.001200
28 0.001201
29 0.001274
30 0.001417
31 0.001419
32 0.001421
33 0.001423
34 0.001425
35 0.001588
36 0.001631
37 0.001633
38 0.001635
39 0.001637
40 0.001688
41 0.001824
42 0.001826
43 0.001829
44 0.001832
45 0.001834
46 0.001957
47 0.002004
48 0.002006
49 0.002009
50 0.002011
51 0.002043
52 0.002164
53 0.002167
54 0.002169
55 0.002171
56 0.002174
57 0.002263
58 0.002310
59 0.002312
60 0.002315
61 0.002316
62 0.002334
63 0.002434
64 0.002436
65 0.002437
66 0.002440
67 0.002440
68 0.002499
69 0.002539
70 0.002540
71 0.002541
72 0.002541
73 0.002547
74 0.002622
75 0.002622
76 0.002622
77 0.002621
78 0.002620
79 0.002653
80 0.002681
81 0.002678
82 0.002676
83 0.002673
84 0.002670
85 0.002713
86 0.002708
87 0.002704
88 0.002700
89 0.002696
90 0.002705
91 0.002717
92 0.002712
93 0.002708
94 0.002704
95 0.002699
96 0.002709
97 0.002705
98 0.002701
99 0.002696
100 0.002692
101 0.002688
102 0.002685
103 0.002681
104 0.002676
105 0.002672
106 0.002668
107 0.002654
108 0.002649
109 0.002645
110 0.002641
111 0.002637
112 0.002625
113 0.002608
114 0.002604
115 0.002601
116 0.002597
117 0.002594
118 0.002566
119 0.002556
120 0.002554
121 0.002550
122 0.002546
123 0.002533
124 0.002503
125 0.002500
126 0.002497
127 0.002494
128 0.002490
129 0.002457
130 0.002445
131 0.002442
132 0.002439
133 0.002436
134 0.002424
135 0.002391
136 0.002388
137 0.002385
138 0.002383
139 0.002380
140 0.002352
141 0.002340
142 0.002337
143 0.002335
144 0.002333
145 0.002326
146 0.002299
147 0.002298
148 0.002296
149 0.002295
150 0.002294
151 0.002278
152 0.002271
153 0.002270
154 0.002270
155 0.002269
156 0.002265
157 0.002240
158 0.002239
159 0.002238
160 0.002237
161 0.002236
162 0.002251
163 0.002263
164 0.002261
165 0.002258
166 0.002255
167 0.002251
168 0.002276
169 0.002270
170 0.002264
171 0.002256
172 0.002248
173 0.002252
174 0.002257
175 0.002245
176 0.002231
177 0.002216
178 0.002198
179 0.002206
180 0.002187
181 0.002164
182 0.002139
183 0.002112
184 0.002094
185 0.002078
186 0.002045
187 0.002010
188 0.001973
189 0.001935
190 0.001913
191 0.001872
192 0.001825
193 0.001776
194 0.001729
195 0.001685
196 0.001645
197 0.001593
198 0.001544
199 0.001498
200 0.001455
201 0.001429
202 0.001395
203 0.001362
204 0.001332
205 0.001308
206 0.001290
207 0.001279
208 0.001257
209 0.001235
210 0.001213
211 0.001189
212 0.001174
213 0.001152
214 0.001127
215 0.001105
216 0.001083
217 0.001067
218 0.001068
219 0.001068
220 0.001069
221 0.001069
222 0.001070
223 0.001079
224 0.001084
225 0.001085
226 0.001086
227 0.001087
228 0.001089
229 0.001100
230 0.001101
231 0.001102
232 0.001103
233 0.001104
234 0.001112
235 0.001117
236 0.001118
237 0.001120
238 0.001121
239 0.001123
240 0.001134
241 0.001135
242 0.001137
243 0.001138
244 0.001139
245 0.001146
246 0.001153
247 0.001154
248 0.001155
249 0.001157
250 0.001158
251 0.001170
252 0.001172
253 0.001173
254 0.001175
255 0.001176
256 0.001182
257 0.001190
258 0.001191
259 0.001193
260 0.001194
261 0.001196
262 0.001207
263 0.001209
264 0.001211
265 0.001213
266 0.001215
267 0.001220
268 0.001228
269 0.001230
270 0.001232
271 0.001234
272 0.001236
273 0.001247
274 0.001250
275 0.001252
276 0.001254
277 0.001256
278 0.001261
279 0.001270
280 0.001273
281 0.001275
282 0.001277
283 0.001279
284 0.001290
285 0.001294
286 0.001296
287 0.001298
288 0.001301
289 0.001306
290 0.001315
291 0.001317
292 0.001320
293 0.001322
294 0.001325
295 0.001335
296 0.001340
297 0.001343
298 0.001346
299 0.001348
300 0.001353
301 0.001364
302 0.001367
303 0.001370
304 0.001373
305 0.001376
306 0.001386
307 0.001393
308 0.001396
309 0.001400
310 0.001403
311 0.001408
312 0.001421
313 0.001424
314 0.001428
315 0.001432
316 0.001437
317 0.001447
318 0.001455
319 0.001459
320 0.001464
321 0.001468
322 0.001474
323 0.001487
324 0.001492
325 0.001497
326 0.001502
327 0.001507
328 0.001517
329 0.001527
330 0.001532
331 0.001538
