0 0.360356
1 0.000001
2 0.000216
3 0.000216
4 0.000216
5 0.000216
6 0.000216
7 0.000216
8 0.000216
9 0.000215
10 0.000215
11 0.000216
12 0.000216
13 0.000503
14 0.000523
15 0.000523
16 0.000523
17 0.000523
18 0.000598
19 0.000712
20 0.000712
21 0.000711
22 0.000712
23 0.000712
24 0.000865
25 0.000888
26 0.000888
27 0.000888
28 0.000888
29 0.000943
30 0.001053
31 0.001053
32 0.001053
33 0.001053
34 0.001053
35 0.001176
36 0.001206
37 0.001206
38 0.001206
39 0.001206
40 0.001244
41 0.001347
42 0.001347
43 0.001347
44 0.001347
45 0.001347
46 0.001442
47 0.001476
48 0.001476
49 0.001476
50 0.001476
51 0.001500
52 0.001593
53 0.001594
54 0.001593
55 0.001594
56 0.001594
57 0.001664
58 0.001700
59 0.001700
60 0.001700
61 0.001700
62 0.001712
63 0.001794
64 0.001793
65 0.001794
66 0.001794
67 0.001795
68 0.001843
69 0.001877
70 0.001877
71 0.001877
72 0.001877
73 0.001882
74 0.001948
75 0.001948
76 0.001948
77 0.001949
78 0.001950
79 0.001981
80 0.002008
81 0.002009
82 0.002009
83 0.002010
84 0.002010
85 0.002056
86 0.002056
87 0.002056
88 0.002057
89 0.002057
90 0.002072
91 0.002090
92 0.002090
93 0.002090
94 0.002090
95 0.002090
96 0.002109
97 0.002111
98 0.002111
99 0.002110
100 0.002110
101 0.002114
102 0.002119
103 0.002119
104 0.002119
105 0.002118
106 0.002118
107 0.002116
108 0.002115
109 0.002114
110 0.002114
111 0.002114
112 0.002109
113 0.002099
114 0.002099
115 0.002098
116 0.002098
117 0.002098
118 0.002077
119 0.002071
120 0.002071
121 0.002071
122 0.002071
123 0.002061
124 0.002032
125 0.002032
126 0.002032
127 0.002032
128 0.002033
129 0.001995
130 0.001982
131 0.001982
132 0.001982
133 0.001982
134 0.001970
135 0.001920
136 0.001921
137 0.001921
138 0.001921
139 0.001921
140 0.001872
141 0.001847
142 0.001847
143 0.001848
144 0.001848
145 0.001837
146 0.001761
147 0.001761
148 0.001762
149 0.001762
150 0.001762
151 0.001703
152 0.001663
153 0.001663
154 0.001664
155 0.001664
156 0.001657
157 0.001553
158 0.001553
159 0.001553
160 0.001553
161 0.001553
162 0.001510
163 0.001473
164 0.001473
165 0.001473
166 0.001473
167 0.001473
168 0.001340
169 0.001340
170 0.001340
171 0.001340
172 0.001340
173 0.001315
174 0.001301
175 0.001301
176 0.001302
177 0.001302
178 0.001302
179 0.001324
180 0.001328
181 0.001328
182 0.001329
183 0.001329
184 0.001357
185 0.001413
186 0.001413
187 0.001414
188 0.001414
189 0.001415
190 0.001517
191 0.001535
192 0.001536
193 0.001536
194 0.001537
195 0.001582
196 0.001678
197 0.001679
198 0.001679
199 0.001680
200 0.001680
201 0.001801
202 0.001833
203 0.001834
204 0.001834
205 0.001835
206 0.001876
207 0.001993
208 0.001994
209 0.001995
210 0.001996
211 0.001996
212 0.002113
213 0.002157
214 0.002158
215 0.002159
216 0.002160
217 0.002192
218 0.002321
219 0.002322
220 0.002323
221 0.002324
222 0.002325
223 0.002431
224 0.002485
225 0.002486
226 0.002488
227 0.002489
228 0.002511
229 0.002646
230 0.002648
231 0.002650
232 0.002652
233 0.002653
234 0.002745
235 0.002807
236 0.002809
237 0.002812
238 0.002814
239 0.002826
240 0.002964
241 0.002967
242 0.002969
243 0.002972
244 0.002975
245 0.003053
246 0.003121
247 0.003125
248 0.003128
249 0.003131
250 0.003135
251 0.003274
252 0.003278
253 0.003282
254 0.003286
255 0.003290
256 0.003354
257 0.003429
258 0.003434
259 0.003439
260 0.003444
261 0.003449
262 0.003571
263 0.003585
264 0.003591
265 0.003597
266 0.003603
267 0.003658
268 0.003736
269 0.003744
270 0.003751
271 0.003759
272 0.003767
273 0.003875
274 0.003899
275 0.003909
276 0.003918
277 0.003928
278 0.003975
279 0.004058
280 0.004069
281 0.004082
282 0.004095
283 0.004108
284 0.004203
285 0.004239
286 0.004254
287 0.004271
288 0.004287
289 0.004330
290 0.004420
291 0.004439
292 0.004458
293 0.004476
294 0.004494
295 0.004580
296 0.004622
297 0.004642
298 0.004660
299 0.004679
300 0.004714
301 0.004799
302 0.004812
303 0.004823
304 0.004833
305 0.004842
306 0.004899
307 0.004927
308 0.004925
309 0.004920
310 0.004911
311 0.004907
312 0.004950
313 0.004929
314 0.004904
315 0.004876
316 0.004844
317 0.004844
318 0.004826
319 0.004789
320 0.004757
321 0.004730
322 0.004715
323 0.004749
324 0.004739
325 0.004728
326 0.004719
327 0.004710
328 0.004724
329 0.004733
330 0.004721
331 0.004707
