0 0.361342
1 0.000001
2 0.000496
3 0.000496
4 0.000496
5 0.000497
6 0.000497
7 0.000796
8 0.001139
9 0.001331
10 0.001449
11 0.001684
12 0.001751
13 0.002027
14 0.002074
15 0.002336
16 0.002407
17 0.002620
18 0.002732
19 0.002899
20 0.003050
21 0.003172
22 0.003360
23 0.003441
24 0.003664
25 0.003711
26 0.003956
27 0.004007
28 0.004212
29 0.004299
30 0.004463
31 0.004584
32 0.004711
33 0.004863
34 0.004954
35 0.005134
36 0.005193
37 0.005403
38 0.005453
39 0.005646
40 0.005718
41 0.005878
42 0.005978
43 0.006107
44 0.006234
45 0.006335
46 0.006488
47 0.006564
48 0.006739
49 0.006798
50 0.006980
51 0.007046
52 0.007201
53 0.007290
54 0.007420
55 0.007513
56 0.007591
57 0.007689
58 0.007742
59 0.007852
60 0.007879
61 0.008004
62 0.008028
63 0.008137
64 0.008177
65 0.008266
66 0.008323
67 0.008393
68 0.008465
69 0.008507
70 0.008585
71 0.008608
72 0.008703
73 0.008721
74 0.008821
75 0.008849
76 0.008936
77 0.008984
78 0.009058
79 0.009125
80 0.009188
81 0.009272
82 0.009323
83 0.009420
84 0.009453
85 0.009562
86 0.009596
87 0.009676
88 0.009706
89 0.009763
90 0.009802
91 0.009846
92 0.009898
93 0.009931
94 0.009993
95 0.010006
96 0.010053
97 0.010046
98 0.010090
99 0.010090
100 0.010122
101 0.010131
102 0.010154
103 0.010172
104 0.010186
105 0.010212
106 0.010217
107 0.010251
108 0.010249
109 0.010286
110 0.010286
111 0.010311
112 0.010307
113 0.010319
114 0.010323
115 0.010328
116 0.010335
117 0.010332
118 0.010342
119 0.010332
120 0.010342
121 0.010322
122 0.010311
123 0.010274
124 0.010240
125 0.010185
126 0.010130
127 0.010073
128 0.010013
129 0.009955
130 0.009890
131 0.009830
132 0.009760
133 0.009696
134 0.009623
135 0.009557
136 0.009488
137 0.009419
138 0.009347
139 0.009273
140 0.009199
141 0.009127
142 0.009053
143 0.008983
144 0.008906
145 0.008836
146 0.008759
147 0.008688
148 0.008610
149 0.008537
150 0.008467
151 0.008396
152 0.008327
153 0.008251
154 0.008185
155 0.008104
156 0.008039
157 0.007956
158 0.007889
159 0.007811
160 0.007745
161 0.007659
162 0.007567
163 0.007476
164 0.007377
165 0.007289
166 0.007185
167 0.007102
168 0.006992
169 0.006911
170 0.006809
171 0.006730
172 0.006654
173 0.006588
174 0.006523
175 0.006458
176 0.006406
177 0.006339
178 0.006296
179 0.006224
180 0.006186
181 0.006117
182 0.006079
183 0.006020
184 0.005976
185 0.005925
186 0.005874
187 0.005832
188 0.005779
189 0.005746
190 0.005684
191 0.005656
192 0.005585
193 0.005555
194 0.005490
195 0.005451
196 0.005393
197 0.005345
198 0.005296
199 0.005238
200 0.005191
201 0.005109
202 0.005061
203 0.004970
204 0.004926
205 0.004839
206 0.004789
207 0.004712
208 0.004654
209 0.004588
210 0.004520
211 0.004464
212 0.004387
213 0.004341
214 0.004255
215 0.004218
216 0.004130
217 0.004091
218 0.004015
219 0.003969
220 0.003905
221 0.003850
222 0.003798
223 0.003734
224 0.003693
225 0.003620
226 0.003592
227 0.003510
228 0.003485
229 0.003412
230 0.003380
231 0.003319
232 0.003278
233 0.003231
234 0.003183
235 0.003150
236 0.003090
237 0.003069
238 0.002998
239 0.002984
240 0.002911
241 0.002892
242 0.002830
243 0.002800
244 0.002749
245 0.002706
246 0.002668
247 0.002611
248 0.002586
249 0.002516
250 0.002503
251 0.002419
252 0.002406
253 0.002335
254 0.002308
255 0.002249
256 0.002208
257 0.002162
258 0.002105
259 0.002073
260 0.002001
261 0.001981
262 0.001895
263 0.001881
264 0.001795
265 0.001772
266 0.001699
267 0.001661
268 0.001602
269 0.001548
270 0.001504
271 0.001431
272 0.001403
273 0.001314
274 0.001299
275 0.001195
276 0.001178
277 0.001091
278 0.001054
279 0.000982
280 0.000929
281 0.000874
282 0.000801
283 0.000763
284 0.000672
285 0.000649
286 0.000484
287 0.000477
288 0.000477
289 0.000351
290 0.000006
291 0.000006
292 0.000006
293 0.000006
294 0.000006
295 0.000006
296 0.000006
297 0.000325
298 0.000376
299 0.000601
300 0.000647
301 0.000832
302 0.000911
303 0.001056
304 0.001167
305 0.001274
306 0.001415
307 0.001485
308 0.001654
309 0.001690
310 0.001885
311 0.001914
312 0.002081
313 0.002133
314 0.002264
315 0.002342
316 0.002440
317 0.002542
318 0.002607
319 0.002730
320 0.002765
321 0.002907
322 0.002923
323 0.003060
324 0.003082
325 0.003186
326 0.003229
327 0.003312
328 0.003384
329 0.003448
330 0.003538
331 0.003578
