0 0.361342
1 0.000001
2 0.000183
3 0.000183
4 0.000183
5 0.000183
6 0.000183
7 0.000183
8 0.000183
9 0.000183
10 0.000183
11 0.000183
12 0.000183
13 0.000433
14 0.000450
15 0.000450
16 0.000450
17 0.000450
18 0.000517
19 0.000619
20 0.000619
21 0.000618
22 0.000618
23 0.000618
24 0.000759
25 0.000780
26 0.000779
27 0.000779
28 0.000778
29 0.000830
30 0.000933
31 0.000933
32 0.000932
33 0.000931
34 0.000931
35 0.001050
36 0.001078
37 0.001077
38 0.001077
39 0.001076
40 0.001113
41 0.001217
42 0.001216
43 0.001214
44 0.001213
45 0.001212
46 0.001311
47 0.001346
48 0.001344
49 0.001344
50 0.001342
51 0.001367
52 0.001469
53 0.001467
54 0.001466
55 0.001465
56 0.001463
57 0.001544
58 0.001583
59 0.001582
60 0.001580
61 0.001579
62 0.001593
63 0.001692
64 0.001690
65 0.001689
66 0.001687
67 0.001686
68 0.001750
69 0.001792
70 0.001791
71 0.001789
72 0.001787
73 0.001793
74 0.001888
75 0.001886
76 0.001884
77 0.001883
78 0.001881
79 0.001932
80 0.001975
81 0.001974
82 0.001972
83 0.001970
84 0.001969
85 0.002058
86 0.002056
87 0.002054
88 0.002053
89 0.002051
90 0.002089
91 0.002132
92 0.002131
93 0.002129
94 0.002127
95 0.002126
96 0.002197
97 0.002201
98 0.002199
99 0.002198
100 0.002196
101 0.002224
102 0.002265
103 0.002264
104 0.002263
105 0.002261
106 0.002260
107 0.002316
108 0.002324
109 0.002322
110 0.002322
111 0.002321
112 0.002340
113 0.002379
114 0.002379
115 0.002378
116 0.002377
117 0.002377
118 0.002419
119 0.002429
120 0.002429
121 0.002428
122 0.002428
123 0.002440
124 0.002475
125 0.002474
126 0.002473
127 0.002473
128 0.002472
129 0.002502
130 0.002513
131 0.002512
132 0.002512
133 0.002511
134 0.002518
135 0.002546
136 0.002546
137 0.002545
138 0.002544
139 0.002544
140 0.002564
141 0.002574
142 0.002573
143 0.002573
144 0.002572
145 0.002575
146 0.002596
147 0.002595
148 0.002594
149 0.002594
150 0.002593
151 0.002603
152 0.002610
153 0.002609
154 0.002609
155 0.002610
156 0.002618
157 0.002647
158 0.002668
159 0.002690
160 0.002710
161 0.002731
162 0.002760
163 0.002788
164 0.002811
165 0.002832
166 0.002853
167 0.002872
168 0.002898
169 0.002916
170 0.002932
171 0.002948
172 0.002963
173 0.002981
174 0.002999
175 0.003012
176 0.003025
177 0.003036
178 0.003048
179 0.003066
180 0.003077
181 0.003087
182 0.003096
183 0.003105
184 0.003116
185 0.003128
186 0.003136
187 0.003144
188 0.003151
189 0.003158
190 0.003170
191 0.003177
192 0.003183
193 0.003189
194 0.003194
195 0.003201
196 0.003210
197 0.003215
198 0.003220
199 0.003224
200 0.003228
201 0.003236
202 0.003242
203 0.003245
204 0.003248
205 0.003252
206 0.003257
207 0.003263
208 0.003266
209 0.003269
210 0.003271
211 0.003274
212 0.003280
213 0.003283
214 0.003285
215 0.003281
216 0.003259
217 0.003230
218 0.003204
219 0.003179
220 0.003160
221 0.003143
222 0.003125
223 0.003110
224 0.003094
225 0.003079
226 0.003064
227 0.003049
228 0.003035
229 0.003024
230 0.003011
231 0.002998
232 0.002986
233 0.002974
234 0.002964
235 0.002953
236 0.002943
237 0.002932
238 0.002923
239 0.002913
240 0.002905
241 0.002895
242 0.002887
243 0.002878
244 0.002871
245 0.002863
246 0.002855
247 0.002848
248 0.002840
249 0.002834
250 0.002827
251 0.002820
252 0.002814
253 0.002808
254 0.002802
255 0.002797
256 0.002790
257 0.002785
258 0.002780
259 0.002775
260 0.002769
261 0.002765
262 0.002759
263 0.002755
264 0.002750
265 0.002746
266 0.002741
267 0.002737
268 0.002732
269 0.002728
270 0.002724
271 0.002721
272 0.002717
273 0.002712
274 0.002708
275 0.002705
276 0.002702
277 0.002698
278 0.002695
279 0.002690
280 0.002687
281 0.002684
282 0.002681
283 0.002679
284 0.002673
285 0.002670
286 0.002667
287 0.002665
288 0.002662
289 0.002660
290 0.002654
291 0.002652
292 0.002650
293 0.002648
294 0.002646
295 0.002640
296 0.002637
297 0.002635
298 0.002634
299 0.002632
300 0.002629
301 0.002623
302 0.002622
303 0.002620
304 0.002618
305 0.002616
306 0.002611
307 0.002608
308 0.002607
309 0.002605
310 0.002604
311 0.002601
312 0.002596
313 0.002594
314 0.002593
315 0.002592
316 0.002592
317 0.002587
318 0.002585
319 0.002584
320 0.002583
321 0.002583
322 0.002582
323 0.002576
324 0.002576
325 0.002578
326 0.002579
327 0.002580
328 0.002579
329 0.002582
330 0.002596
331 0.002614
