0 0.361342
1 0.000001
2 0.001100
3 0.001276
4 0.002305
5 0.002667
6 0.003478
7 0.003988
8 0.004574
9 0.005444
10 0.005977
11 0.006666
12 0.006865
13 0.007812
14 0.007933
15 0.008566
16 0.008741
17 0.009291
18 0.009523
19 0.009874
20 0.010132
21 0.010318
22 0.010549
23 0.010600
24 0.010780
25 0.010766
26 0.010893
27 0.010843
28 0.010800
29 0.010692
30 0.010583
31 0.010417
32 0.010297
33 0.010131
34 0.010033
35 0.009779
36 0.009722
37 0.009369
38 0.009348
39 0.008926
40 0.008879
41 0.008604
42 0.008356
43 0.007976
44 0.007691
45 0.007519
46 0.006798
47 0.006610
48 0.005897
49 0.005810
50 0.004086
51 0.003906
52 0.002967
53 0.002518
54 0.001654
55 0.001286
56 0.000928
57 0.000911
58 0.000905
59 0.001451
60 0.001625
61 0.002015
62 0.002073
63 0.002364
64 0.002485
65 0.002773
66 0.002956
67 0.003183
68 0.003423
69 0.003585
70 0.003880
71 0.003974
72 0.004314
73 0.004364
74 0.004691
75 0.004746
76 0.004987
77 0.005071
78 0.005227
79 0.005335
80 0.005427
81 0.005619
82 0.005766
83 0.006071
84 0.006147
85 0.006472
86 0.006528
87 0.006794
88 0.006893
89 0.007104
90 0.007242
91 0.007393
92 0.007557
93 0.007647
94 0.007846
95 0.007891
96 0.008124
97 0.008146
98 0.008368
99 0.008411
100 0.008579
101 0.008651
102 0.008768
103 0.008866
104 0.008933
105 0.009054
106 0.009074
107 0.009215
108 0.009206
109 0.009374
110 0.009378
111 0.009515
112 0.009555
113 0.009667
114 0.009749
115 0.009841
116 0.009952
117 0.010010
118 0.010143
119 0.010169
120 0.010319
121 0.010333
122 0.010464
123 0.010491
124 0.010594
125 0.010648
126 0.010724
127 0.010797
128 0.010846
129 0.010933
130 0.010955
131 0.011062
132 0.011066
133 0.011164
134 0.011170
135 0.011251
136 0.011274
137 0.011326
138 0.011361
139 0.011391
140 0.011427
141 0.011426
142 0.011453
143 0.011398
144 0.011403
145 0.011330
146 0.011311
147 0.011257
148 0.011241
149 0.011208
150 0.011187
151 0.011170
152 0.011145
153 0.011134
154 0.011102
155 0.011107
156 0.011083
157 0.011097
158 0.011083
159 0.011095
160 0.011108
161 0.011155
162 0.011114
163 0.011093
164 0.011120
165 0.011141
166 0.011159
167 0.011167
168 0.011179
169 0.011180
170 0.011180
171 0.011175
172 0.011162
173 0.011140
174 0.011108
175 0.011061
176 0.011003
177 0.010918
178 0.010824
179 0.010680
180 0.010529
181 0.010339
182 0.010156
183 0.009946
184 0.009735
185 0.009527
186 0.009314
187 0.009109
188 0.008893
189 0.008702
190 0.008487
191 0.008314
192 0.008106
193 0.007946
194 0.007757
195 0.007643
196 0.007517
197 0.007409
198 0.007305
199 0.007200
200 0.007121
201 0.007013
202 0.006956
203 0.006857
204 0.006820
205 0.006733
206 0.006702
207 0.006642
208 0.006606
209 0.006561
210 0.006524
211 0.006502
212 0.006451
213 0.006442
214 0.006372
215 0.006373
216 0.006292
217 0.006285
218 0.006215
219 0.006190
220 0.006132
221 0.006086
222 0.006043
223 0.005977
224 0.005951
225 0.005864
226 0.005857
227 0.005748
228 0.005748
229 0.005672
230 0.005637
231 0.005523
232 0.005499
233 0.005465
234 0.005369
235 0.005312
236 0.005246
237 0.005239
238 0.005078
239 0.005071
240 0.004965
241 0.004944
242 0.004816
243 0.004776
244 0.004700
245 0.004613
246 0.004542
247 0.004456
248 0.004430
249 0.004273
250 0.004261
251 0.004043
252 0.004041
253 0.003948
254 0.003888
255 0.003733
256 0.003641
257 0.003533
258 0.003388
259 0.003304
260 0.003202
261 0.003183
262 0.002944
263 0.002915
264 0.002696
265 0.002644
266 0.002463
267 0.002352
268 0.002183
269 0.002150
270 0.002146
271 0.001961
272 0.001890
273 0.001663
274 0.001624
275 0.001313
276 0.001265
277 0.001038
278 0.000947
279 0.000772
280 0.000610
281 0.000464
282 0.000453
283 0.000467
284 0.000544
285 0.000623
286 0.000702
287 0.000721
288 0.000850
289 0.000887
290 0.000991
291 0.001049
292 0.001128
293 0.001205
294 0.001261
295 0.001356
296 0.001390
297 0.001530
298 0.001553
299 0.001668
300 0.001690
301 0.001783
302 0.001828
303 0.001913
304 0.001967
305 0.002019
306 0.002099
307 0.002138
308 0.002221
309 0.002238
310 0.002348
311 0.002363
312 0.002447
313 0.002477
314 0.002553
315 0.002593
316 0.002644
317 0.002702
318 0.002742
319 0.002812
320 0.002834
321 0.002916
322 0.002931
323 0.003013
324 0.003034
325 0.003101
326 0.003133
327 0.003186
328 0.003229
329 0.003268
330 0.003322
331 0.003349
