0 0.361342
1 0.000001
2 0.000367
3 0.000366
4 0.000366
5 0.000366
6 0.000366
7 0.000616
8 0.000901
9 0.000901
10 0.001138
11 0.001239
12 0.001237
13 0.001541
14 0.001561
15 0.001611
16 0.001870
17 0.001867
18 0.001984
19 0.002161
20 0.002157
21 0.002335
22 0.002436
23 0.002431
24 0.002664
25 0.002696
26 0.002717
27 0.002946
28 0.002940
29 0.003017
30 0.003177
31 0.003170
32 0.003297
33 0.003392
34 0.003386
35 0.003557
36 0.003595
37 0.003595
38 0.003791
39 0.003784
40 0.003830
41 0.003967
42 0.003961
43 0.004046
44 0.004131
45 0.004124
46 0.004243
47 0.004282
48 0.004275
49 0.004422
50 0.004421
51 0.004444
52 0.004555
53 0.004549
54 0.004603
55 0.004674
56 0.004670
57 0.004747
58 0.004785
59 0.004783
60 0.004879
61 0.004888
62 0.004898
63 0.004980
64 0.004977
65 0.005006
66 0.005058
67 0.005055
68 0.005098
69 0.005125
70 0.005122
71 0.005172
72 0.005180
73 0.005181
74 0.005226
75 0.005223
76 0.005231
77 0.005255
78 0.005255
79 0.005319
80 0.005418
81 0.005501
82 0.005614
83 0.005707
84 0.005787
85 0.005876
86 0.005941
87 0.006005
88 0.006071
89 0.006121
90 0.006173
91 0.006222
92 0.006259
93 0.006303
94 0.006338
95 0.006366
96 0.006404
97 0.006428
98 0.006452
99 0.006482
100 0.006500
101 0.006521
102 0.006543
103 0.006557
104 0.006576
105 0.006591
106 0.006602
107 0.006618
108 0.006616
109 0.006511
110 0.006409
111 0.006334
112 0.006266
113 0.006205
114 0.006146
115 0.006092
116 0.006042
117 0.005993
118 0.005950
119 0.005908
120 0.005869
121 0.005834
122 0.005799
123 0.005767
124 0.005737
125 0.005709
126 0.005682
127 0.005657
128 0.005634
129 0.005611
130 0.005590
131 0.005570
132 0.005549
133 0.005531
134 0.005514
135 0.005495
136 0.005480
137 0.005464
138 0.005449
139 0.005435
140 0.005420
141 0.005406
142 0.005395
143 0.005379
144 0.005368
145 0.005358
146 0.005342
147 0.005333
148 0.005322
149 0.005308
150 0.005301
151 0.005288
152 0.005277
153 0.005270
154 0.005255
155 0.005247
156 0.005241
157 0.005226
158 0.005221
159 0.005215
160 0.005204
161 0.005202
162 0.005195
163 0.005191
164 0.005197
165 0.005203
166 0.005265
167 0.005341
168 0.005414
169 0.005506
170 0.005585
171 0.005648
172 0.005718
173 0.005773
174 0.005820
175 0.005872
176 0.005906
177 0.005943
178 0.005982
179 0.005997
180 0.006032
181 0.006067
182 0.006084
183 0.006117
184 0.006133
185 0.006137
186 0.006156
187 0.006156
188 0.006161
189 0.006176
190 0.006164
191 0.006173
192 0.006181
193 0.006165
194 0.006174
195 0.006167
196 0.006054
197 0.005827
198 0.005642
199 0.005492
200 0.005361
201 0.005214
202 0.005090
203 0.004976
204 0.004842
205 0.004740
206 0.004635
207 0.004522
208 0.004434
209 0.004336
210 0.004242
211 0.004164
212 0.004071
213 0.003993
214 0.003925
215 0.003835
216 0.003772
217 0.003706
218 0.003628
219 0.003572
220 0.003507
221 0.003441
222 0.003390
223 0.003324
224 0.003268
225 0.003223
226 0.003157
227 0.003113
228 0.003076
229 0.003024
230 0.002994
231 0.002958
232 0.002917
233 0.002893
234 0.002856
235 0.002825
236 0.002804
237 0.002764
238 0.002742
239 0.002722
240 0.002682
241 0.002667
242 0.002644
243 0.002612
244 0.002598
245 0.002572
246 0.002547
247 0.002536
248 0.002505
249 0.002487
250 0.002477
251 0.002441
252 0.002432
253 0.002416
254 0.002388
255 0.002379
256 0.002358
257 0.002336
258 0.002325
259 0.002292
260 0.002269
261 0.002255
262 0.002216
263 0.002201
264 0.002184
265 0.002150
266 0.002138
267 0.002115
268 0.002087
269 0.002076
270 0.002048
271 0.002027
272 0.002016
273 0.001982
274 0.001969
275 0.001956
276 0.001922
277 0.001913
278 0.001894
279 0.001868
280 0.001859
281 0.001835
282 0.001815
283 0.001807
284 0.001777
285 0.001764
286 0.001756
287 0.001722
288 0.001716
289 0.001701
290 0.001675
291 0.001668
292 0.001648
293 0.001628
294 0.001623
295 0.001597
296 0.001584
297 0.001579
298 0.001546
299 0.001541
300 0.001530
301 0.001503
302 0.001499
303 0.001482
304 0.001462
305 0.001458
306 0.001434
307 0.001421
308 0.001417
309 0.001387
310 0.001381
311 0.001374
312 0.001346
313 0.001342
314 0.001329
315 0.001307
316 0.001304
317 0.001284
318 0.001269
319 0.001267
320 0.001239
321 0.001232
322 0.001227
323 0.001197
324 0.001195
325 0.001184
326 0.001160
327 0.001159
328 0.001140
329 0.001124
330 0.001122
331 0.001097
