0 0.361342
1 0.000001
2 0.000224
3 0.000224
4 0.000223
5 0.000223
6 0.000223
7 0.000222
8 0.000222
9 0.000221
10 0.000221
11 0.000220
12 0.000220
13 0.000220
14 0.000219
15 0.000219
16 0.000218
17 0.000218
18 0.000485
19 0.000882
20 0.000877
21 0.000872
22 0.000866
23 0.000861
24 0.001243
25 0.001291
26 0.001280
27 0.001323
28 0.001562
29 0.001618
30 0.001746
31 0.001838
32 0.001933
33 0.002068
34 0.002129
35 0.002305
36 0.002332
37 0.002556
38 0.002573
39 0.002781
40 0.002821
41 0.002984
42 0.003070
43 0.003193
44 0.003324
45 0.003411
46 0.003584
47 0.003601
48 0.003791
49 0.003756
50 0.003951
51 0.003914
52 0.004043
53 0.004050
54 0.004140
55 0.004243
56 0.004355
57 0.004603
58 0.004664
59 0.004921
60 0.004860
61 0.005081
62 0.004957
63 0.005126
64 0.005097
65 0.005214
66 0.005241
67 0.005282
68 0.005309
69 0.005251
70 0.005284
71 0.005228
72 0.005364
73 0.005286
74 0.005414
75 0.005362
76 0.005430
77 0.005425
78 0.005486
79 0.005531
80 0.005542
81 0.005590
82 0.005580
83 0.005732
84 0.005770
85 0.005959
86 0.005996
87 0.006152
88 0.006215
89 0.006341
90 0.006429
91 0.006527
92 0.006636
93 0.006708
94 0.006835
95 0.006879
96 0.007024
97 0.007057
98 0.007193
99 0.007236
100 0.007347
101 0.007409
102 0.007496
103 0.007575
104 0.007642
105 0.007736
106 0.007784
107 0.007893
108 0.007926
109 0.008041
110 0.008075
111 0.008170
112 0.008216
113 0.008293
114 0.008353
115 0.008413
116 0.008479
117 0.008523
118 0.008596
119 0.008628
120 0.008706
121 0.008733
122 0.008804
123 0.008841
124 0.008901
125 0.008939
126 0.008979
127 0.009015
128 0.009046
129 0.009083
130 0.009106
131 0.009136
132 0.009148
133 0.009173
134 0.009184
135 0.009197
136 0.009202
137 0.009207
138 0.009209
139 0.009211
140 0.009207
141 0.009209
142 0.009198
143 0.009200
144 0.009180
145 0.009180
146 0.009157
147 0.009151
148 0.009128
149 0.009113
150 0.009093
151 0.009052
152 0.009018
153 0.008960
154 0.008932
155 0.008858
156 0.008834
157 0.008753
158 0.008722
159 0.008647
160 0.008602
161 0.008538
162 0.008480
163 0.008430
164 0.008356
165 0.008321
166 0.008228
167 0.008209
168 0.008096
169 0.008079
170 0.007978
171 0.007942
172 0.007858
173 0.007799
174 0.007730
175 0.007645
176 0.007595
177 0.007485
178 0.007456
179 0.007316
180 0.007297
181 0.007153
182 0.007113
183 0.006991
184 0.006927
185 0.006827
186 0.006733
187 0.006660
188 0.006532
189 0.006487
190 0.006326
191 0.006310
192 0.006123
193 0.006099
194 0.005937
195 0.005876
196 0.005739
197 0.005641
198 0.005535
199 0.005393
200 0.005320
201 0.005135
202 0.005097
203 0.004863
204 0.004829
205 0.004599
206 0.004531
207 0.004335
208 0.004219
209 0.004062
210 0.003900
211 0.003781
212 0.003568
213 0.003492
214 0.003228
215 0.003182
216 0.002891
217 0.002830
218 0.002581
219 0.002469
220 0.002263
221 0.002096
222 0.001936
223 0.001712
224 0.001601
225 0.001319
226 0.001258
227 0.000916
228 0.000836
229 0.000367
230 0.000368
231 0.000367
232 0.000190
233 0.000036
234 0.002721
235 0.004521
236 0.006537
237 0.007178
238 0.009352
239 0.009676
240 0.011611
241 0.011971
242 0.013335
243 0.013860
244 0.014763
245 0.015376
246 0.015884
247 0.016482
248 0.016694
249 0.017225
250 0.017224
251 0.017587
252 0.017468
253 0.017524
254 0.017405
255 0.017302
256 0.017100
257 0.016893
258 0.016534
259 0.016308
260 0.015700
261 0.015497
262 0.014575
263 0.014365
264 0.013260
265 0.012885
266 0.011807
267 0.011138
268 0.010151
269 0.009112
270 0.008282
271 0.006798
272 0.006195
273 0.004192
274 0.003798
275 0.000032
276 0.000032
277 0.000032
278 0.000032
279 0.000032
280 0.000463
281 0.000918
282 0.001147
283 0.001274
284 0.001553
285 0.001624
286 0.001952
287 0.002006
288 0.002307
289 0.002397
290 0.002642
291 0.002783
292 0.002974
293 0.003163
294 0.003302
295 0.003535
296 0.003625
297 0.003903
298 0.003960
299 0.004253
300 0.004324
301 0.004570
302 0.004687
303 0.004888
304 0.005049
305 0.005207
306 0.005412
307 0.005528
308 0.005774
309 0.005850
310 0.006135
311 0.006205
312 0.006457
313 0.006560
314 0.006768
315 0.006908
316 0.007076
317 0.007251
318 0.007380
319 0.007588
320 0.007680
321 0.007921
322 0.007993
323 0.008235
324 0.008322
325 0.008528
326 0.008647
327 0.008819
328 0.008970
329 0.009111
330 0.009292
331 0.009403
