0 0.361342
1 0.000001
2 0.000208
3 0.000208
4 0.000208
5 0.000208
6 0.000208
7 0.000244
8 0.000294
9 0.000294
10 0.000294
11 0.000293
12 0.000293
13 0.000381
14 0.000388
15 0.000388
16 0.000388
17 0.000387
18 0.000427
19 0.000487
20 0.000486
21 0.000486
22 0.000485
23 0.000485
24 0.000568
25 0.000580
26 0.000579
27 0.000579
28 0.000578
29 0.000641
30 0.000781
31 0.000779
32 0.000778
33 0.000777
34 0.000776
35 0.000831
36 0.000844
37 0.000842
38 0.000841
39 0.000839
40 0.000871
41 0.000964
42 0.000961
43 0.000960
44 0.000958
45 0.000956
46 0.000994
47 0.001007
48 0.001005
49 0.001003
50 0.001001
51 0.001019
52 0.001099
53 0.001096
54 0.001095
55 0.001092
56 0.001090
57 0.001114
58 0.001125
59 0.001122
60 0.001120
61 0.001118
62 0.001125
63 0.001180
64 0.001178
65 0.001175
66 0.001173
67 0.001170
68 0.001194
69 0.001209
70 0.001207
71 0.001204
72 0.001202
73 0.001202
74 0.001232
75 0.001229
76 0.001227
77 0.001225
78 0.001223
79 0.001235
80 0.001244
81 0.001242
82 0.001240
83 0.001238
84 0.001236
85 0.001249
86 0.001248
87 0.001246
88 0.001244
89 0.001243
90 0.001245
91 0.001248
92 0.001247
93 0.001245
94 0.001243
95 0.001242
96 0.001240
97 0.001239
98 0.001238
99 0.001237
100 0.001236
101 0.001232
102 0.001227
103 0.001226
104 0.001225
105 0.001225
106 0.001224
107 0.001211
108 0.001208
109 0.001208
110 0.001207
111 0.001207
112 0.001199
113 0.001186
114 0.001186
115 0.001185
116 0.001185
117 0.001185
118 0.001164
119 0.001159
120 0.001158
121 0.001159
122 0.001159
123 0.001150
124 0.001129
125 0.001129
126 0.001129
127 0.001129
128 0.001130
129 0.001104
130 0.001095
131 0.001096
132 0.001096
133 0.001097
134 0.001090
135 0.001063
136 0.001063
137 0.001064
138 0.001064
139 0.001066
140 0.001039
141 0.001027
142 0.001028
143 0.001029
144 0.001030
145 0.001025
146 0.000996
147 0.000997
148 0.000998
149 0.000998
150 0.001000
151 0.000976
152 0.000962
153 0.000964
154 0.000965
155 0.000967
156 0.000966
157 0.000936
158 0.000937
159 0.000939
160 0.000940
161 0.000942
162 0.000930
163 0.000920
164 0.000921
165 0.000922
166 0.000924
167 0.000925
168 0.000916
169 0.000918
170 0.000919
171 0.000920
172 0.000922
173 0.000918
174 0.000913
175 0.000914
176 0.000915
177 0.000917
178 0.000918
179 0.000910
180 0.000911
181 0.000912
182 0.000913
183 0.000914
184 0.000911
185 0.000905
186 0.000907
187 0.000908
188 0.000909
189 0.000911
190 0.000903
191 0.000903
192 0.000905
193 0.000906
194 0.000907
195 0.000904
196 0.000897
197 0.000898
198 0.000899
199 0.000901
200 0.000902
201 0.000898
202 0.000898
203 0.000899
204 0.000900
205 0.000902
206 0.000899
207 0.000889
208 0.000891
209 0.000892
210 0.000893
211 0.000894
212 0.000891
213 0.000890
214 0.000891
215 0.000893
216 0.000894
217 0.000892
218 0.000882
219 0.000883
220 0.000884
221 0.000885
222 0.000887
223 0.000883
224 0.000882
225 0.000883
226 0.000885
227 0.000885
228 0.000885
229 0.000874
230 0.000875
231 0.000876
232 0.000877
233 0.000878
234 0.000875
235 0.000873
236 0.000874
237 0.000875
238 0.000876
239 0.000876
240 0.000865
241 0.000865
242 0.000866
243 0.000867
244 0.000868
245 0.000865
246 0.000863
247 0.000864
248 0.000865
249 0.000866
250 0.000866
251 0.000854
252 0.000855
253 0.000856
254 0.000857
255 0.000858
256 0.000855
257 0.000852
258 0.000852
259 0.000853
260 0.000854
261 0.000855
262 0.000843
263 0.000843
264 0.000844
265 0.000845
266 0.000845
267 0.000843
268 0.000839
269 0.000840
270 0.000840
271 0.000841
272 0.000841
273 0.000831
274 0.000830
275 0.000831
276 0.000831
277 0.000831
278 0.000830
279 0.000825
280 0.000825
281 0.000826
282 0.000826
283 0.000826
284 0.000817
285 0.000815
286 0.000815
287 0.000815
288 0.000816
289 0.000814
290 0.000809
291 0.000809
292 0.000809
293 0.000809
294 0.000809
295 0.000800
296 0.000797
297 0.000797
298 0.000797
299 0.000798
300 0.000796
301 0.000790
302 0.000790
303 0.000790
304 0.000790
305 0.000789
306 0.000781
307 0.000777
308 0.000777
309 0.000777
310 0.000776
311 0.000775
312 0.000769
313 0.000768
314 0.000768
315 0.000767
316 0.000766
317 0.000759
318 0.000754
319 0.000753
320 0.000753
321 0.000752
322 0.000751
323 0.000741
324 0.000740
325 0.000739
326 0.000739
327 0.000738
328 0.000732
329 0.000727
330 0.000726
331 0.000725
