0 0.361342
1 0.000001
2 0.000022
3 0.000022
4 0.000022
5 0.000022
6 0.000022
7 0.000022
8 0.000022
9 0.000022
10 0.000022
11 0.000022
12 0.000022
13 0.000022
14 0.000022
15 0.000022
16 0.000022
17 0.000022
18 0.000022
19 0.000022
20 0.000022
21 0.000022
22 0.000022
23 0.000022
24 0.000045
25 0.000048
26 0.000048
27 0.000048
28 0.000048
29 0.000052
30 0.000059
31 0.000059
32 0.000059
33 0.000059
34 0.000059
35 0.000067
36 0.000070
37 0.000070
38 0.000070
39 0.000070
40 0.000072
41 0.000080
42 0.000080
43 0.000080
44 0.000080
45 0.000080
46 0.000088
47 0.000091
48 0.000091
49 0.000091
50 0.000091
51 0.000093
52 0.000101
53 0.000101
54 0.000101
55 0.000101
56 0.000101
57 0.000108
58 0.000112
59 0.000112
60 0.000112
61 0.000112
62 0.000113
63 0.000122
64 0.000122
65 0.000122
66 0.000122
67 0.000122
68 0.000128
69 0.000133
70 0.000133
71 0.000132
72 0.000132
73 0.000133
74 0.000143
75 0.000143
76 0.000143
77 0.000143
78 0.000143
79 0.000148
80 0.000153
81 0.000153
82 0.000153
83 0.000153
84 0.000153
85 0.000164
86 0.000163
87 0.000163
88 0.000163
89 0.000163
90 0.000168
91 0.000174
92 0.000174
93 0.000174
94 0.000174
95 0.000174
96 0.000183
97 0.000184
98 0.000184
99 0.000184
100 0.000184
101 0.000188
102 0.000194
103 0.000194
104 0.000194
105 0.000194
106 0.000194
107 0.000203
108 0.000204
109 0.000204
110 0.000204
111 0.000204
112 0.000207
113 0.000214
114 0.000214
115 0.000214
116 0.000214
117 0.000214
118 0.000222
119 0.000224
120 0.000224
121 0.000224
122 0.000224
123 0.000227
124 0.000234
125 0.000234
126 0.000234
127 0.000234
128 0.000234
129 0.000241
130 0.000244
131 0.000244
132 0.000244
133 0.000244
134 0.000246
135 0.000254
136 0.000254
137 0.000254
138 0.000253
139 0.000253
140 0.000260
141 0.000263
142 0.000263
143 0.000263
144 0.000263
145 0.000264
146 0.000273
147 0.000273
148 0.000273
149 0.000273
150 0.000273
151 0.000279
152 0.000283
153 0.000283
154 0.000283
155 0.000282
156 0.000283
157 0.000292
158 0.000292
159 0.000292
160 0.000292
161 0.000292
162 0.000297
163 0.000302
164 0.000302
165 0.000302
166 0.000301
167 0.000301
168 0.000311
169 0.000311
170 0.000311
171 0.000311
172 0.000311
173 0.000315
174 0.000320
175 0.000320
176 0.000320
177 0.000320
178 0.000320
179 0.000329
180 0.000329
181 0.000329
182 0.000329
183 0.000329
184 0.000332
185 0.000338
186 0.000338
187 0.000338
188 0.000338
189 0.000337
190 0.000345
191 0.000346
192 0.000346
193 0.000346
194 0.000346
195 0.000349
196 0.000355
197 0.000355
198 0.000355
199 0.000354
200 0.000354
201 0.000361
202 0.000363
203 0.000363
204 0.000363
205 0.000363
206 0.000365
207 0.000371
208 0.000371
209 0.000371
210 0.000371
211 0.000371
212 0.000377
213 0.000379
214 0.000379
215 0.000379
216 0.000379
217 0.000380
218 0.000387
219 0.000387
220 0.000387
221 0.000387
222 0.000387
223 0.000392
224 0.000394
225 0.000394
226 0.000394
227 0.000394
228 0.000395
229 0.000402
230 0.000402
231 0.000402
232 0.000402
233 0.000402
234 0.000406
235 0.000409
236 0.000409
237 0.000409
238 0.000409
239 0.000409
240 0.000416
241 0.000416
242 0.000416
243 0.000416
244 0.000416
245 0.000420
246 0.000423
247 0.000423
248 0.000423
249 0.000423
250 0.000423
251 0.000430
252 0.000430
253 0.000430
254 0.000430
255 0.000430
256 0.000433
257 0.000437
258 0.000437
259 0.000436
260 0.000436
261 0.000436
262 0.000442
263 0.000443
264 0.000443
265 0.000443
266 0.000443
267 0.000445
268 0.000449
269 0.000449
270 0.000449
271 0.000449
272 0.000449
273 0.000454
274 0.000454
275 0.000454
276 0.000454
277 0.000454
278 0.000456
279 0.000460
280 0.000460
281 0.000459
282 0.000459
283 0.000459
284 0.000464
285 0.000465
286 0.000465
287 0.000464
288 0.000464
289 0.000466
290 0.000469
291 0.000470
292 0.000469
293 0.000469
294 0.000469
295 0.000473
296 0.000474
297 0.000474
298 0.000474
299 0.000474
300 0.000475
301 0.000479
302 0.000479
303 0.000479
304 0.000479
305 0.000479
306 0.000482
307 0.000484
308 0.000483
309 0.000483
310 0.000483
311 0.000484
312 0.000488
313 0.000488
314 0.000488
315 0.000488
316 0.000488
317 0.000491
318 0.000492
319 0.000492
320 0.000492
321 0.000492
322 0.000492
323 0.000497
324 0.000497
325 0.000497
326 0.000497
327 0.000497
328 0.000499
329 0.000501
330 0.000501
331 0.000501
