0 0.361342
1 0.000001
2 0.000043
3 0.000043
4 0.000043
5 0.000043
6 0.000043
7 0.000043
8 0.000043
9 0.000043
10 0.000043
11 0.000043
12 0.000043
13 0.000093
14 0.000097
15 0.000100
16 0.000118
17 0.000118
18 0.000126
19 0.000139
20 0.000139
21 0.000153
22 0.000160
23 0.000160
24 0.000179
25 0.000181
26 0.000183
27 0.000202
28 0.000202
29 0.000209
30 0.000223
31 0.000223
32 0.000235
33 0.000244
34 0.000244
35 0.000261
36 0.000265
37 0.000266
38 0.000286
39 0.000286
40 0.000291
41 0.000306
42 0.000306
43 0.000317
44 0.000327
45 0.000327
46 0.000342
47 0.000347
48 0.000347
49 0.000367
50 0.000368
51 0.000372
52 0.000388
53 0.000388
54 0.000397
55 0.000408
56 0.000408
57 0.000421
58 0.000428
59 0.000428
60 0.000446
61 0.000448
62 0.000450
63 0.000468
64 0.000468
65 0.000475
66 0.000488
67 0.000487
68 0.000499
69 0.000507
70 0.000507
71 0.000523
72 0.000526
73 0.000527
74 0.000546
75 0.000546
76 0.000551
77 0.000565
78 0.000565
79 0.000575
80 0.000584
81 0.000584
82 0.000599
83 0.000603
84 0.000603
85 0.000622
86 0.000622
87 0.000626
88 0.000640
89 0.000640
90 0.000648
91 0.000658
92 0.000657
93 0.000670
94 0.000675
95 0.000675
96 0.000691
97 0.000692
98 0.000695
99 0.000709
100 0.000709
101 0.000715
102 0.000725
103 0.000725
104 0.000736
105 0.000742
106 0.000742
107 0.000756
108 0.000758
109 0.000759
110 0.000773
111 0.000773
112 0.000778
113 0.000789
114 0.000788
115 0.000797
116 0.000803
117 0.000803
118 0.000815
119 0.000818
120 0.000818
121 0.000832
122 0.000832
123 0.000836
124 0.000846
125 0.000846
126 0.000853
127 0.000860
128 0.000860
129 0.000869
130 0.000873
131 0.000873
132 0.000885
133 0.000885
134 0.000888
135 0.000898
136 0.000897
137 0.000902
138 0.000908
139 0.000908
140 0.000915
141 0.000919
142 0.000918
143 0.000928
144 0.000929
145 0.000930
146 0.000939
147 0.000938
148 0.000942
149 0.000948
150 0.000948
151 0.000953
152 0.000957
153 0.000957
154 0.000965
155 0.000966
156 0.000967
157 0.000976
158 0.000975
159 0.000978
160 0.000984
161 0.000984
162 0.000989
163 0.000993
164 0.000993
165 0.000999
166 0.001001
167 0.001001
168 0.001010
169 0.001010
170 0.001012
171 0.001018
172 0.001018
173 0.001022
174 0.001026
175 0.001026
176 0.001031
177 0.001034
178 0.001034
179 0.001040
180 0.001041
181 0.001043
182 0.001048
183 0.001049
184 0.001051
185 0.001055
186 0.001056
187 0.001060
188 0.001062
189 0.001063
190 0.001068
191 0.001069
192 0.001070
193 0.001075
194 0.001075
195 0.001077
196 0.001081
197 0.001082
198 0.001085
199 0.001087
200 0.001088
201 0.001091
202 0.001093
203 0.001094
204 0.001098
205 0.001098
206 0.001100
207 0.001103
208 0.001104
209 0.001106
210 0.001108
211 0.001109
212 0.001111
213 0.001112
214 0.001113
215 0.001116
216 0.001117
217 0.001118
218 0.001120
219 0.001121
220 0.001123
221 0.001124
222 0.001125
223 0.001126
224 0.001128
225 0.001129
226 0.001130
227 0.001131
228 0.001132
229 0.001133
230 0.001134
231 0.001135
232 0.001136
233 0.001136
234 0.001137
235 0.001138
236 0.001139
237 0.001139
238 0.001140
239 0.001141
240 0.001141
241 0.001142
242 0.001142
243 0.001142
244 0.001143
245 0.001143
246 0.001144
247 0.001145
248 0.001144
249 0.001145
250 0.001146
251 0.001144
252 0.001146
253 0.001146
254 0.001145
255 0.001146
256 0.001146
257 0.001145
258 0.001147
259 0.001145
260 0.001145
261 0.001147
262 0.001144
263 0.001145
264 0.001146
265 0.001143
266 0.001145
267 0.001144
268 0.001143
269 0.001145
270 0.001142
271 0.001142
272 0.001144
273 0.001140
274 0.001141
275 0.001142
276 0.001138
277 0.001140
278 0.001140
279 0.001137
280 0.001139
281 0.001136
282 0.001135
283 0.001137
284 0.001132
285 0.001133
286 0.001134
287 0.001128
288 0.001130
289 0.001130
290 0.001125
291 0.001127
292 0.001124
293 0.001121
294 0.001123
295 0.001118
296 0.001117
297 0.001119
298 0.001110
299 0.001112
300 0.001112
301 0.001105
302 0.001106
303 0.001103
304 0.001098
305 0.001100
306 0.001094
307 0.001092
308 0.001094
309 0.001084
310 0.001085
311 0.001085
312 0.001075
313 0.001077
314 0.001074
315 0.001067
316 0.001068
317 0.001062
318 0.001058
319 0.001059
320 0.001049
321 0.001048
322 0.001049
323 0.001036
324 0.001038
325 0.001035
326 0.001026
327 0.001027
328 0.001020
329 0.001014
330 0.001016
331 0.001005
