0 0.361342
1 0.000001
2 0.000416
3 0.000415
4 0.000450
5 0.000587
6 0.000587
7 0.000669
8 0.000775
9 0.000774
10 0.000912
11 0.000971
12 0.000969
13 0.001145
14 0.001156
15 0.001215
16 0.001557
17 0.001552
18 0.001602
19 0.001682
20 0.001676
21 0.001830
22 0.001916
23 0.001909
24 0.001995
25 0.002002
26 0.002015
27 0.002189
28 0.002181
29 0.002198
30 0.002240
31 0.002232
32 0.002297
33 0.002345
34 0.002335
35 0.002395
36 0.002403
37 0.002396
38 0.002454
39 0.002445
40 0.002450
41 0.002478
42 0.002470
43 0.002478
44 0.002486
45 0.002479
46 0.002486
47 0.002484
48 0.002478
49 0.002472
50 0.002468
51 0.002461
52 0.002447
53 0.002443
54 0.002428
55 0.002410
56 0.002407
57 0.002378
58 0.002364
59 0.002363
60 0.002316
61 0.002311
62 0.002302
63 0.002252
64 0.002253
65 0.002227
66 0.002185
67 0.002187
68 0.002146
69 0.002121
70 0.002124
71 0.002060
72 0.002051
73 0.002050
74 0.001987
75 0.001991
76 0.001970
77 0.001921
78 0.001927
79 0.001895
80 0.001871
81 0.001877
82 0.001844
83 0.001838
84 0.001844
85 0.001830
86 0.001835
87 0.001835
88 0.001822
89 0.001827
90 0.001823
91 0.001817
92 0.001823
93 0.001811
94 0.001809
95 0.001815
96 0.001801
97 0.001805
98 0.001806
99 0.001789
100 0.001795
101 0.001795
102 0.001792
103 0.001797
104 0.001783
105 0.001778
106 0.001782
107 0.001776
108 0.001779
109 0.001781
110 0.001760
111 0.001764
112 0.001765
113 0.001760
114 0.001765
115 0.001753
116 0.001745
117 0.001750
118 0.001743
119 0.001744
120 0.001747
121 0.001724
122 0.001728
123 0.001728
124 0.001721
125 0.001725
126 0.001715
127 0.001705
128 0.001709
129 0.001701
130 0.001700
131 0.001703
132 0.001681
133 0.001683
134 0.001683
135 0.001673
136 0.001676
137 0.001667
138 0.001655
139 0.001657
140 0.001649
141 0.001645
142 0.001647
143 0.001626
144 0.001625
145 0.001624
146 0.001612
147 0.001612
148 0.001604
149 0.001589
150 0.001589
151 0.001580
152 0.001574
153 0.001573
154 0.001552
155 0.001548
156 0.001545
157 0.001531
158 0.001529
159 0.001520
160 0.001501
161 0.001498
162 0.001486
163 0.001474
164 0.001470
165 0.001453
166 0.001444
167 0.001439
168 0.001419
169 0.001413
170 0.001401
171 0.001379
172 0.001376
173 0.001369
174 0.001361
175 0.001359
176 0.001343
177 0.001334
178 0.001332
179 0.001314
180 0.001310
181 0.001304
182 0.001289
183 0.001286
184 0.001276
185 0.001264
186 0.001260
187 0.001244
188 0.001233
189 0.001228
190 0.001211
191 0.001204
192 0.001197
193 0.001179
194 0.001173
195 0.001160
196 0.001141
197 0.001134
198 0.001122
199 0.001109
200 0.001100
201 0.001080
202 0.001067
203 0.001055
204 0.001028
205 0.001017
206 0.001003
207 0.000985
208 0.000974
209 0.000954
210 0.000934
211 0.000924
212 0.000904
213 0.000891
214 0.000881
215 0.000860
216 0.000849
217 0.000837
218 0.000821
219 0.000809
220 0.000793
221 0.000774
222 0.000761
223 0.000742
224 0.000727
225 0.000713
226 0.000692
227 0.000678
228 0.000667
229 0.000655
230 0.000652
231 0.000650
232 0.000645
233 0.000646
234 0.000642
235 0.000639
236 0.000640
237 0.000634
238 0.000633
239 0.000633
240 0.000629
241 0.000630
242 0.000628
243 0.000623
244 0.000623
245 0.000620
246 0.000616
247 0.000617
248 0.000611
249 0.000610
250 0.000611
251 0.000604
252 0.000604
253 0.000605
254 0.000602
255 0.000603
256 0.000600
257 0.000596
258 0.000597
259 0.000592
260 0.000590
261 0.000591
262 0.000584
263 0.000584
264 0.000584
265 0.000579
266 0.000580
267 0.000577
268 0.000573
269 0.000574
270 0.000573
271 0.000573
272 0.000573
273 0.000567
274 0.000567
275 0.000566
276 0.000560
277 0.000560
278 0.000558
279 0.000553
280 0.000554
281 0.000552
282 0.000550
283 0.000551
284 0.000545
285 0.000544
286 0.000545
287 0.000537
288 0.000538
289 0.000538
290 0.000537
291 0.000538
292 0.000538
293 0.000539
294 0.000539
295 0.000534
296 0.000533
297 0.000533
298 0.000526
299 0.000526
300 0.000526
301 0.000524
302 0.000525
303 0.000522
304 0.000518
305 0.000519
306 0.000514
307 0.000512
308 0.000513
309 0.000510
310 0.000510
311 0.000510
312 0.000504
313 0.000504
314 0.000502
315 0.000497
316 0.000498
317 0.000494
318 0.000491
319 0.000492
320 0.000489
321 0.000489
322 0.000489
323 0.000483
324 0.000483
325 0.000487
326 0.000499
327 0.000499
328 0.000498
329 0.000496
330 0.000497
331 0.000505
