0 0.361342
1 0.000001
2 0.000247
3 0.000247
4 0.000247
5 0.000247
6 0.000246
7 0.000246
8 0.000246
9 0.000271
10 0.000292
11 0.000291
12 0.000291
13 0.000535
14 0.000554
15 0.000568
16 0.000572
17 0.000585
18 0.000624
19 0.000682
20 0.000692
21 0.000700
22 0.000740
23 0.000756
24 0.000774
25 0.000777
26 0.000815
27 0.000818
28 0.000839
29 0.000845
30 0.000860
31 0.000873
32 0.000888
33 0.000893
34 0.000896
35 0.000922
36 0.000927
37 0.000917
38 0.000920
39 0.000953
40 0.000962
41 0.000990
42 0.000977
43 0.000965
44 0.000990
45 0.001008
46 0.001041
47 0.001052
48 0.001010
49 0.001019
50 0.001068
51 0.001079
52 0.001120
53 0.001140
54 0.001174
55 0.001201
56 0.001228
57 0.001263
58 0.001281
59 0.001324
60 0.001334
61 0.001384
62 0.001393
63 0.001437
64 0.001452
65 0.001487
66 0.001509
67 0.001538
68 0.001567
69 0.001588
70 0.001625
71 0.001640
72 0.001685
73 0.001698
74 0.001745
75 0.001764
76 0.001808
77 0.001838
78 0.001889
79 0.001922
80 0.001954
81 0.001999
82 0.002037
83 0.002100
84 0.002138
85 0.002223
86 0.002267
87 0.002343
88 0.002401
89 0.002475
90 0.002540
91 0.002612
92 0.002726
93 0.002880
94 0.003106
95 0.003358
96 0.003684
97 0.004016
98 0.004508
99 0.005183
100 0.006067
101 0.007061
102 0.007904
103 0.008886
104 0.011251
105 0.014859
106 0.018403
107 0.020682
108 0.020621
109 0.024105
110 0.028543
111 0.029326
112 0.025957
113 0.019371
114 0.015442
115 0.011685
116 0.011703
117 0.014069
118 0.015826
119 0.016169
120 0.020966
121 0.024819
122 0.013911
123 0.004089
124 0.004272
125 0.004489
126 0.004919
127 0.005610
128 0.006833
129 0.008609
130 0.011135
131 0.014840
132 0.019386
133 0.025433
134 0.031982
135 0.042327
136 0.029907
137 0.011300
138 0.007059
139 0.008764
140 0.010636
141 0.012739
142 0.015166
143 0.016697
144 0.017071
145 0.014992
146 0.013956
147 0.013356
148 0.012905
149 0.012482
150 0.011930
151 0.011660
152 0.015713
153 0.028119
154 0.032919
155 0.022800
156 0.014956
157 0.009965
158 0.008805
159 0.008408
160 0.007753
161 0.007217
162 0.006987
163 0.006506
164 0.006068
165 0.005822
166 0.005576
167 0.005356
168 0.005170
169 0.004901
170 0.004652
171 0.004555
172 0.004508
173 0.004454
174 0.004417
175 0.004399
176 0.004348
177 0.004263
178 0.004240
179 0.004208
180 0.004189
181 0.004113
182 0.004045
183 0.003974
184 0.003948
185 0.003862
186 0.003817
187 0.003761
188 0.003694
189 0.003654
190 0.003577
191 0.003510
192 0.003435
193 0.003412
194 0.003366
195 0.003323
196 0.003259
197 0.003223
198 0.003196
199 0.003149
200 0.003117
201 0.003081
202 0.003082
203 0.003054
204 0.003062
205 0.003043
206 0.003054
207 0.003043
208 0.003046
209 0.003042
210 0.003037
211 0.003040
212 0.003026
213 0.003036
214 0.003013
215 0.003029
216 0.003001
217 0.003014
218 0.002993
219 0.002997
220 0.002985
221 0.002979
222 0.002975
223 0.002959
224 0.002964
225 0.002938
226 0.002952
227 0.002916
228 0.002930
229 0.002902
230 0.002908
231 0.002889
232 0.002885
233 0.002875
234 0.002862
235 0.002861
236 0.002839
237 0.002848
238 0.002818
239 0.002831
240 0.002802
241 0.002811
242 0.002792
243 0.002794
244 0.002784
245 0.002779
246 0.002778
247 0.002769
248 0.002775
249 0.002763
250 0.002776
251 0.002763
252 0.002775
253 0.002768
254 0.002781
255 0.002791
256 0.002798
257 0.002822
258 0.002828
259 0.002836
260 0.002840
261 0.002850
262 0.002926
263 0.002944
264 0.003002
265 0.003022
266 0.003081
267 0.003070
268 0.003067
269 0.003121
270 0.003166
271 0.003225
272 0.003251
273 0.003349
274 0.003364
275 0.003463
276 0.003479
277 0.003577
278 0.003607
279 0.003677
280 0.003731
281 0.003787
282 0.003856
283 0.003889
284 0.003978
285 0.003990
286 0.004098
287 0.004102
288 0.004201
289 0.004218
290 0.004295
291 0.004331
292 0.004387
293 0.004442
294 0.004478
295 0.004550
296 0.004567
297 0.004658
298 0.004661
299 0.004757
300 0.004765
301 0.004842
302 0.004868
303 0.004926
304 0.004968
305 0.005009
306 0.005068
307 0.005093
308 0.005167
309 0.005177
310 0.005265
311 0.005273
312 0.005349
313 0.005371
314 0.005433
315 0.005470
316 0.005519
317 0.005572
318 0.005610
319 0.005676
320 0.005703
321 0.005783
322 0.005805
323 0.005887
324 0.005916
325 0.005987
326 0.006029
327 0.006088
328 0.006141
329 0.006191
330 0.006254
331 0.006295
