0 0.361342
1 0.000001
2 0.000029
3 0.000028
4 0.000029
5 0.000029
6 0.000029
7 0.000028
8 0.000029
9 0.000029
10 0.000029
11 0.000028
12 0.000029
13 0.000029
14 0.000029
15 0.000029
16 0.000029
17 0.000028
18 0.000029
19 0.000028
20 0.000029
21 0.000028
22 0.000029
23 0.000029
24 0.000029
25 0.000029
26 0.000037
27 0.000109
28 0.000110
29 0.000109
30 0.000110
31 0.000110
32 0.000109
33 0.000110
34 0.000110
35 0.000155
36 0.000167
37 0.000167
38 0.000167
39 0.000167
40 0.000177
41 0.000208
42 0.000207
43 0.000223
44 0.000237
45 0.000237
46 0.000260
47 0.000269
48 0.000269
49 0.000302
50 0.000302
51 0.000310
52 0.000337
53 0.000339
54 0.000354
55 0.000376
56 0.000376
57 0.000401
58 0.000416
59 0.000415
60 0.000452
61 0.000457
62 0.000463
63 0.000499
64 0.000500
65 0.000516
66 0.000545
67 0.000544
68 0.000573
69 0.000591
70 0.000590
71 0.000631
72 0.000639
73 0.000641
74 0.000689
75 0.000687
76 0.000704
77 0.000740
78 0.000739
79 0.000767
80 0.000792
81 0.000791
82 0.000839
83 0.000852
84 0.000851
85 0.000918
86 0.000916
87 0.000930
88 0.000979
89 0.000977
90 0.001004
91 0.001037
92 0.001033
93 0.001074
94 0.001090
95 0.001086
96 0.001140
97 0.001141
98 0.001147
99 0.001193
100 0.001189
101 0.001209
102 0.001240
103 0.001238
104 0.001271
105 0.001289
106 0.001287
107 0.001332
108 0.001336
109 0.001340
110 0.001384
111 0.001382
112 0.001397
113 0.001428
114 0.001425
115 0.001451
116 0.001469
117 0.001468
118 0.001504
119 0.001512
120 0.001514
121 0.001555
122 0.001556
123 0.001569
124 0.001600
125 0.001603
126 0.001624
127 0.001647
128 0.001649
129 0.001679
130 0.001691
131 0.001691
132 0.001725
133 0.001725
134 0.001728
135 0.001751
136 0.001744
137 0.001749
138 0.001759
139 0.001750
140 0.001762
141 0.001763
142 0.001751
143 0.001767
144 0.001758
145 0.001749
146 0.001760
147 0.001748
148 0.001745
149 0.001749
150 0.001737
151 0.001741
152 0.001741
153 0.001734
154 0.001746
155 0.001745
156 0.001743
157 0.001757
158 0.001754
159 0.001759
160 0.001770
161 0.001771
162 0.001780
163 0.001788
164 0.001789
165 0.001801
166 0.001804
167 0.001806
168 0.001819
169 0.001821
170 0.001825
171 0.001834
172 0.001835
173 0.001840
174 0.001847
175 0.001848
176 0.001855
177 0.001859
178 0.001860
179 0.001867
180 0.001869
181 0.001870
182 0.001877
183 0.001878
184 0.001880
185 0.001884
186 0.001885
187 0.001887
188 0.001890
189 0.001890
190 0.001893
191 0.001894
192 0.001895
193 0.001897
194 0.001897
195 0.001899
196 0.001899
197 0.001899
198 0.001900
199 0.001900
200 0.001901
201 0.001899
202 0.001899
203 0.001901
204 0.001897
205 0.001897
206 0.001898
207 0.001893
208 0.001896
209 0.001893
210 0.001890
211 0.001893
212 0.001887
213 0.001886
214 0.001889
215 0.001879
216 0.001882
217 0.001882
218 0.001873
219 0.001876
220 0.001872
221 0.001865
222 0.001869
223 0.001860
224 0.001858
225 0.001861
226 0.001846
227 0.001848
228 0.001848
229 0.001833
230 0.001837
231 0.001831
232 0.001821
233 0.001825
234 0.001813
235 0.001808
236 0.001811
237 0.001794
238 0.001793
239 0.001795
240 0.001774
241 0.001778
242 0.001772
243 0.001756
244 0.001760
245 0.001746
246 0.001737
247 0.001739
248 0.001719
249 0.001715
250 0.001718
251 0.001688
252 0.001692
253 0.001686
254 0.001663
255 0.001665
256 0.001652
257 0.001635
258 0.001638
259 0.001614
260 0.001605
261 0.001608
262 0.001572
263 0.001572
264 0.001569
265 0.001536
266 0.001538
267 0.001524
268 0.001500
269 0.001502
270 0.001475
271 0.001460
272 0.001464
273 0.001423
274 0.001419
275 0.001418
276 0.001374
277 0.001376
278 0.001362
279 0.001327
280 0.001331
281 0.001302
282 0.001280
283 0.001284
284 0.001239
285 0.001230
286 0.001231
287 0.001175
288 0.001178
289 0.001164
290 0.001120
291 0.001123
292 0.001092
293 0.001061
294 0.001063
295 0.001015
296 0.000999
297 0.001001
298 0.000935
299 0.000934
300 0.000922
301 0.000865
302 0.000867
303 0.000836
304 0.000795
305 0.000797
306 0.000747
307 0.000723
308 0.000724
309 0.000654
310 0.000647
311 0.000637
312 0.000568
313 0.000569
314 0.000539
315 0.000488
316 0.000488
317 0.000437
318 0.000405
319 0.000405
320 0.000332
321 0.000318
322 0.000312
323 0.000230
324 0.000230
325 0.000202
326 0.000140
327 0.000140
328 0.000054
329 0.000025
330 0.000025
331 0.000026
