0 0.361342
1 0.000001
2 0.000451
3 0.000450
4 0.000450
5 0.000450
6 0.000449
7 0.000681
8 0.000951
9 0.000950
10 0.001248
11 0.001374
12 0.001372
13 0.001682
14 0.001700
15 0.001747
16 0.001998
17 0.001993
18 0.002099
19 0.002261
20 0.002257
21 0.002410
22 0.002497
23 0.002493
24 0.002680
25 0.002704
26 0.002718
27 0.002886
28 0.002880
29 0.002929
30 0.003032
31 0.003025
32 0.003062
33 0.003089
34 0.003083
35 0.003162
36 0.003176
37 0.003172
38 0.003243
39 0.003237
40 0.003245
41 0.003279
42 0.003272
43 0.003281
44 0.003290
45 0.003283
46 0.003250
47 0.003231
48 0.003219
49 0.003187
50 0.003172
51 0.003149
52 0.003101
53 0.003088
54 0.003038
55 0.002979
56 0.002969
57 0.002907
58 0.002873
59 0.002862
60 0.002756
61 0.002737
62 0.002721
63 0.002682
64 0.002674
65 0.002599
66 0.002518
67 0.002512
68 0.002488
69 0.002476
70 0.002473
71 0.002438
72 0.002432
73 0.002429
74 0.002407
75 0.002409
76 0.002401
77 0.002388
78 0.002392
79 0.002395
80 0.002408
81 0.002413
82 0.002441
83 0.002457
84 0.002462
85 0.002513
86 0.002519
87 0.002534
88 0.002572
89 0.002578
90 0.002606
91 0.002638
92 0.002645
93 0.002674
94 0.002691
95 0.002697
96 0.002745
97 0.002753
98 0.002765
99 0.002803
100 0.002808
101 0.002828
102 0.002858
103 0.002861
104 0.002889
105 0.002905
106 0.002907
107 0.002942
108 0.002947
109 0.002951
110 0.002983
111 0.002982
112 0.002992
113 0.003014
114 0.003012
115 0.003029
116 0.003043
117 0.003043
118 0.003091
119 0.003107
120 0.003110
121 0.003134
122 0.003135
123 0.003148
124 0.003182
125 0.003182
126 0.003191
127 0.003200
128 0.003199
129 0.003232
130 0.003246
131 0.003250
132 0.003263
133 0.003266
134 0.003275
135 0.003303
136 0.003306
137 0.003319
138 0.003334
139 0.003337
140 0.003353
141 0.003364
142 0.003367
143 0.003388
144 0.003393
145 0.003399
146 0.003417
147 0.003420
148 0.003429
149 0.003441
150 0.003443
151 0.003452
152 0.003457
153 0.003456
154 0.003463
155 0.003462
156 0.003459
157 0.003463
158 0.003457
159 0.003453
160 0.003450
161 0.003443
162 0.003438
163 0.003433
164 0.003425
165 0.003417
166 0.003408
167 0.003399
168 0.003393
169 0.003388
170 0.003381
171 0.003374
172 0.003365
173 0.003355
174 0.003345
175 0.003334
176 0.003322
177 0.003311
178 0.003306
179 0.003296
180 0.003290
181 0.003284
182 0.003277
183 0.003279
184 0.003281
185 0.003283
186 0.003294
187 0.003300
188 0.003310
189 0.003326
190 0.003330
191 0.003345
192 0.003360
193 0.003363
194 0.003382
195 0.003395
196 0.003401
197 0.003422
198 0.003430
199 0.003441
200 0.003462
201 0.003463
202 0.003479
203 0.003499
204 0.003494
205 0.003516
206 0.003530
207 0.003530
208 0.003553
209 0.003559
210 0.003565
211 0.003587
212 0.003583
213 0.003596
214 0.003618
215 0.003603
216 0.003623
217 0.003636
218 0.003624
219 0.003645
220 0.003648
221 0.003644
222 0.003665
223 0.003655
224 0.003661
225 0.003682
226 0.003657
227 0.003673
228 0.003687
229 0.003661
230 0.003681
231 0.003680
232 0.003663
233 0.003682
234 0.003664
235 0.003654
236 0.003665
237 0.003619
238 0.003612
239 0.003606
240 0.003539
241 0.003530
242 0.003496
243 0.003433
244 0.003414
245 0.003355
246 0.003305
247 0.003294
248 0.003246
249 0.003244
250 0.003263
251 0.003186
252 0.003204
253 0.003209
254 0.003182
255 0.003201
256 0.003172
257 0.003136
258 0.003154
259 0.003126
260 0.003124
261 0.003143
262 0.003059
263 0.003070
264 0.003075
265 0.003023
266 0.003042
267 0.003019
268 0.002974
269 0.002992
270 0.002948
271 0.002930
272 0.002947
273 0.002865
274 0.002866
275 0.002874
276 0.002802
277 0.002818
278 0.002793
279 0.002726
280 0.002742
281 0.002676
282 0.002628
283 0.002643
284 0.002584
285 0.002580
286 0.002589
287 0.002455
288 0.002468
289 0.002442
290 0.002349
291 0.002361
292 0.002315
293 0.002268
294 0.002279
295 0.002178
296 0.002147
297 0.002157
298 0.001996
299 0.001998
300 0.001973
301 0.001852
302 0.001859
303 0.001831
304 0.001794
305 0.001800
306 0.001673
307 0.001613
308 0.001619
309 0.001458
310 0.001443
311 0.001427
312 0.001301
313 0.001304
314 0.001214
315 0.001061
316 0.001064
317 0.000957
318 0.000891
319 0.000894
320 0.000750
321 0.000748
322 0.000742
323 0.000742
324 0.000741
325 0.000678
326 0.000624
327 0.000622
328 0.000343
329 0.000134
330 0.000133
331 0.000134
