0 0.361342
1 0.000001
2 0.000165
3 0.000165
4 0.000164
5 0.000165
6 0.000164
7 0.000165
8 0.000164
9 0.000164
10 0.000164
11 0.000164
12 0.000164
13 0.000192
14 0.000194
15 0.000194
16 0.000194
17 0.000194
18 0.000263
19 0.000369
20 0.000368
21 0.000375
22 0.000379
23 0.000378
24 0.000389
25 0.000390
26 0.000396
27 0.000455
28 0.000455
29 0.000458
30 0.000467
31 0.000467
32 0.000488
33 0.000505
34 0.000504
35 0.000516
36 0.000518
37 0.000518
38 0.000544
39 0.000543
40 0.000547
41 0.000559
42 0.000559
43 0.000566
44 0.000574
45 0.000573
46 0.000587
47 0.000592
48 0.000591
49 0.000598
50 0.000598
51 0.000601
52 0.000619
53 0.000618
54 0.000615
55 0.000611
56 0.000611
57 0.000627
58 0.000635
59 0.000635
60 0.000658
61 0.000660
62 0.000657
63 0.000644
64 0.000643
65 0.000654
66 0.000672
67 0.000672
68 0.000690
69 0.000702
70 0.000701
71 0.000672
72 0.000678
73 0.000680
74 0.000712
75 0.000712
76 0.000723
77 0.000747
78 0.000747
79 0.000766
80 0.000783
81 0.000783
82 0.000810
83 0.000819
84 0.000819
85 0.000854
86 0.000854
87 0.000863
88 0.000889
89 0.000889
90 0.000906
91 0.000924
92 0.000924
93 0.000948
94 0.000958
95 0.000959
96 0.000989
97 0.000992
98 0.000998
99 0.001024
100 0.001025
101 0.001039
102 0.001058
103 0.001059
104 0.001079
105 0.001092
106 0.001094
107 0.001121
108 0.001128
109 0.001133
110 0.001162
111 0.001166
112 0.001179
113 0.001203
114 0.001209
115 0.001232
116 0.001257
117 0.001262
118 0.001289
119 0.001300
120 0.001308
121 0.001342
122 0.001353
123 0.001373
124 0.001405
125 0.001419
126 0.001450
127 0.001483
128 0.001500
129 0.001537
130 0.001563
131 0.001584
132 0.001630
133 0.001652
134 0.001677
135 0.001722
136 0.001743
137 0.001790
138 0.001857
139 0.001923
140 0.002021
141 0.002133
142 0.002244
143 0.002397
144 0.002533
145 0.002687
146 0.002898
147 0.003155
148 0.003477
149 0.003865
150 0.004288
151 0.004751
152 0.005145
153 0.005484
154 0.005992
155 0.006968
156 0.008298
157 0.010081
158 0.011774
159 0.013101
160 0.014074
161 0.014169
162 0.014261
163 0.016417
164 0.018516
165 0.020183
166 0.020000
167 0.018780
168 0.016372
169 0.013156
170 0.011219
171 0.009529
172 0.007867
173 0.007390
174 0.008418
175 0.009470
176 0.010371
177 0.010808
178 0.010906
179 0.012230
180 0.017792
181 0.016927
182 0.011857
183 0.007060
184 0.002734
185 0.002816
186 0.002894
187 0.003002
188 0.003176
189 0.003424
190 0.003760
191 0.004261
192 0.004936
193 0.005782
194 0.006821
195 0.008267
196 0.010005
197 0.011973
198 0.014461
199 0.017225
200 0.019861
201 0.024274
202 0.028969
203 0.023772
204 0.016698
205 0.007665
206 0.004370
207 0.005095
208 0.005875
209 0.006699
210 0.007595
211 0.008553
212 0.009624
213 0.010693
214 0.011218
215 0.011689
216 0.011008
217 0.010063
218 0.009605
219 0.009211
220 0.008958
221 0.008714
222 0.008595
223 0.008376
224 0.008093
225 0.007966
226 0.007818
227 0.008705
228 0.012826
229 0.019136
230 0.024265
231 0.019225
232 0.015419
233 0.011808
234 0.008769
235 0.006690
236 0.005989
237 0.005825
238 0.005635
239 0.005357
240 0.005036
241 0.004831
242 0.004761
243 0.004585
244 0.004352
245 0.004127
246 0.003993
247 0.003893
248 0.003787
249 0.003668
250 0.003580
251 0.003501
252 0.003397
253 0.003274
254 0.003148
255 0.003078
256 0.003040
257 0.003016
258 0.003004
259 0.002971
260 0.002952
261 0.002954
262 0.002932
263 0.002918
264 0.002885
265 0.002843
266 0.002836
267 0.002821
268 0.002809
269 0.002804
270 0.002779
271 0.002747
272 0.002718
273 0.002673
274 0.002654
275 0.002647
276 0.002609
277 0.002579
278 0.002559
279 0.002525
280 0.002511
281 0.002479
282 0.002451
283 0.002439
284 0.002403
285 0.002369
286 0.002342
287 0.002298
288 0.002292
289 0.002275
290 0.002248
291 0.002243
292 0.002213
293 0.002181
294 0.002170
295 0.002144
296 0.002134
297 0.002129
298 0.002092
299 0.002083
300 0.002073
301 0.002050
302 0.002054
303 0.002046
304 0.002036
305 0.002043
306 0.002030
307 0.002030
308 0.002041
309 0.002023
310 0.002030
311 0.002037
312 0.002019
313 0.002030
314 0.002028
315 0.002018
316 0.002029
317 0.002018
318 0.002015
319 0.002026
320 0.002007
321 0.002011
322 0.002020
323 0.001997
324 0.002008
325 0.002007
326 0.001992
327 0.002003
328 0.001993
329 0.001986
330 0.001997
331 0.001977
