0 0.361342
1 0.000001
2 0.000043
3 0.000043
4 0.000043
5 0.000043
6 0.000043
7 0.000043
8 0.000043
9 0.000043
10 0.000043
11 0.000043
12 0.000043
13 0.000043
14 0.000043
15 0.000043
16 0.000043
17 0.000043
18 0.000090
19 0.000165
20 0.000164
21 0.000165
22 0.000164
23 0.000165
24 0.000239
25 0.000250
26 0.000251
27 0.000261
28 0.000311
29 0.000326
30 0.000355
31 0.000379
32 0.000403
33 0.000436
34 0.000453
35 0.000496
36 0.000507
37 0.000561
38 0.000570
39 0.000622
40 0.000639
41 0.000685
42 0.000712
43 0.000749
44 0.000788
45 0.000816
46 0.000868
47 0.000884
48 0.000950
49 0.000959
50 0.001032
51 0.001046
52 0.001108
53 0.001136
54 0.001186
55 0.001234
56 0.001276
57 0.001342
58 0.001372
59 0.001449
60 0.001463
61 0.001550
62 0.001559
63 0.001633
64 0.001652
65 0.001709
66 0.001740
67 0.001782
68 0.001826
69 0.001855
70 0.001913
71 0.001928
72 0.001997
73 0.002005
74 0.002071
75 0.002084
76 0.002137
77 0.002160
78 0.002200
79 0.002234
80 0.002264
81 0.002309
82 0.002332
83 0.002388
84 0.002402
85 0.002466
86 0.002480
87 0.002532
88 0.002549
89 0.002583
90 0.002597
91 0.002611
92 0.002621
93 0.002620
94 0.002637
95 0.002623
96 0.002639
97 0.002618
98 0.002627
99 0.002609
100 0.002611
101 0.002601
102 0.002601
103 0.002607
104 0.002611
105 0.002624
106 0.002626
107 0.002648
108 0.002653
109 0.002678
110 0.002684
111 0.002703
112 0.002712
113 0.002726
114 0.002737
115 0.002749
116 0.002760
117 0.002768
118 0.002780
119 0.002786
120 0.002797
121 0.002801
122 0.002811
123 0.002815
124 0.002822
125 0.002826
126 0.002831
127 0.002834
128 0.002837
129 0.002841
130 0.002843
131 0.002844
132 0.002846
133 0.002845
134 0.002846
135 0.002844
136 0.002845
137 0.002842
138 0.002841
139 0.002838
140 0.002835
141 0.002834
142 0.002826
143 0.002830
144 0.002816
145 0.002820
146 0.002807
147 0.002807
148 0.002796
149 0.002792
150 0.002784
151 0.002774
152 0.002770
153 0.002753
154 0.002753
155 0.002730
156 0.002733
157 0.002707
158 0.002707
159 0.002686
160 0.002678
161 0.002662
162 0.002647
163 0.002636
164 0.002612
165 0.002606
166 0.002574
167 0.002574
168 0.002531
169 0.002530
170 0.002493
171 0.002482
172 0.002450
173 0.002431
174 0.002406
175 0.002375
176 0.002358
177 0.002315
178 0.002307
179 0.002251
180 0.002246
181 0.002187
182 0.002177
183 0.002126
184 0.002103
185 0.002062
186 0.002024
187 0.001994
188 0.001940
189 0.001923
190 0.001853
191 0.001846
192 0.001762
193 0.001753
194 0.001680
195 0.001653
196 0.001591
197 0.001546
198 0.001499
199 0.001435
200 0.001401
201 0.001318
202 0.001300
203 0.001197
204 0.001183
205 0.001083
206 0.001054
207 0.000971
208 0.000921
209 0.000853
210 0.000782
211 0.000732
212 0.000639
213 0.000607
214 0.000491
215 0.000471
216 0.000345
217 0.000318
218 0.000210
219 0.000123
220 0.000038
221 0.000039
222 0.000038
223 0.000039
224 0.000037
225 0.000039
226 0.000039
227 0.000363
228 0.000367
229 0.000380
230 0.000403
231 0.000462
232 0.000498
233 0.000542
234 0.000650
235 0.000802
236 0.000676
237 0.000689
238 0.000728
239 0.000738
240 0.000847
241 0.000855
242 0.000890
243 0.000922
244 0.000984
245 0.001003
246 0.001020
247 0.001088
248 0.001121
249 0.001145
250 0.001150
251 0.001245
252 0.001249
253 0.001275
254 0.001301
255 0.001366
256 0.001376
257 0.001392
258 0.001436
259 0.001464
260 0.001506
261 0.001518
262 0.001570
263 0.001578
264 0.001626
265 0.001637
266 0.001678
267 0.001696
268 0.001726
269 0.001753
270 0.001776
271 0.001809
272 0.001822
273 0.001863
274 0.001870
275 0.001915
276 0.001923
277 0.001960
278 0.001974
279 0.002004
280 0.002025
281 0.002048
282 0.002076
283 0.002092
284 0.002126
285 0.002136
286 0.002175
287 0.002183
288 0.002219
289 0.002232
290 0.002262
291 0.002281
292 0.002305
293 0.002329
294 0.002348
295 0.002377
296 0.002391
297 0.002425
298 0.002435
299 0.002470
300 0.002482
301 0.002512
302 0.002529
303 0.002554
304 0.002575
305 0.002595
306 0.002620
307 0.002637
308 0.002665
309 0.002678
310 0.002709
311 0.002721
312 0.002750
313 0.002766
314 0.002790
315 0.002808
316 0.002829
317 0.002850
318 0.002868
319 0.002891
320 0.002906
321 0.002931
322 0.002945
323 0.002969
324 0.002982
325 0.003004
326 0.003019
327 0.003037
328 0.003052
329 0.003068
330 0.003085
331 0.003098
