0 0.361342
1 0.000001
2 0.000367
3 0.000367
4 0.000366
5 0.000367
6 0.000367
7 0.000550
8 0.000770
9 0.000771
10 0.000770
11 0.000769
12 0.000770
13 0.001137
14 0.001164
15 0.001163
16 0.001164
17 0.001163
18 0.001311
19 0.001531
20 0.001531
21 0.001532
22 0.001533
23 0.001532
24 0.001943
25 0.002007
26 0.002006
27 0.002005
28 0.002005
29 0.002104
30 0.002305
31 0.002304
32 0.002305
33 0.002305
34 0.002305
35 0.002580
36 0.002649
37 0.002648
38 0.002648
39 0.002646
40 0.002709
41 0.002883
42 0.002883
43 0.002881
44 0.002880
45 0.002880
46 0.003064
47 0.003131
48 0.003130
49 0.003127
50 0.003126
51 0.003165
52 0.003326
53 0.003326
54 0.003326
55 0.003325
56 0.003324
57 0.003433
58 0.003486
59 0.003484
60 0.003480
61 0.003476
62 0.003489
63 0.003597
64 0.003592
65 0.003587
66 0.003580
67 0.003572
68 0.003623
69 0.003653
70 0.003646
71 0.003640
72 0.003634
73 0.003632
74 0.003682
75 0.003677
76 0.003673
77 0.003669
78 0.003661
79 0.003665
80 0.003666
81 0.003653
82 0.003641
83 0.003630
84 0.003618
85 0.003600
86 0.003590
87 0.003579
88 0.003568
89 0.003555
90 0.003523
91 0.003491
92 0.003482
93 0.003475
94 0.003471
95 0.003466
96 0.003396
97 0.003388
98 0.003385
99 0.003383
100 0.003380
101 0.003336
102 0.003273
103 0.003273
104 0.003273
105 0.003274
106 0.003275
107 0.003159
108 0.003144
109 0.003149
110 0.003154
111 0.003161
112 0.003106
113 0.002989
114 0.002997
115 0.003005
116 0.003014
117 0.003024
118 0.002898
119 0.002874
120 0.002884
121 0.002895
122 0.002907
123 0.002844
124 0.002647
125 0.002659
126 0.002670
127 0.002683
128 0.002697
129 0.002538
130 0.002487
131 0.002501
132 0.002514
133 0.002528
134 0.002466
135 0.002170
136 0.002181
137 0.002194
138 0.002207
139 0.002221
140 0.002027
141 0.001934
142 0.001945
143 0.001957
144 0.001969
145 0.001891
146 0.001357
147 0.001364
148 0.001372
149 0.001379
150 0.001387
151 0.001146
152 0.000986
153 0.000991
154 0.000994
155 0.000999
156 0.000973
157 0.000550
158 0.000551
159 0.000553
160 0.000554
161 0.000555
162 0.000424
163 0.000310
164 0.000310
165 0.000311
166 0.000311
167 0.000311
168 0.000302
169 0.000302
170 0.000303
171 0.000303
172 0.000303
173 0.000386
174 0.000544
175 0.000545
176 0.000545
177 0.000546
178 0.000547
179 0.000647
180 0.000655
181 0.000657
182 0.000657
183 0.000659
184 0.000710
185 0.000789
186 0.000791
187 0.000791
188 0.000792
189 0.000793
190 0.000908
191 0.000927
192 0.000928
193 0.000929
194 0.000930
195 0.000975
196 0.001064
197 0.001065
198 0.001066
199 0.001067
200 0.001068
201 0.001174
202 0.001201
203 0.001201
204 0.001202
205 0.001203
206 0.001238
207 0.001333
208 0.001334
209 0.001333
210 0.001334
211 0.001334
212 0.001427
213 0.001461
214 0.001460
215 0.001459
216 0.001458
217 0.001482
218 0.001580
219 0.001578
220 0.001576
221 0.001573
222 0.001570
223 0.001648
224 0.001684
225 0.001680
226 0.001675
227 0.001670
228 0.001680
229 0.001777
230 0.001770
231 0.001763
232 0.001756
233 0.001748
234 0.001807
235 0.001844
236 0.001837
237 0.001829
238 0.001823
239 0.001824
240 0.001919
241 0.001921
242 0.001926
243 0.001932
244 0.001937
245 0.001998
246 0.002053
247 0.002057
248 0.002060
249 0.002063
250 0.002066
251 0.002173
252 0.002175
253 0.002176
254 0.002176
255 0.002177
256 0.002227
257 0.002283
258 0.002283
259 0.002284
260 0.002285
261 0.002286
262 0.002381
263 0.002388
264 0.002389
265 0.002389
266 0.002390
267 0.002430
268 0.002489
269 0.002489
270 0.002488
271 0.002487
272 0.002486
273 0.002568
274 0.002579
275 0.002577
276 0.002575
277 0.002573
278 0.002602
279 0.002663
280 0.002661
281 0.002659
282 0.002657
283 0.002656
284 0.002726
285 0.002742
286 0.002740
287 0.002738
288 0.002736
289 0.002757
290 0.002820
291 0.002818
292 0.002816
293 0.002814
294 0.002812
295 0.002873
296 0.002893
297 0.002890
298 0.002888
299 0.002885
300 0.002899
301 0.002961
302 0.002958
303 0.002955
304 0.002951
305 0.002948
306 0.002997
307 0.003020
308 0.003015
309 0.003011
310 0.003007
311 0.003012
312 0.003074
313 0.003069
314 0.003064
315 0.003059
316 0.003054
317 0.003093
318 0.003117
319 0.003111
320 0.003106
321 0.003101
322 0.003101
323 0.003163
324 0.003159
325 0.003154
326 0.003150
327 0.003147
328 0.003180
329 0.003208
330 0.003205
331 0.003202
