0 0.361342
1 0.000001
2 0.000734
3 0.000733
4 0.000912
5 0.001539
6 0.001538
7 0.001902
8 0.002323
9 0.002323
10 0.002835
11 0.003056
12 0.003057
13 0.003937
14 0.003998
15 0.004095
16 0.004592
17 0.004593
18 0.004866
19 0.005275
20 0.005271
21 0.005568
22 0.005736
23 0.005733
24 0.006165
25 0.006224
26 0.006260
27 0.006618
28 0.006616
29 0.006721
30 0.006931
31 0.006915
32 0.007044
33 0.007133
34 0.007106
35 0.007228
36 0.007239
37 0.007219
38 0.007313
39 0.007295
40 0.007275
41 0.007265
42 0.007218
43 0.007166
44 0.007118
45 0.007070
46 0.006964
47 0.006912
48 0.006894
49 0.006745
50 0.006729
51 0.006679
52 0.006512
53 0.006513
54 0.006404
55 0.006266
56 0.006290
57 0.006073
58 0.005980
59 0.006019
60 0.005755
61 0.005763
62 0.005737
63 0.005293
64 0.005342
65 0.005223
66 0.004979
67 0.005035
68 0.004628
69 0.004371
70 0.004425
71 0.003957
72 0.003899
73 0.003858
74 0.002717
75 0.002747
76 0.002530
77 0.001974
78 0.001990
79 0.001520
80 0.001102
81 0.001107
82 0.000732
83 0.000618
84 0.000620
85 0.000602
86 0.000603
87 0.000666
88 0.001081
89 0.001084
90 0.001207
91 0.001352
92 0.001356
93 0.001508
94 0.001579
95 0.001584
96 0.001832
97 0.001853
98 0.001901
99 0.002124
100 0.002128
101 0.002235
102 0.002395
103 0.002398
104 0.002563
105 0.002658
106 0.002658
107 0.002877
108 0.002907
109 0.002928
110 0.003144
111 0.003135
112 0.003203
113 0.003347
114 0.003327
115 0.003438
116 0.003512
117 0.003483
118 0.003630
119 0.003645
120 0.003628
121 0.003827
122 0.003849
123 0.003925
124 0.004097
125 0.004109
126 0.004223
127 0.004333
128 0.004336
129 0.004491
130 0.004549
131 0.004551
132 0.004748
133 0.004757
134 0.004798
135 0.004954
136 0.004951
137 0.005029
138 0.005130
139 0.005122
140 0.005239
141 0.005293
142 0.005286
143 0.005440
144 0.005449
145 0.005465
146 0.005609
147 0.005602
148 0.005655
149 0.005752
150 0.005741
151 0.005828
152 0.005881
153 0.005867
154 0.005984
155 0.005993
156 0.005986
157 0.006109
158 0.006088
159 0.006112
160 0.006193
161 0.006172
162 0.006230
163 0.006279
164 0.006264
165 0.006355
166 0.006373
167 0.006362
168 0.006482
169 0.006474
170 0.006499
171 0.006593
172 0.006591
173 0.006645
174 0.006707
175 0.006703
176 0.006782
177 0.006813
178 0.006808
179 0.006909
180 0.006911
181 0.006924
182 0.007008
183 0.007001
184 0.007036
185 0.007092
186 0.007088
187 0.007147
188 0.007178
189 0.007174
190 0.007252
191 0.007259
192 0.007262
193 0.007337
194 0.007330
195 0.007354
196 0.007408
197 0.007400
198 0.007437
199 0.007464
200 0.007455
201 0.007511
202 0.007520
203 0.007516
204 0.007577
205 0.007568
206 0.007578
207 0.007621
208 0.007609
209 0.007628
210 0.007646
211 0.007630
212 0.007655
213 0.007644
214 0.007610
215 0.007631
216 0.007594
217 0.007566
218 0.007567
219 0.007531
220 0.007520
221 0.007516
222 0.007486
223 0.007489
224 0.007477
225 0.007452
226 0.007465
227 0.007446
228 0.007428
229 0.007436
230 0.007416
231 0.007408
232 0.007412
233 0.007397
234 0.007402
235 0.007401
236 0.007391
237 0.007403
238 0.007399
239 0.007396
240 0.007440
241 0.007439
242 0.007421
243 0.007399
244 0.007395
245 0.007409
246 0.007427
247 0.007427
248 0.007437
249 0.007441
250 0.007443
251 0.007451
252 0.007451
253 0.007451
254 0.007452
255 0.007449
256 0.007446
257 0.007440
258 0.007433
259 0.007420
260 0.007407
261 0.007392
262 0.007365
263 0.007341
264 0.007312
265 0.007268
266 0.007230
267 0.007176
268 0.007109
269 0.007044
270 0.006963
271 0.006881
272 0.006803
273 0.006703
274 0.006617
275 0.006528
276 0.006419
277 0.006337
278 0.006244
279 0.006141
280 0.006058
281 0.005958
282 0.005865
283 0.005786
284 0.005683
285 0.005601
286 0.005527
287 0.005424
288 0.005355
289 0.005279
290 0.005189
291 0.005136
292 0.005075
293 0.005017
294 0.004980
295 0.004917
296 0.004872
297 0.004842
298 0.004774
299 0.004747
300 0.004713
301 0.004654
302 0.004634
303 0.004598
304 0.004558
305 0.004546
306 0.004502
307 0.004478
308 0.004472
309 0.004423
310 0.004417
311 0.004409
312 0.004360
313 0.004363
314 0.004348
315 0.004318
316 0.004324
317 0.004294
318 0.004277
319 0.004284
320 0.004238
321 0.004234
322 0.004236
323 0.004180
324 0.004187
325 0.004172
326 0.004130
327 0.004136
328 0.004103
329 0.004075
330 0.004081
331 0.004028
