0 0.361342
1 0.000001
2 0.000624
3 0.000657
4 0.000880
5 0.000959
6 0.001161
7 0.001296
8 0.001453
9 0.001626
10 0.001730
11 0.002187
12 0.002321
13 0.002505
14 0.002540
15 0.002870
16 0.002892
17 0.002998
18 0.003102
19 0.003265
20 0.003309
21 0.003341
22 0.003461
23 0.003496
24 0.003587
25 0.003586
26 0.003666
27 0.003660
28 0.003703
29 0.003700
30 0.003716
31 0.003714
32 0.003713
33 0.003700
34 0.003690
35 0.003665
36 0.003654
37 0.003607
38 0.003594
39 0.003537
40 0.003514
41 0.003457
42 0.003418
43 0.003369
44 0.003310
45 0.003271
46 0.003197
47 0.003177
48 0.003077
49 0.003068
50 0.002973
51 0.002957
52 0.002876
53 0.002852
54 0.002801
55 0.002775
56 0.002752
57 0.002744
58 0.002746
59 0.002729
60 0.002735
61 0.002717
62 0.002724
63 0.002705
64 0.002708
65 0.002699
66 0.002693
67 0.002683
68 0.002682
69 0.002685
70 0.002664
71 0.002664
72 0.002657
73 0.002663
74 0.002634
75 0.002640
76 0.002634
77 0.002628
78 0.002611
79 0.002610
80 0.002610
81 0.002590
82 0.002586
83 0.002576
84 0.002580
85 0.002549
86 0.002553
87 0.002541
88 0.002536
89 0.002515
90 0.002511
91 0.002504
92 0.002486
93 0.002476
94 0.002463
95 0.002461
96 0.002430
97 0.002428
98 0.002409
99 0.002401
100 0.002375
101 0.002366
102 0.002352
103 0.002330
104 0.002312
105 0.002294
106 0.002283
107 0.002249
108 0.002237
109 0.002203
110 0.002190
111 0.002159
112 0.002140
113 0.002113
114 0.002082
115 0.002058
116 0.002043
117 0.002032
118 0.002003
119 0.001992
120 0.001962
121 0.001952
122 0.001925
123 0.001912
124 0.001888
125 0.001866
126 0.001840
127 0.001817
128 0.001796
129 0.001768
130 0.001749
131 0.001710
132 0.001691
133 0.001659
134 0.001634
135 0.001596
136 0.001563
137 0.001521
138 0.001489
139 0.001457
140 0.001414
141 0.001382
142 0.001344
143 0.001318
144 0.001279
145 0.001254
146 0.001221
147 0.001189
148 0.001150
149 0.001115
150 0.001078
151 0.001041
152 0.001008
153 0.000984
154 0.000978
155 0.000968
156 0.000968
157 0.000957
158 0.000956
159 0.000948
160 0.000947
161 0.000944
162 0.000939
163 0.000934
164 0.000927
165 0.000925
166 0.000916
167 0.000916
168 0.000905
169 0.000906
170 0.000903
171 0.000901
172 0.000894
173 0.000890
174 0.000885
175 0.000879
176 0.000876
177 0.000870
178 0.000869
179 0.000859
180 0.000860
181 0.000858
182 0.000857
183 0.000849
184 0.000846
185 0.000840
186 0.000834
187 0.000830
188 0.000826
189 0.000826
190 0.000817
191 0.000817
192 0.000806
193 0.000807
194 0.000805
195 0.000806
196 0.000808
197 0.000804
198 0.000799
199 0.000792
200 0.000789
201 0.000787
202 0.000787
203 0.000777
204 0.000777
205 0.000767
206 0.000767
207 0.000765
208 0.000761
209 0.000756
210 0.000750
211 0.000746
212 0.000739
213 0.000737
214 0.000734
215 0.000734
216 0.000724
217 0.000728
218 0.000748
219 0.000747
220 0.000744
221 0.000751
222 0.000767
223 0.000759
224 0.000756
225 0.000750
226 0.000750
227 0.000739
228 0.000739
229 0.000733
230 0.000731
231 0.000724
232 0.000722
233 0.000718
234 0.000712
235 0.000708
236 0.000704
237 0.000704
238 0.000695
239 0.000694
240 0.000691
241 0.000689
242 0.000682
243 0.000681
244 0.000680
245 0.000675
246 0.000672
247 0.000669
248 0.000669
249 0.000665
250 0.000664
251 0.000660
252 0.000660
253 0.000657
254 0.000656
255 0.000654
256 0.000652
257 0.000649
258 0.000648
259 0.000647
260 0.000646
261 0.000646
262 0.000645
263 0.000645
264 0.000645
265 0.000645
266 0.000645
267 0.000646
268 0.000646
269 0.000647
270 0.000648
271 0.000650
272 0.000651
273 0.000653
274 0.000654
275 0.000657
276 0.000667
277 0.000712
278 0.000751
279 0.000832
280 0.000890
281 0.000958
282 0.001048
283 0.001100
284 0.001216
285 0.001249
286 0.001212
287 0.001242
288 0.001347
289 0.001378
290 0.001463
291 0.001512
292 0.001577
293 0.001642
294 0.001689
295 0.001769
296 0.001799
297 0.001894
298 0.001911
299 0.002012
300 0.002033
301 0.002115
302 0.002152
303 0.002217
304 0.002270
305 0.002320
306 0.002387
307 0.002423
308 0.002504
309 0.002526
310 0.002621
311 0.002641
312 0.002724
313 0.002758
314 0.002830
315 0.002879
316 0.002939
317 0.003002
318 0.003052
319 0.003132
320 0.003170
321 0.003262
322 0.003297
323 0.003394
324 0.003439
325 0.003531
326 0.003594
327 0.003678
328 0.003753
329 0.003826
330 0.003917
331 0.003997
