0 0.361342
1 0.000001
2 0.000550
3 0.000550
4 0.000550
5 0.000799
6 0.001353
7 0.001590
8 0.001860
9 0.002163
10 0.002344
11 0.002706
12 0.002805
13 0.003220
14 0.003280
15 0.003666
16 0.003756
17 0.004058
18 0.004203
19 0.004427
20 0.004622
21 0.004775
22 0.005013
23 0.005101
24 0.005377
25 0.005415
26 0.005709
27 0.005747
28 0.005977
29 0.006054
30 0.006224
31 0.006336
32 0.006453
33 0.006593
34 0.006665
35 0.006829
36 0.006861
37 0.007045
38 0.007066
39 0.007223
40 0.007262
41 0.007379
42 0.007436
43 0.007515
44 0.007584
45 0.007634
46 0.007711
47 0.007736
48 0.007815
49 0.007823
50 0.007891
51 0.007895
52 0.007935
53 0.008028
54 0.008249
55 0.008476
56 0.008688
57 0.008875
58 0.009028
59 0.009174
60 0.009289
61 0.009407
62 0.009493
63 0.009583
64 0.009652
65 0.009721
66 0.009778
67 0.009830
68 0.009877
69 0.009916
70 0.009955
71 0.009984
72 0.010016
73 0.009845
74 0.009632
75 0.009473
76 0.009334
77 0.009207
78 0.009095
79 0.008992
80 0.008899
81 0.008816
82 0.008740
83 0.008670
84 0.008607
85 0.008549
86 0.008495
87 0.008446
88 0.008401
89 0.008357
90 0.008317
91 0.008280
92 0.008245
93 0.008212
94 0.008179
95 0.008152
96 0.008118
97 0.008095
98 0.008064
99 0.008042
100 0.008014
101 0.007991
102 0.007967
103 0.007943
104 0.007923
105 0.007899
106 0.007886
107 0.007864
108 0.007858
109 0.007842
110 0.007853
111 0.007955
112 0.008122
113 0.008321
114 0.008494
115 0.008643
116 0.008766
117 0.008878
118 0.008958
119 0.009043
120 0.009091
121 0.009175
122 0.009224
123 0.009278
124 0.009293
125 0.009315
126 0.009326
127 0.009332
128 0.009341
129 0.009332
130 0.009341
131 0.009155
132 0.008658
133 0.008296
134 0.007993
135 0.007685
136 0.007416
137 0.007153
138 0.006913
139 0.006689
140 0.006472
141 0.006280
142 0.006081
143 0.005918
144 0.005733
145 0.005589
146 0.005425
147 0.005290
148 0.005145
149 0.005016
150 0.004889
151 0.004765
152 0.004662
153 0.004563
154 0.004487
155 0.004396
156 0.004337
157 0.004253
158 0.004198
159 0.004127
160 0.004074
161 0.004014
162 0.003960
163 0.003912
164 0.003856
165 0.003817
166 0.003759
167 0.003728
168 0.003667
169 0.003640
170 0.003587
171 0.003555
172 0.003510
173 0.003458
174 0.003404
175 0.003348
176 0.003303
177 0.003244
178 0.003207
179 0.003143
180 0.003111
181 0.003049
182 0.003015
183 0.002962
184 0.002923
185 0.002877
186 0.002833
187 0.002795
188 0.002748
189 0.002717
190 0.002664
191 0.002641
192 0.002585
193 0.002562
194 0.002513
195 0.002485
196 0.002444
197 0.002411
198 0.002377
199 0.002338
200 0.002312
201 0.002268
202 0.002249
203 0.002199
204 0.002183
205 0.002136
206 0.002116
207 0.002076
208 0.002050
209 0.002018
210 0.001985
211 0.001960
212 0.001921
213 0.001903
214 0.001858
215 0.001845
216 0.001797
217 0.001783
218 0.001742
219 0.001721
220 0.001688
221 0.001660
222 0.001633
223 0.001598
224 0.001580
225 0.001537
226 0.001526
227 0.001477
228 0.001466
229 0.001422
230 0.001406
231 0.001369
232 0.001345
233 0.001316
234 0.001284
235 0.001262
236 0.001223
237 0.001209
238 0.001161
239 0.001152
240 0.001103
241 0.001090
242 0.001050
243 0.001030
244 0.000998
245 0.000969
246 0.000945
247 0.000908
248 0.000892
249 0.000847
250 0.000838
251 0.000784
252 0.000776
253 0.000729
254 0.000712
255 0.000674
256 0.000648
257 0.000618
258 0.000583
259 0.000562
260 0.000517
261 0.000504
262 0.000451
263 0.000442
264 0.000388
265 0.000374
266 0.000330
267 0.000306
268 0.000270
269 0.000220
270 0.000180
271 0.000180
272 0.000180
273 0.000022
274 0.000011
275 0.000011
276 0.000011
277 0.000011
278 0.000116
279 0.000357
280 0.000473
281 0.000595
282 0.000726
283 0.000803
284 0.001000
285 0.001115
286 0.001250
287 0.001285
288 0.001512
289 0.001568
290 0.001724
291 0.001811
292 0.001930
293 0.002046
294 0.002130
295 0.002274
296 0.002326
297 0.002496
298 0.002524
299 0.002702
300 0.002737
301 0.002882
302 0.002944
303 0.003057
304 0.003145
305 0.003229
306 0.003341
307 0.003397
308 0.003532
309 0.003562
310 0.003717
311 0.003743
312 0.003877
313 0.003922
314 0.004031
315 0.004097
316 0.004180
317 0.004266
318 0.004324
319 0.004427
320 0.004463
321 0.004584
322 0.004610
323 0.004734
324 0.004770
325 0.004873
326 0.004927
327 0.005010
328 0.005079
329 0.005141
330 0.005224
331 0.005266
