0 0.361342
1 0.000001
2 0.003999
3 0.004019
4 0.004253
5 0.004831
6 0.006309
7 0.007355
8 0.008569
9 0.010559
10 0.011709
11 0.013238
12 0.013527
13 0.015140
14 0.015176
15 0.016501
16 0.016591
17 0.017479
18 0.017753
19 0.018317
20 0.018766
21 0.019088
22 0.019680
23 0.019796
24 0.020472
25 0.020417
26 0.021084
27 0.021004
28 0.021420
29 0.021400
30 0.021596
31 0.021650
32 0.021801
33 0.022119
34 0.022462
35 0.023144
36 0.023777
37 0.024805
38 0.024781
39 0.024716
40 0.024354
41 0.024012
42 0.023520
43 0.023014
44 0.022473
45 0.022004
46 0.021700
47 0.021574
48 0.021352
49 0.021186
50 0.020840
51 0.020584
52 0.020249
53 0.019944
54 0.019556
55 0.019563
56 0.019601
57 0.019660
58 0.019736
59 0.019831
60 0.019936
61 0.020056
62 0.020199
63 0.020481
64 0.020552
65 0.020637
66 0.020766
67 0.020919
68 0.021071
69 0.021182
70 0.021298
71 0.021350
72 0.021465
73 0.021483
74 0.021579
75 0.021584
76 0.021648
77 0.021760
78 0.021828
79 0.021759
80 0.021688
81 0.021718
82 0.021678
83 0.021643
84 0.021664
85 0.021895
86 0.021988
87 0.022129
88 0.022310
89 0.022516
90 0.022661
91 0.023100
92 0.023958
93 0.024849
94 0.025725
95 0.026616
96 0.027172
97 0.026644
98 0.025566
99 0.024642
100 0.023805
101 0.022953
102 0.022125
103 0.021353
104 0.020612
105 0.019899
106 0.019264
107 0.018757
108 0.018413
109 0.018141
110 0.017967
111 0.017823
112 0.017716
113 0.017601
114 0.017499
115 0.017399
116 0.017172
117 0.016871
118 0.016453
119 0.016079
120 0.015662
121 0.015321
122 0.014929
123 0.014619
124 0.014272
125 0.013958
126 0.013637
127 0.013325
128 0.013045
129 0.012745
130 0.012511
131 0.012238
132 0.012066
133 0.011814
134 0.011654
135 0.011428
136 0.011263
137 0.011062
138 0.010878
139 0.010693
140 0.010483
141 0.010315
142 0.010061
143 0.009901
144 0.009618
145 0.009469
146 0.009228
147 0.009068
148 0.008853
149 0.008690
150 0.008513
151 0.008350
152 0.008222
153 0.008025
154 0.007922
155 0.007706
156 0.007628
157 0.007445
158 0.007360
159 0.007177
160 0.007083
161 0.006953
162 0.006817
163 0.006701
164 0.006575
165 0.006511
166 0.006330
167 0.006285
168 0.006119
169 0.006067
170 0.005882
171 0.005821
172 0.005709
173 0.005597
174 0.005476
175 0.005385
176 0.005331
177 0.005178
178 0.005134
179 0.005016
180 0.004992
181 0.004865
182 0.004826
183 0.004731
184 0.004687
185 0.004625
186 0.004572
187 0.004535
188 0.004472
189 0.004451
190 0.004386
191 0.004372
192 0.004315
193 0.004301
194 0.004267
195 0.004257
196 0.004249
197 0.004248
198 0.004255
199 0.004272
200 0.004284
201 0.004330
202 0.004342
203 0.004428
204 0.004442
205 0.004549
206 0.004587
207 0.004695
208 0.004764
209 0.004865
210 0.004974
211 0.005056
212 0.005212
213 0.005270
214 0.005476
215 0.005512
216 0.005755
217 0.005804
218 0.006021
219 0.006116
220 0.006296
221 0.006453
222 0.006608
223 0.006788
224 0.006878
225 0.007154
226 0.007209
227 0.007609
228 0.007645
229 0.007858
230 0.008009
231 0.008402
232 0.008649
233 0.008963
234 0.009540
235 0.009921
236 0.010572
237 0.010754
238 0.011432
239 0.011485
240 0.012048
241 0.012106
242 0.012465
243 0.012553
244 0.012737
245 0.012889
246 0.013009
247 0.013047
248 0.013020
249 0.013032
250 0.012960
251 0.012851
252 0.012750
253 0.012560
254 0.012418
255 0.012194
256 0.011981
257 0.011754
258 0.011434
259 0.011240
260 0.010779
261 0.010645
262 0.009998
263 0.009879
264 0.009152
265 0.008932
266 0.008254
267 0.007859
268 0.007267
269 0.006665
270 0.006190
271 0.005374
272 0.005053
273 0.004062
274 0.003878
275 0.002651
276 0.002679
277 0.002838
278 0.002904
279 0.003037
280 0.003027
281 0.003018
282 0.003097
283 0.003141
284 0.003246
285 0.003275
286 0.003396
287 0.003419
288 0.003532
289 0.003570
290 0.003673
291 0.003733
292 0.003814
293 0.003897
294 0.003963
295 0.004062
296 0.004110
297 0.004233
298 0.004270
299 0.004398
300 0.004442
301 0.004557
302 0.004621
303 0.004720
304 0.004803
305 0.004887
306 0.004990
307 0.005060
308 0.005182
309 0.005237
310 0.005370
311 0.005415
312 0.005522
313 0.005569
314 0.005657
315 0.005718
316 0.005790
317 0.005866
318 0.005925
319 0.006012
320 0.006060
321 0.006164
322 0.006210
323 0.006320
324 0.006381
325 0.006490
326 0.006573
327 0.006676
328 0.006775
329 0.006872
330 0.006981
331 0.007067
