0 0.361342
1 0.000001
2 0.000075
3 0.000075
4 0.000075
5 0.000075
6 0.000074
7 0.000075
8 0.000074
9 0.000075
10 0.000074
11 0.000074
12 0.000074
13 0.000074
14 0.000074
15 0.000074
16 0.000074
17 0.000074
18 0.000074
19 0.000074
20 0.000074
21 0.000074
22 0.000074
23 0.000074
24 0.000073
25 0.000074
26 0.000074
27 0.000074
28 0.000074
29 0.000073
30 0.000074
31 0.000073
32 0.000073
33 0.000074
34 0.000073
35 0.000073
36 0.000073
37 0.000073
38 0.000073
39 0.000073
40 0.000073
41 0.000073
42 0.000073
43 0.000073
44 0.000073
45 0.000073
46 0.000073
47 0.000073
48 0.000073
49 0.000073
50 0.000073
51 0.000117
52 0.000296
53 0.000296
54 0.000295
55 0.000294
56 0.000294
57 0.000293
58 0.000292
59 0.000292
60 0.000291
61 0.000291
62 0.000290
63 0.000289
64 0.000289
65 0.000288
66 0.000288
67 0.000287
68 0.000377
69 0.000436
70 0.000435
71 0.000433
72 0.000432
73 0.000430
74 0.000429
75 0.000428
76 0.000427
77 0.000425
78 0.000424
79 0.000478
80 0.000523
81 0.000522
82 0.000521
83 0.000519
84 0.000517
85 0.000588
86 0.000587
87 0.000584
88 0.000582
89 0.000580
90 0.000613
91 0.000652
92 0.000649
93 0.000647
94 0.000644
95 0.000643
96 0.000715
97 0.000718
98 0.000715
99 0.000712
100 0.000710
101 0.000741
102 0.000788
103 0.000785
104 0.000782
105 0.000780
106 0.000778
107 0.000850
108 0.000859
109 0.000856
110 0.000854
111 0.000851
112 0.000878
113 0.000934
114 0.000931
115 0.000928
116 0.000924
117 0.000921
118 0.000990
119 0.001003
120 0.001000
121 0.000995
122 0.000991
123 0.001013
124 0.001078
125 0.001074
126 0.001069
127 0.001065
128 0.001061
129 0.001128
130 0.001149
131 0.001145
132 0.001141
133 0.001138
134 0.001154
135 0.001228
136 0.001222
137 0.001215
138 0.001208
139 0.001201
140 0.001260
141 0.001284
142 0.001276
143 0.001267
144 0.001257
145 0.001262
146 0.001338
147 0.001328
148 0.001318
149 0.001307
150 0.001297
151 0.001345
152 0.001373
153 0.001360
154 0.001349
155 0.001338
156 0.001334
157 0.001414
158 0.001403
159 0.001392
160 0.001381
161 0.001370
162 0.001430
163 0.001481
164 0.001470
165 0.001461
166 0.001453
167 0.001445
168 0.001600
169 0.001590
170 0.001580
171 0.001569
172 0.001556
173 0.001615
174 0.001684
175 0.001669
176 0.001655
177 0.001639
178 0.001621
179 0.001734
180 0.001722
181 0.001698
182 0.001676
183 0.001655
184 0.001689
185 0.001748
186 0.001728
187 0.001710
188 0.001695
189 0.001680
190 0.001770
191 0.001768
192 0.001754
193 0.001740
194 0.001726
195 0.001750
196 0.001810
197 0.001795
198 0.001778
199 0.001762
200 0.001747
201 0.001812
202 0.001812
203 0.001791
204 0.001771
205 0.001751
206 0.001757
207 0.001805
208 0.001785
209 0.001769
210 0.001755
211 0.001744
212 0.001797
213 0.001809
214 0.001797
215 0.001784
216 0.001770
217 0.001774
218 0.001827
219 0.001816
220 0.001806
221 0.001795
222 0.001784
223 0.001822
224 0.001834
225 0.001822
226 0.001811
227 0.001800
228 0.001801
229 0.001854
230 0.001846
231 0.001839
232 0.001830
233 0.001823
234 0.001857
235 0.001876
236 0.001868
237 0.001858
238 0.001848
239 0.001843
240 0.001894
241 0.001884
242 0.001874
243 0.001866
244 0.001861
245 0.001891
246 0.001920
247 0.001921
248 0.001922
249 0.001923
250 0.001924
251 0.001985
252 0.001986
253 0.001987
254 0.001989
255 0.001990
256 0.002018
257 0.002049
258 0.002051
259 0.002052
260 0.002053
261 0.002054
262 0.002107
263 0.002112
264 0.002114
265 0.002115
266 0.002116
267 0.002139
268 0.002173
269 0.002174
270 0.002175
271 0.002177
272 0.002178
273 0.002224
274 0.002233
275 0.002234
276 0.002236
277 0.002237
278 0.002255
279 0.002290
280 0.002291
281 0.002292
282 0.002293
283 0.002294
284 0.002334
285 0.002344
286 0.002346
287 0.002347
288 0.002348
289 0.002362
290 0.002397
291 0.002398
292 0.002399
293 0.002400
294 0.002402
295 0.002435
296 0.002448
297 0.002449
298 0.002451
299 0.002452
300 0.002462
301 0.002496
302 0.002498
303 0.002499
304 0.002500
305 0.002502
306 0.002530
307 0.002544
308 0.002546
309 0.002547
310 0.002549
311 0.002556
312 0.002590
313 0.002591
314 0.002593
315 0.002595
316 0.002597
317 0.002620
318 0.002636
319 0.002637
320 0.002639
321 0.002641
322 0.002645
323 0.002678
324 0.002680
325 0.002682
326 0.002684
327 0.002686
328 0.002705
329 0.002721
330 0.002723
331 0.002725
