0 0.361342
1 0.000001
2 0.000189
3 0.000189
4 0.000189
5 0.000189
6 0.000189
7 0.000189
8 0.000189
9 0.000189
10 0.000189
11 0.000189
12 0.000189
13 0.000426
14 0.000442
15 0.000443
16 0.000442
17 0.000443
18 0.000503
19 0.000594
20 0.000595
21 0.000594
22 0.000594
23 0.000594
24 0.000714
25 0.000733
26 0.000733
27 0.000733
28 0.000732
29 0.000774
30 0.000859
31 0.000859
32 0.000858
33 0.000858
34 0.000858
35 0.000948
36 0.000970
37 0.000971
38 0.000970
39 0.000971
40 0.000997
41 0.001071
42 0.001070
43 0.001070
44 0.001070
45 0.001070
46 0.001134
47 0.001157
48 0.001157
49 0.001157
50 0.001156
51 0.001175
52 0.001247
53 0.001247
54 0.001246
55 0.001246
56 0.001246
57 0.001286
58 0.001306
59 0.001305
60 0.001305
61 0.001306
62 0.001311
63 0.001352
64 0.001352
65 0.001351
66 0.001351
67 0.001351
68 0.001376
69 0.001394
70 0.001393
71 0.001393
72 0.001392
73 0.001393
74 0.001413
75 0.001412
76 0.001412
77 0.001411
78 0.001411
79 0.001418
80 0.001424
81 0.001423
82 0.001423
83 0.001422
84 0.001422
85 0.001420
86 0.001419
87 0.001418
88 0.001418
89 0.001417
90 0.001410
91 0.001401
92 0.001400
93 0.001399
94 0.001399
95 0.001398
96 0.001372
97 0.001369
98 0.001368
99 0.001367
100 0.001366
101 0.001350
102 0.001323
103 0.001323
104 0.001322
105 0.001321
106 0.001320
107 0.001273
108 0.001265
109 0.001263
110 0.001263
111 0.001262
112 0.001239
113 0.001193
114 0.001193
115 0.001191
116 0.001190
117 0.001189
118 0.001110
119 0.001089
120 0.001088
121 0.001087
122 0.001086
123 0.001070
124 0.001034
125 0.001033
126 0.001032
127 0.001030
128 0.001030
129 0.000904
130 0.000869
131 0.000868
132 0.000867
133 0.000866
134 0.000847
135 0.000779
136 0.000778
137 0.000777
138 0.000776
139 0.000776
140 0.000717
141 0.000693
142 0.000693
143 0.000692
144 0.000692
145 0.000682
146 0.000646
147 0.000645
148 0.000645
149 0.000645
150 0.000645
151 0.000631
152 0.000628
153 0.000627
154 0.000628
155 0.000628
156 0.000627
157 0.000629
158 0.000630
159 0.000629
160 0.000630
161 0.000630
162 0.000649
163 0.000669
164 0.000669
165 0.000669
166 0.000669
167 0.000670
168 0.000725
169 0.000725
170 0.000725
171 0.000725
172 0.000725
173 0.000750
174 0.000779
175 0.000779
176 0.000779
177 0.000779
178 0.000779
179 0.000828
180 0.000832
181 0.000832
182 0.000832
183 0.000833
184 0.000853
185 0.000884
186 0.000884
187 0.000885
188 0.000885
189 0.000885
190 0.000928
191 0.000935
192 0.000935
193 0.000935
194 0.000936
195 0.000952
196 0.000985
197 0.000985
198 0.000985
199 0.000986
200 0.000986
201 0.001024
202 0.001034
203 0.001034
204 0.001035
205 0.001035
206 0.001047
207 0.001081
208 0.001082
209 0.001082
210 0.001083
211 0.001083
212 0.001108
213 0.001119
214 0.001120
215 0.001120
216 0.001121
217 0.001130
218 0.001165
219 0.001165
220 0.001166
221 0.001167
222 0.001167
223 0.001196
224 0.001210
225 0.001211
226 0.001212
227 0.001213
228 0.001219
229 0.001254
230 0.001255
231 0.001256
232 0.001257
233 0.001258
234 0.001282
235 0.001299
236 0.001300
237 0.001301
238 0.001302
239 0.001306
240 0.001341
241 0.001343
242 0.001344
243 0.001345
244 0.001346
245 0.001366
246 0.001384
247 0.001386
248 0.001388
249 0.001389
250 0.001391
251 0.001428
252 0.001429
253 0.001430
254 0.001431
255 0.001432
256 0.001449
257 0.001467
258 0.001468
259 0.001469
260 0.001470
261 0.001471
262 0.001503
263 0.001506
264 0.001507
265 0.001508
266 0.001509
267 0.001522
268 0.001541
269 0.001542
270 0.001543
271 0.001544
272 0.001545
273 0.001572
274 0.001577
275 0.001578
276 0.001579
277 0.001581
278 0.001591
279 0.001610
280 0.001611
281 0.001611
282 0.001612
283 0.001612
284 0.001634
285 0.001639
286 0.001639
287 0.001639
288 0.001639
289 0.001645
290 0.001663
291 0.001663
292 0.001662
293 0.001662
294 0.001661
295 0.001678
296 0.001684
297 0.001683
298 0.001682
299 0.001681
300 0.001684
301 0.001701
302 0.001700
303 0.001698
304 0.001697
305 0.001696
306 0.001708
307 0.001714
308 0.001712
309 0.001711
310 0.001709
311 0.001710
312 0.001724
313 0.001722
314 0.001720
315 0.001718
316 0.001717
317 0.001725
318 0.001730
319 0.001727
320 0.001725
321 0.001723
322 0.001721
323 0.001734
324 0.001731
325 0.001729
326 0.001727
327 0.001724
328 0.001730
329 0.001734
330 0.001733
331 0.001731
