0 0.361342
1 0.000001
2 0.000014
3 0.000014
4 0.000014
5 0.000014
6 0.000014
7 0.000014
8 0.000014
9 0.000014
10 0.000015
11 0.000014
12 0.000014
13 0.000015
14 0.000014
15 0.000014
16 0.000014
17 0.000014
18 0.000014
19 0.000014
20 0.000014
21 0.000014
22 0.000014
23 0.000014
24 0.000014
25 0.000014
26 0.000014
27 0.000014
28 0.000014
29 0.000014
30 0.000014
31 0.000014
32 0.000014
33 0.000014
34 0.000014
35 0.000015
36 0.000014
37 0.000014
38 0.000014
39 0.000015
40 0.000014
41 0.000014
42 0.000014
43 0.000014
44 0.000014
45 0.000015
46 0.000015
47 0.000014
48 0.000014
49 0.000015
50 0.000014
51 0.000022
52 0.000054
53 0.000055
54 0.000055
55 0.000055
56 0.000055
57 0.000054
58 0.000055
59 0.000055
60 0.000055
61 0.000055
62 0.000055
63 0.000054
64 0.000055
65 0.000055
66 0.000055
67 0.000055
68 0.000072
69 0.000084
70 0.000084
71 0.000083
72 0.000084
73 0.000083
74 0.000084
75 0.000083
76 0.000084
77 0.000084
78 0.000083
79 0.000094
80 0.000104
81 0.000104
82 0.000104
83 0.000103
84 0.000104
85 0.000119
86 0.000118
87 0.000119
88 0.000118
89 0.000119
90 0.000126
91 0.000135
92 0.000135
93 0.000134
94 0.000134
95 0.000135
96 0.000150
97 0.000151
98 0.000150
99 0.000152
100 0.000152
101 0.000159
102 0.000169
103 0.000169
104 0.000169
105 0.000169
106 0.000169
107 0.000186
108 0.000188
109 0.000188
110 0.000188
111 0.000188
112 0.000195
113 0.000207
114 0.000208
115 0.000208
116 0.000208
117 0.000207
118 0.000224
119 0.000229
120 0.000229
121 0.000228
122 0.000229
123 0.000234
124 0.000250
125 0.000250
126 0.000250
127 0.000250
128 0.000250
129 0.000266
130 0.000272
131 0.000273
132 0.000273
133 0.000271
134 0.000277
135 0.000296
136 0.000296
137 0.000295
138 0.000296
139 0.000295
140 0.000312
141 0.000319
142 0.000320
143 0.000320
144 0.000318
145 0.000323
146 0.000345
147 0.000345
148 0.000344
149 0.000344
150 0.000344
151 0.000360
152 0.000370
153 0.000370
154 0.000370
155 0.000370
156 0.000371
157 0.000397
158 0.000397
159 0.000396
160 0.000396
161 0.000396
162 0.000413
163 0.000427
164 0.000426
165 0.000427
166 0.000426
167 0.000426
168 0.000460
169 0.000460
170 0.000459
171 0.000459
172 0.000458
173 0.000474
174 0.000491
175 0.000489
176 0.000490
177 0.000489
178 0.000489
179 0.000517
180 0.000520
181 0.000519
182 0.000518
183 0.000517
184 0.000529
185 0.000547
186 0.000547
187 0.000545
188 0.000545
189 0.000543
190 0.000570
191 0.000572
192 0.000572
193 0.000571
194 0.000570
195 0.000579
196 0.000598
197 0.000597
198 0.000596
199 0.000595
200 0.000594
201 0.000617
202 0.000621
203 0.000621
204 0.000621
205 0.000619
206 0.000626
207 0.000646
208 0.000646
209 0.000645
210 0.000644
211 0.000645
212 0.000664
213 0.000670
214 0.000669
215 0.000669
216 0.000669
217 0.000674
218 0.000693
219 0.000693
220 0.000692
221 0.000692
222 0.000692
223 0.000707
224 0.000715
225 0.000715
226 0.000714
227 0.000714
228 0.000717
229 0.000737
230 0.000736
231 0.000735
232 0.000736
233 0.000735
234 0.000748
235 0.000758
236 0.000757
237 0.000757
238 0.000757
239 0.000759
240 0.000779
241 0.000778
242 0.000779
243 0.000779
244 0.000780
245 0.000791
246 0.000801
247 0.000801
248 0.000802
249 0.000803
250 0.000803
251 0.000823
252 0.000824
253 0.000825
254 0.000825
255 0.000826
256 0.000835
257 0.000846
258 0.000847
259 0.000847
260 0.000847
261 0.000847
262 0.000864
263 0.000865
264 0.000865
265 0.000864
266 0.000863
267 0.000868
268 0.000878
269 0.000877
270 0.000875
271 0.000873
272 0.000871
273 0.000883
274 0.000883
275 0.000881
276 0.000879
277 0.000876
278 0.000880
279 0.000887
280 0.000885
281 0.000883
282 0.000880
283 0.000877
284 0.000887
285 0.000886
286 0.000884
287 0.000880
288 0.000877
289 0.000878
290 0.000885
291 0.000882
292 0.000879
293 0.000875
294 0.000872
295 0.000879
296 0.000879
297 0.000876
298 0.000872
299 0.000870
300 0.000870
301 0.000877
302 0.000874
303 0.000872
304 0.000869
305 0.000868
306 0.000874
307 0.000876
308 0.000875
309 0.000873
310 0.000873
311 0.000873
312 0.000881
313 0.000880
314 0.000878
315 0.000878
316 0.000878
317 0.000883
318 0.000887
319 0.000886
320 0.000886
321 0.000887
322 0.000887
323 0.000895
324 0.000895
325 0.000895
326 0.000895
327 0.000896
328 0.000900
329 0.000903
330 0.000903
331 0.000904
