0 0.361342
1 0.000001
2 0.000567
3 0.000567
4 0.000566
5 0.000804
6 0.001327
7 0.001539
8 0.001783
9 0.002041
10 0.002197
11 0.002491
12 0.002574
13 0.002889
14 0.002938
15 0.003210
16 0.003273
17 0.003470
18 0.003577
19 0.003737
20 0.003835
21 0.003913
22 0.004011
23 0.004050
24 0.004159
25 0.004175
26 0.004232
27 0.004235
28 0.004264
29 0.004257
30 0.004248
31 0.004221
32 0.004192
33 0.004131
34 0.004094
35 0.003989
36 0.003956
37 0.003793
38 0.003755
39 0.003567
40 0.003480
41 0.003255
42 0.003177
43 0.003087
44 0.002773
45 0.002593
46 0.002392
47 0.002322
48 0.002093
49 0.002058
50 0.001929
51 0.001910
52 0.001876
53 0.001869
54 0.001881
55 0.001937
56 0.002000
57 0.002110
58 0.002166
59 0.002296
60 0.002326
61 0.002479
62 0.002505
63 0.002638
64 0.002683
65 0.002789
66 0.002855
67 0.002938
68 0.003024
69 0.003083
70 0.003188
71 0.003226
72 0.003323
73 0.003348
74 0.003471
75 0.003504
76 0.003606
77 0.003657
78 0.003739
79 0.003809
80 0.003872
81 0.003957
82 0.004003
83 0.004102
84 0.004133
85 0.004249
86 0.004273
87 0.004363
88 0.004401
89 0.004476
90 0.004526
91 0.004582
92 0.004645
93 0.004689
94 0.004759
95 0.004781
96 0.004855
97 0.004865
98 0.004928
99 0.004940
100 0.004986
101 0.005003
102 0.005030
103 0.005052
104 0.005065
105 0.005088
106 0.005087
107 0.005113
108 0.005100
109 0.005124
110 0.005111
111 0.005131
112 0.005135
113 0.005150
114 0.005156
115 0.005162
116 0.005166
117 0.005160
118 0.005162
119 0.005151
120 0.005162
121 0.005165
122 0.005178
123 0.005178
124 0.005182
125 0.005177
126 0.005170
127 0.005163
128 0.005159
129 0.005151
130 0.005144
131 0.005135
132 0.005128
133 0.005113
134 0.005102
135 0.005081
136 0.005062
137 0.005037
138 0.005014
139 0.004994
140 0.004965
141 0.004941
142 0.004899
143 0.004868
144 0.004806
145 0.004764
146 0.004692
147 0.004635
148 0.004557
149 0.004502
150 0.004470
151 0.004430
152 0.004399
153 0.004352
154 0.004325
155 0.004262
156 0.004238
157 0.004172
158 0.004140
159 0.004081
160 0.004053
161 0.004014
162 0.003979
163 0.003953
164 0.003912
165 0.003894
166 0.003836
167 0.003831
168 0.003762
169 0.003754
170 0.003691
171 0.003671
172 0.003619
173 0.003581
174 0.003537
175 0.003484
176 0.003453
177 0.003394
178 0.003383
179 0.003296
180 0.003285
181 0.003193
182 0.003169
183 0.003086
184 0.003041
185 0.002974
186 0.002914
187 0.002866
188 0.002782
189 0.002752
190 0.002654
191 0.002641
192 0.002516
193 0.002500
194 0.002400
195 0.002358
196 0.002268
197 0.002199
198 0.002130
199 0.002036
200 0.001985
201 0.001862
202 0.001834
203 0.001698
204 0.001675
205 0.001528
206 0.001485
207 0.001361
208 0.001299
209 0.001215
210 0.001111
211 0.001035
212 0.000900
213 0.000851
214 0.000720
215 0.000701
216 0.000530
217 0.000484
218 0.000324
219 0.000220
220 0.000191
221 0.000191
222 0.000191
223 0.000252
224 0.000284
225 0.000217
226 0.000208
227 0.000292
228 0.000265
229 0.000250
230 0.000274
231 0.000337
232 0.000336
233 0.000342
234 0.000383
235 0.000412
236 0.000433
237 0.000440
238 0.000494
239 0.000502
240 0.000536
241 0.000546
242 0.000580
243 0.000596
244 0.000623
245 0.000645
246 0.000665
247 0.000693
248 0.000706
249 0.000740
250 0.000746
251 0.000786
252 0.000792
253 0.000825
254 0.000836
255 0.000863
256 0.000880
257 0.000900
258 0.000922
259 0.000936
260 0.000963
261 0.000970
262 0.001003
263 0.001007
264 0.001038
265 0.001045
266 0.001070
267 0.001082
268 0.001101
269 0.001119
270 0.001132
271 0.001154
272 0.001163
273 0.001189
274 0.001195
275 0.001227
276 0.001236
277 0.001264
278 0.001279
279 0.001304
280 0.001323
281 0.001345
282 0.001369
283 0.001384
284 0.001413
285 0.001424
286 0.001456
287 0.001468
288 0.001498
289 0.001510
290 0.001536
291 0.001554
292 0.001575
293 0.001596
294 0.001614
295 0.001639
296 0.001654
297 0.001689
298 0.001706
299 0.001736
300 0.001752
301 0.001780
302 0.001797
303 0.001822
304 0.001840
305 0.001863
306 0.001891
307 0.001911
308 0.001941
309 0.001963
310 0.002000
311 0.002020
312 0.002057
313 0.002092
314 0.002142
315 0.002195
316 0.002249
317 0.002305
318 0.002355
319 0.002427
320 0.002484
321 0.002552
322 0.002603
323 0.002678
324 0.002758
325 0.002852
326 0.002927
327 0.003019
328 0.003131
329 0.003239
330 0.003314
331 0.003380
