0 0.361342
1 0.000001
2 0.000082
3 0.000082
4 0.000082
5 0.000082
6 0.000082
7 0.000082
8 0.000082
9 0.000082
10 0.000082
11 0.000082
12 0.000082
13 0.000082
14 0.000082
15 0.000082
16 0.000082
17 0.000082
18 0.000082
19 0.000082
20 0.000082
21 0.000082
22 0.000082
23 0.000082
24 0.000095
25 0.000097
26 0.000097
27 0.000097
28 0.000097
29 0.000097
30 0.000097
31 0.000097
32 0.000097
33 0.000097
34 0.000097
35 0.000167
36 0.000184
37 0.000184
38 0.000184
39 0.000184
40 0.000186
41 0.000189
42 0.000189
43 0.000189
44 0.000189
45 0.000189
46 0.000194
47 0.000195
48 0.000195
49 0.000195
50 0.000195
51 0.000201
52 0.000228
53 0.000227
54 0.000227
55 0.000227
56 0.000227
57 0.000232
58 0.000234
59 0.000234
60 0.000234
61 0.000233
62 0.000236
63 0.000253
64 0.000252
65 0.000252
66 0.000252
67 0.000252
68 0.000256
69 0.000259
70 0.000259
71 0.000259
72 0.000259
73 0.000259
74 0.000272
75 0.000272
76 0.000272
77 0.000271
78 0.000271
79 0.000276
80 0.000280
81 0.000280
82 0.000280
83 0.000279
84 0.000279
85 0.000287
86 0.000287
87 0.000287
88 0.000287
89 0.000287
90 0.000291
91 0.000296
92 0.000296
93 0.000296
94 0.000296
95 0.000296
96 0.000299
97 0.000299
98 0.000299
99 0.000299
100 0.000298
101 0.000303
102 0.000310
103 0.000310
104 0.000310
105 0.000309
106 0.000309
107 0.000306
108 0.000306
109 0.000306
110 0.000305
111 0.000305
112 0.000310
113 0.000318
114 0.000318
115 0.000318
116 0.000317
117 0.000317
118 0.000328
119 0.000330
120 0.000330
121 0.000330
122 0.000330
123 0.000327
124 0.000322
125 0.000322
126 0.000322
127 0.000322
128 0.000322
129 0.000332
130 0.000336
131 0.000336
132 0.000336
133 0.000336
134 0.000339
135 0.000351
136 0.000351
137 0.000351
138 0.000351
139 0.000351
140 0.000335
141 0.000339
142 0.000339
143 0.000339
144 0.000339
145 0.000341
146 0.000356
147 0.000356
148 0.000356
149 0.000356
150 0.000356
151 0.000367
152 0.000374
153 0.000374
154 0.000374
155 0.000374
156 0.000375
157 0.000391
158 0.000391
159 0.000391
160 0.000392
161 0.000392
162 0.000401
163 0.000409
164 0.000409
165 0.000409
166 0.000409
167 0.000409
168 0.000427
169 0.000427
170 0.000427
171 0.000427
172 0.000427
173 0.000435
174 0.000445
175 0.000445
176 0.000445
177 0.000445
178 0.000445
179 0.000461
180 0.000462
181 0.000462
182 0.000462
183 0.000462
184 0.000469
185 0.000479
186 0.000479
187 0.000479
188 0.000479
189 0.000480
190 0.000494
191 0.000496
192 0.000496
193 0.000496
194 0.000496
195 0.000502
196 0.000512
197 0.000513
198 0.000513
199 0.000513
200 0.000513
201 0.000526
202 0.000529
203 0.000529
204 0.000530
205 0.000530
206 0.000534
207 0.000545
208 0.000546
209 0.000546
210 0.000547
211 0.000547
212 0.000558
213 0.000562
214 0.000563
215 0.000564
216 0.000565
217 0.000568
218 0.000580
219 0.000581
220 0.000582
221 0.000583
222 0.000584
223 0.000595
224 0.000600
225 0.000602
226 0.000603
227 0.000605
228 0.000608
229 0.000626
230 0.000627
231 0.000629
232 0.000630
233 0.000632
234 0.000641
235 0.000648
236 0.000649
237 0.000650
238 0.000652
239 0.000655
240 0.000669
241 0.000671
242 0.000674
243 0.000677
244 0.000680
245 0.000690
246 0.000700
247 0.000703
248 0.000706
249 0.000710
250 0.000714
251 0.000733
252 0.000738
253 0.000742
254 0.000746
255 0.000750
256 0.000761
257 0.000772
258 0.000777
259 0.000782
260 0.000787
261 0.000792
262 0.000810
263 0.000816
264 0.000821
265 0.000827
266 0.000831
267 0.000843
268 0.000857
269 0.000862
270 0.000867
271 0.000872
272 0.000880
273 0.000902
274 0.000916
275 0.000930
276 0.000945
277 0.000963
278 0.000986
279 0.001017
280 0.001042
281 0.001069
282 0.001096
283 0.001124
284 0.001168
285 0.001203
286 0.001236
287 0.001270
288 0.001307
289 0.001350
290 0.001406
291 0.001455
292 0.001514
293 0.001584
294 0.001659
295 0.001754
296 0.001848
297 0.001943
298 0.002046
299 0.002158
300 0.002274
301 0.002404
302 0.002504
303 0.002592
304 0.002676
305 0.002764
306 0.002884
307 0.003027
308 0.003241
309 0.003520
310 0.003836
311 0.004204
312 0.004663
313 0.005117
314 0.005567
315 0.005989
316 0.006357
317 0.006693
318 0.006985
319 0.007179
320 0.007227
321 0.007229
322 0.007157
323 0.007316
324 0.007821
325 0.008392
326 0.008958
327 0.009474
328 0.009991
329 0.010352
330 0.010376
331 0.010238
