0 0.361342
1 0.000001
2 0.000065
3 0.000065
4 0.000065
5 0.000065
6 0.000065
7 0.000065
8 0.000065
9 0.000115
10 0.000145
11 0.000170
12 0.000177
13 0.000207
14 0.000211
15 0.000240
16 0.000248
17 0.000272
18 0.000285
19 0.000304
20 0.000321
21 0.000335
22 0.000357
23 0.000366
24 0.000393
25 0.000398
26 0.000429
27 0.000434
28 0.000459
29 0.000470
30 0.000490
31 0.000505
32 0.000521
33 0.000541
34 0.000551
35 0.000576
36 0.000581
37 0.000611
38 0.000615
39 0.000642
40 0.000650
41 0.000672
42 0.000684
43 0.000701
44 0.000718
45 0.000731
46 0.000752
47 0.000760
48 0.000786
49 0.000790
50 0.000819
51 0.000824
52 0.000847
53 0.000857
54 0.000876
55 0.000891
56 0.000904
57 0.000923
58 0.000932
59 0.000955
60 0.000959
61 0.000986
62 0.000989
63 0.001013
64 0.001020
65 0.001038
66 0.001049
67 0.001063
68 0.001078
69 0.001088
70 0.001106
71 0.001112
72 0.001134
73 0.001138
74 0.001160
75 0.001164
76 0.001182
77 0.001191
78 0.001205
79 0.001216
80 0.001227
81 0.001241
82 0.001248
83 0.001266
84 0.001269
85 0.001290
86 0.001292
87 0.001309
88 0.001315
89 0.001328
90 0.001336
91 0.001345
92 0.001355
93 0.001362
94 0.001374
95 0.001377
96 0.001392
97 0.001393
98 0.001407
99 0.001410
100 0.001421
101 0.001427
102 0.001435
103 0.001443
104 0.001449
105 0.001459
106 0.001463
107 0.001474
108 0.001476
109 0.001489
110 0.001491
111 0.001502
112 0.001506
113 0.001514
114 0.001520
115 0.001527
116 0.001534
117 0.001539
118 0.001548
119 0.001551
120 0.001561
121 0.001563
122 0.001572
123 0.001576
124 0.001583
125 0.001587
126 0.001593
127 0.001599
128 0.001603
129 0.001610
130 0.001613
131 0.001620
132 0.001623
133 0.001630
134 0.001633
135 0.001639
136 0.001642
137 0.001647
138 0.001651
139 0.001655
140 0.001659
141 0.001662
142 0.001667
143 0.001669
144 0.001674
145 0.001676
146 0.001680
147 0.001683
148 0.001686
149 0.001689
150 0.001692
151 0.001694
152 0.001696
153 0.001699
154 0.001701
155 0.001703
156 0.001705
157 0.001706
158 0.001708
159 0.001709
160 0.001711
161 0.001712
162 0.001713
163 0.001715
164 0.001715
165 0.001717
166 0.001716
167 0.001718
168 0.001717
169 0.001719
170 0.001718
171 0.001719
172 0.001718
173 0.001719
174 0.001719
175 0.001717
176 0.001719
177 0.001716
178 0.001718
179 0.001714
180 0.001717
181 0.001713
182 0.001714
183 0.001711
184 0.001711
185 0.001710
186 0.001708
187 0.001707
188 0.001704
189 0.001705
190 0.001698
191 0.001701
192 0.001693
193 0.001695
194 0.001688
195 0.001688
196 0.001683
197 0.001680
198 0.001676
199 0.001670
200 0.001669
201 0.001660
202 0.001660
203 0.001648
204 0.001649
205 0.001637
206 0.001636
207 0.001627
208 0.001622
209 0.001615
210 0.001607
211 0.001602
212 0.001590
213 0.001588
214 0.001573
215 0.001573
216 0.001555
217 0.001554
218 0.001539
219 0.001534
220 0.001523
221 0.001513
222 0.001505
223 0.001492
224 0.001487
225 0.001468
226 0.001467
227 0.001445
228 0.001444
229 0.001423
230 0.001419
231 0.001402
232 0.001392
233 0.001379
234 0.001365
235 0.001356
236 0.001336
237 0.001331
238 0.001306
239 0.001304
240 0.001276
241 0.001272
242 0.001249
243 0.001239
244 0.001221
245 0.001205
246 0.001191
247 0.001169
248 0.001160
249 0.001132
250 0.001129
251 0.001093
252 0.001090
253 0.001060
254 0.001049
255 0.001025
256 0.001008
257 0.000988
258 0.000965
259 0.000951
260 0.000920
261 0.000913
262 0.000874
263 0.000869
264 0.000831
265 0.000821
266 0.000789
267 0.000772
268 0.000746
269 0.000721
270 0.000701
271 0.000669
272 0.000656
273 0.000615
274 0.000608
275 0.000561
276 0.000553
277 0.000512
278 0.000496
279 0.000462
280 0.000438
281 0.000412
282 0.000378
283 0.000360
284 0.000317
285 0.000307
286 0.000229
287 0.000226
288 0.000226
289 0.000154
290 0.000044
291 0.000044
292 0.000044
293 0.000044
294 0.000044
295 0.000044
296 0.000044
297 0.000044
298 0.000044
299 0.000044
300 0.000044
301 0.000044
302 0.000331
303 0.000906
304 0.000925
305 0.000955
306 0.001179
307 0.001292
308 0.001304
309 0.001308
310 0.001549
311 0.001578
312 0.001721
313 0.001769
314 0.001884
315 0.001955
316 0.002044
317 0.002138
318 0.002202
319 0.002316
320 0.002356
321 0.002491
322 0.002518
323 0.002652
324 0.002688
325 0.002798
326 0.002854
327 0.002942
328 0.003017
329 0.003083
330 0.003176
331 0.003223
