0 0.361342
1 0.000001
2 0.000588
3 0.000589
4 0.000589
5 0.000571
6 0.000628
7 0.000688
8 0.000772
9 0.000879
10 0.000949
11 0.001240
12 0.001346
13 0.001482
14 0.001514
15 0.001755
16 0.001787
17 0.001878
18 0.001983
19 0.002140
20 0.002210
21 0.002271
22 0.002432
23 0.002508
24 0.002610
25 0.002643
26 0.002830
27 0.002863
28 0.002957
29 0.003021
30 0.003133
31 0.003191
32 0.003251
33 0.003340
34 0.003399
35 0.003484
36 0.003524
37 0.003628
38 0.003668
39 0.003761
40 0.003807
41 0.003881
42 0.003932
43 0.003989
44 0.004057
45 0.004121
46 0.004170
47 0.004213
48 0.004295
49 0.004337
50 0.004361
51 0.004402
52 0.004466
53 0.004482
54 0.004489
55 0.004530
56 0.004570
57 0.004589
58 0.004609
59 0.004657
60 0.004686
61 0.004705
62 0.004731
63 0.004779
64 0.004798
65 0.004815
66 0.004849
67 0.004888
68 0.004902
69 0.004918
70 0.004941
71 0.004961
72 0.005001
73 0.005020
74 0.005041
75 0.005054
76 0.005063
77 0.005090
78 0.005125
79 0.005134
80 0.005141
81 0.005153
82 0.005163
83 0.005186
84 0.005196
85 0.005200
86 0.005203
87 0.005196
88 0.005206
89 0.005224
90 0.005218
91 0.005211
92 0.005209
93 0.005206
94 0.005209
95 0.005207
96 0.005198
97 0.005191
98 0.005171
99 0.005166
100 0.005161
101 0.005145
102 0.005124
103 0.005106
104 0.005088
105 0.005064
106 0.005044
107 0.005016
108 0.004996
109 0.004963
110 0.004938
111 0.004896
112 0.004867
113 0.004834
114 0.004802
115 0.004768
116 0.004720
117 0.004680
118 0.004636
119 0.004602
120 0.004552
121 0.004514
122 0.004441
123 0.004399
124 0.004347
125 0.004301
126 0.004250
127 0.004182
128 0.004120
129 0.004061
130 0.004012
131 0.003947
132 0.003899
133 0.003819
134 0.003786
135 0.003738
136 0.003699
137 0.003652
138 0.003588
139 0.003526
140 0.003477
141 0.003438
142 0.003388
143 0.003354
144 0.003271
145 0.003238
146 0.003183
147 0.003144
148 0.003094
149 0.003036
150 0.002974
151 0.002928
152 0.002889
153 0.002822
154 0.002783
155 0.002733
156 0.002703
157 0.002632
158 0.002601
159 0.002555
160 0.002509
161 0.002451
162 0.002411
163 0.002373
164 0.002314
165 0.002274
166 0.002227
167 0.002200
168 0.002131
169 0.002106
170 0.002060
171 0.002027
172 0.001978
173 0.001949
174 0.001920
175 0.001877
176 0.001847
177 0.001815
178 0.001797
179 0.001748
180 0.001732
181 0.001692
182 0.001673
183 0.001638
184 0.001619
185 0.001597
186 0.001571
187 0.001551
188 0.001528
189 0.001514
190 0.001486
191 0.001476
192 0.001450
193 0.001441
194 0.001422
195 0.001405
196 0.001378
197 0.001366
198 0.001356
199 0.001344
200 0.001338
201 0.001328
202 0.001324
203 0.001318
204 0.001316
205 0.001315
206 0.001316
207 0.001322
208 0.001326
209 0.001335
210 0.001347
211 0.001358
212 0.001381
213 0.001391
214 0.001429
215 0.001437
216 0.001488
217 0.001488
218 0.001503
219 0.001527
220 0.001571
221 0.001608
222 0.001645
223 0.001698
224 0.001725
225 0.001797
226 0.001812
227 0.001904
228 0.001918
229 0.002005
230 0.002034
231 0.002108
232 0.002156
233 0.002217
234 0.002284
235 0.002329
236 0.002418
237 0.002445
238 0.002556
239 0.002573
240 0.002692
241 0.002719
242 0.002824
243 0.002874
244 0.002959
245 0.003034
246 0.003098
247 0.003196
248 0.003240
249 0.003362
250 0.003383
251 0.003532
252 0.003554
253 0.003683
254 0.003730
255 0.003836
256 0.003909
257 0.003992
258 0.004091
259 0.004151
260 0.004277
261 0.004313
262 0.004466
263 0.004492
264 0.004644
265 0.004685
266 0.004813
267 0.004881
268 0.004983
269 0.005098
270 0.005191
271 0.005266
272 0.005296
273 0.005571
274 0.005615
275 0.005720
276 0.005739
277 0.005828
278 0.005831
279 0.005839
280 0.005858
281 0.005876
282 0.005899
283 0.005907
284 0.005932
285 0.005932
286 0.005960
287 0.005955
288 0.005974
289 0.005968
290 0.005976
291 0.005971
292 0.005971
293 0.005968
294 0.005958
295 0.005955
296 0.005936
297 0.005938
298 0.005920
299 0.005926
300 0.005909
301 0.005909
302 0.005898
303 0.005895
304 0.005926
305 0.005971
306 0.005981
307 0.005977
308 0.005994
309 0.005986
310 0.006021
311 0.006008
312 0.006028
313 0.006023
314 0.006055
315 0.006056
316 0.006058
317 0.006065
318 0.006058
319 0.006067
320 0.006051
321 0.006083
322 0.006059
323 0.006070
324 0.006051
325 0.006054
326 0.006039
327 0.006038
328 0.006039
329 0.006039
330 0.006040
331 0.006024
