0 0.361342
1 0.000001
2 0.000138
3 0.000139
4 0.000138
5 0.000138
6 0.000138
7 0.000214
8 0.000303
9 0.000303
10 0.000304
11 0.000303
12 0.000303
13 0.000454
14 0.000464
15 0.000465
16 0.000464
17 0.000465
18 0.000526
19 0.000616
20 0.000616
21 0.000616
22 0.000616
23 0.000616
24 0.000735
25 0.000754
26 0.000754
27 0.000753
28 0.000754
29 0.000796
30 0.000878
31 0.000878
32 0.000879
33 0.000879
34 0.000878
35 0.000968
36 0.000990
37 0.000991
38 0.000990
39 0.000990
40 0.001016
41 0.001089
42 0.001089
43 0.001089
44 0.001089
45 0.001089
46 0.001152
47 0.001174
48 0.001175
49 0.001175
50 0.001175
51 0.001207
52 0.001335
53 0.001335
54 0.001334
55 0.001335
56 0.001334
57 0.001374
58 0.001394
59 0.001394
60 0.001394
61 0.001394
62 0.001400
63 0.001440
64 0.001440
65 0.001440
66 0.001439
67 0.001440
68 0.001495
69 0.001533
70 0.001532
71 0.001533
72 0.001533
73 0.001533
74 0.001553
75 0.001552
76 0.001553
77 0.001552
78 0.001552
79 0.001579
80 0.001601
81 0.001601
82 0.001601
83 0.001601
84 0.001600
85 0.001625
86 0.001625
87 0.001625
88 0.001624
89 0.001624
90 0.001630
91 0.001638
92 0.001637
93 0.001637
94 0.001637
95 0.001636
96 0.001639
97 0.001638
98 0.001638
99 0.001638
100 0.001638
101 0.001634
102 0.001629
103 0.001628
104 0.001628
105 0.001627
106 0.001627
107 0.001611
108 0.001609
109 0.001607
110 0.001607
111 0.001607
112 0.001596
113 0.001575
114 0.001575
115 0.001574
116 0.001574
117 0.001573
118 0.001540
119 0.001532
120 0.001531
121 0.001531
122 0.001530
123 0.001516
124 0.001477
125 0.001477
126 0.001476
127 0.001476
128 0.001475
129 0.001429
130 0.001412
131 0.001411
132 0.001411
133 0.001411
134 0.001395
135 0.001337
136 0.001337
137 0.001336
138 0.001336
139 0.001335
140 0.001280
141 0.001252
142 0.001252
143 0.001251
144 0.001251
145 0.001239
146 0.001159
147 0.001159
148 0.001158
149 0.001158
150 0.001158
151 0.001098
152 0.001059
153 0.001059
154 0.001059
155 0.001059
156 0.001051
157 0.000958
158 0.000958
159 0.000959
160 0.000958
161 0.000958
162 0.000934
163 0.000918
164 0.000918
165 0.000918
166 0.000918
167 0.000918
168 0.000939
169 0.000938
170 0.000939
171 0.000939
172 0.000939
173 0.000951
174 0.000967
175 0.000967
176 0.000967
177 0.000967
178 0.000968
179 0.000998
180 0.001000
181 0.001000
182 0.001000
183 0.001001
184 0.001016
185 0.001039
186 0.001039
187 0.001040
188 0.001040
189 0.001040
190 0.001075
191 0.001081
192 0.001081
193 0.001081
194 0.001082
195 0.001095
196 0.001123
197 0.001124
198 0.001123
199 0.001124
200 0.001124
201 0.001157
202 0.001166
203 0.001166
204 0.001166
205 0.001167
206 0.001178
207 0.001208
208 0.001208
209 0.001209
210 0.001209
211 0.001209
212 0.001239
213 0.001250
214 0.001250
215 0.001250
216 0.001250
217 0.001259
218 0.001291
219 0.001291
220 0.001291
221 0.001291
222 0.001291
223 0.001317
224 0.001330
225 0.001330
226 0.001330
227 0.001330
228 0.001336
229 0.001368
230 0.001369
231 0.001369
232 0.001369
233 0.001369
234 0.001390
235 0.001405
236 0.001405
237 0.001405
238 0.001405
239 0.001408
240 0.001441
241 0.001441
242 0.001441
243 0.001441
244 0.001441
245 0.001459
246 0.001475
247 0.001475
248 0.001475
249 0.001475
250 0.001475
251 0.001508
252 0.001508
253 0.001508
254 0.001508
255 0.001508
256 0.001523
257 0.001540
258 0.001541
259 0.001541
260 0.001541
261 0.001542
262 0.001570
263 0.001572
264 0.001573
265 0.001573
266 0.001574
267 0.001586
268 0.001603
269 0.001604
270 0.001605
271 0.001605
272 0.001606
273 0.001630
274 0.001635
275 0.001635
276 0.001637
277 0.001638
278 0.001647
279 0.001665
280 0.001667
281 0.001668
282 0.001670
283 0.001671
284 0.001692
285 0.001698
286 0.001700
287 0.001702
288 0.001704
289 0.001712
290 0.001731
291 0.001733
292 0.001736
293 0.001738
294 0.001741
295 0.001759
296 0.001768
297 0.001771
298 0.001774
299 0.001777
300 0.001785
301 0.001805
302 0.001809
303 0.001812
304 0.001816
305 0.001820
306 0.001837
307 0.001848
308 0.001852
309 0.001857
310 0.001862
311 0.001869
312 0.001890
313 0.001895
314 0.001900
315 0.001905
316 0.001910
317 0.001926
318 0.001939
319 0.001944
320 0.001950
321 0.001956
322 0.001963
323 0.001985
324 0.001992
325 0.001998
326 0.002005
327 0.002012
328 0.002028
329 0.002042
330 0.002050
331 0.002058
