0 0.361342
1 0.000001
2 0.000277
3 0.000277
4 0.000350
5 0.000607
6 0.000607
7 0.000757
8 0.000929
9 0.000929
10 0.001142
11 0.001233
12 0.001232
13 0.001489
14 0.001507
15 0.001550
16 0.001757
17 0.001757
18 0.001847
19 0.001980
20 0.001980
21 0.002106
22 0.002178
23 0.002178
24 0.002326
25 0.002349
26 0.002382
27 0.002669
28 0.002669
29 0.002708
30 0.002788
31 0.002787
32 0.002839
33 0.002880
34 0.002879
35 0.003028
36 0.003065
37 0.003065
38 0.003105
39 0.003104
40 0.003130
41 0.003201
42 0.003201
43 0.003225
44 0.003249
45 0.003247
46 0.003267
47 0.003273
48 0.003272
49 0.003276
50 0.003275
51 0.003270
52 0.003255
53 0.003253
54 0.003236
55 0.003214
56 0.003212
57 0.003169
58 0.003147
59 0.003145
60 0.003069
61 0.003059
62 0.003044
63 0.002952
64 0.002950
65 0.002902
66 0.002821
67 0.002819
68 0.002730
69 0.002671
70 0.002668
71 0.002529
72 0.002501
73 0.002487
74 0.002315
75 0.002314
76 0.002253
77 0.002115
78 0.002115
79 0.002005
80 0.001915
81 0.001914
82 0.001849
83 0.001833
84 0.001833
85 0.001875
86 0.001876
87 0.001887
88 0.001932
89 0.001932
90 0.001961
91 0.001997
92 0.001999
93 0.002051
94 0.002076
95 0.002077
96 0.002153
97 0.002159
98 0.002174
99 0.002243
100 0.002244
101 0.002278
102 0.002328
103 0.002330
104 0.002382
105 0.002413
106 0.002415
107 0.002485
108 0.002497
109 0.002505
110 0.002577
111 0.002578
112 0.002604
113 0.002656
114 0.002657
115 0.002700
116 0.002733
117 0.002733
118 0.002791
119 0.002806
120 0.002809
121 0.002876
122 0.002877
123 0.002895
124 0.002945
125 0.002945
126 0.002978
127 0.003011
128 0.003012
129 0.003059
130 0.003077
131 0.003078
132 0.003137
133 0.003141
134 0.003155
135 0.003202
136 0.003205
137 0.003232
138 0.003265
139 0.003270
140 0.003308
141 0.003330
142 0.003336
143 0.003386
144 0.003398
145 0.003412
146 0.003460
147 0.003470
148 0.003496
149 0.003535
150 0.003548
151 0.003586
152 0.003617
153 0.003633
154 0.003682
155 0.003706
156 0.003727
157 0.003781
158 0.003802
159 0.003834
160 0.003880
161 0.003904
162 0.003946
163 0.003988
164 0.004015
165 0.004069
166 0.004106
167 0.004138
168 0.004201
169 0.004235
170 0.004277
171 0.004337
172 0.004376
173 0.004430
174 0.004488
175 0.004534
176 0.004601
177 0.004661
178 0.004716
179 0.004798
180 0.004865
181 0.004939
182 0.005034
183 0.005120
184 0.005222
185 0.005338
186 0.005454
187 0.005594
188 0.005736
189 0.005874
190 0.006028
191 0.006171
192 0.006315
193 0.006469
194 0.006609
195 0.006747
196 0.006883
197 0.007003
198 0.007115
199 0.007169
200 0.007021
201 0.006882
202 0.006779
203 0.006679
204 0.006576
205 0.006477
206 0.006372
207 0.006256
208 0.006155
209 0.006050
210 0.005944
211 0.005906
212 0.005852
213 0.005804
214 0.005757
215 0.005692
216 0.005640
217 0.005581
218 0.005507
219 0.005451
220 0.005383
221 0.005313
222 0.005258
223 0.005182
224 0.005118
225 0.005064
226 0.004981
227 0.004928
228 0.004875
229 0.004796
230 0.004754
231 0.004698
232 0.004634
233 0.004598
234 0.004538
235 0.004489
236 0.004459
237 0.004395
238 0.004362
239 0.004334
240 0.004262
241 0.004243
242 0.004210
243 0.004159
244 0.004144
245 0.004102
246 0.004066
247 0.004055
248 0.004003
249 0.003982
250 0.003975
251 0.003912
252 0.003907
253 0.003888
254 0.003839
255 0.003836
256 0.003804
257 0.003769
258 0.003768
259 0.003721
260 0.003700
261 0.003700
262 0.003634
263 0.003630
264 0.003619
265 0.003559
266 0.003560
267 0.003531
268 0.003488
269 0.003489
270 0.003441
271 0.003414
272 0.003415
273 0.003347
274 0.003338
275 0.003331
276 0.003256
277 0.003258
278 0.003230
279 0.003174
280 0.003175
281 0.003124
282 0.003085
283 0.003086
284 0.003011
285 0.002992
286 0.002990
287 0.002896
288 0.002896
289 0.002869
290 0.002795
291 0.002795
292 0.002744
293 0.002695
294 0.002695
295 0.002616
296 0.002587
297 0.002587
298 0.002481
299 0.002477
300 0.002455
301 0.002365
302 0.002365
303 0.002315
304 0.002251
305 0.002251
306 0.002179
307 0.002144
308 0.002145
309 0.002037
310 0.002027
311 0.002012
312 0.001907
313 0.001909
314 0.001865
315 0.001787
316 0.001789
317 0.001721
318 0.001678
319 0.001680
320 0.001572
321 0.001552
322 0.001545
323 0.001422
324 0.001423
325 0.001384
326 0.001291
327 0.001292
328 0.001229
329 0.001178
330 0.001178
331 0.001075
