0 0.361342
1 0.000001
2 0.000166
3 0.000165
4 0.000166
5 0.000165
6 0.000165
7 0.000166
8 0.000166
9 0.000165
10 0.000166
11 0.000166
12 0.000166
13 0.000166
14 0.000166
15 0.000166
16 0.000166
17 0.000166
18 0.000251
19 0.000380
20 0.000380
21 0.000380
22 0.000380
23 0.000380
24 0.000469
25 0.000483
26 0.000483
27 0.000483
28 0.000483
29 0.000517
30 0.000583
31 0.000584
32 0.000584
33 0.000584
34 0.000584
35 0.000663
36 0.000682
37 0.000682
38 0.000682
39 0.000683
40 0.000708
41 0.000779
42 0.000779
43 0.000779
44 0.000779
45 0.000780
46 0.000848
47 0.000873
48 0.000873
49 0.000874
50 0.000874
51 0.000892
52 0.000965
53 0.000966
54 0.000966
55 0.000967
56 0.000967
57 0.001026
58 0.001056
59 0.001057
60 0.001057
61 0.001058
62 0.001070
63 0.001145
64 0.001145
65 0.001146
66 0.001147
67 0.001147
68 0.001198
69 0.001232
70 0.001233
71 0.001234
72 0.001235
73 0.001241
74 0.001318
75 0.001319
76 0.001319
77 0.001321
78 0.001321
79 0.001364
80 0.001402
81 0.001403
82 0.001405
83 0.001406
84 0.001407
85 0.001485
86 0.001486
87 0.001487
88 0.001488
89 0.001490
90 0.001526
91 0.001567
92 0.001568
93 0.001570
94 0.001571
95 0.001573
96 0.001641
97 0.001648
98 0.001649
99 0.001651
100 0.001652
101 0.001682
102 0.001725
103 0.001727
104 0.001728
105 0.001730
106 0.001732
107 0.001792
108 0.001803
109 0.001805
110 0.001807
111 0.001809
112 0.001833
113 0.001879
114 0.001881
115 0.001883
116 0.001886
117 0.001888
118 0.001941
119 0.001956
120 0.001958
121 0.001961
122 0.001963
123 0.001982
124 0.002029
125 0.002032
126 0.002034
127 0.002037
128 0.002040
129 0.002086
130 0.002104
131 0.002107
132 0.002111
133 0.002113
134 0.002128
135 0.002176
136 0.002179
137 0.002183
138 0.002186
139 0.002190
140 0.002229
141 0.002251
142 0.002254
143 0.002258
144 0.002262
145 0.002273
146 0.002321
147 0.002325
148 0.002329
149 0.002333
150 0.002337
151 0.002370
152 0.002394
153 0.002398
154 0.002402
155 0.002407
156 0.002414
157 0.002462
158 0.002467
159 0.002471
160 0.002476
161 0.002479
162 0.002505
163 0.002528
164 0.002530
165 0.002531
166 0.002533
167 0.002534
168 0.002578
169 0.002580
170 0.002581
171 0.002582
172 0.002583
173 0.002603
174 0.002626
175 0.002627
176 0.002628
177 0.002628
178 0.002629
179 0.002668
180 0.002671
181 0.002671
182 0.002672
183 0.002673
184 0.002689
185 0.002714
186 0.002715
187 0.002715
188 0.002716
189 0.002716
190 0.002751
191 0.002757
192 0.002757
193 0.002758
194 0.002759
195 0.002772
196 0.002798
197 0.002799
198 0.002800
199 0.002800
200 0.002801
201 0.002832
202 0.002839
203 0.002839
204 0.002839
205 0.002839
206 0.002848
207 0.002874
208 0.002873
209 0.002873
210 0.002873
211 0.002872
212 0.002898
213 0.002907
214 0.002907
215 0.002907
216 0.002908
217 0.002915
218 0.002942
219 0.002943
220 0.002943
221 0.002944
222 0.002945
223 0.002968
224 0.002980
225 0.002981
226 0.002982
227 0.002983
228 0.002989
229 0.003018
230 0.003019
231 0.003021
232 0.003023
233 0.003024
234 0.003045
235 0.003060
236 0.003062
237 0.003064
238 0.003066
239 0.003070
240 0.003101
241 0.003104
242 0.003106
243 0.003109
244 0.003111
245 0.003129
246 0.003146
247 0.003148
248 0.003150
249 0.003152
250 0.003155
251 0.003186
252 0.003188
253 0.003191
254 0.003194
255 0.003196
256 0.003211
257 0.003227
258 0.003228
259 0.003229
260 0.003229
261 0.003230
262 0.003256
263 0.003258
264 0.003258
265 0.003258
266 0.003259
267 0.003269
268 0.003285
269 0.003285
270 0.003285
271 0.003286
272 0.003286
273 0.003308
274 0.003313
275 0.003313
276 0.003314
277 0.003314
278 0.003323
279 0.003340
280 0.003340
281 0.003341
282 0.003340
283 0.003339
284 0.003356
285 0.003358
286 0.003356
287 0.003354
288 0.003352
289 0.003356
290 0.003371
291 0.003369
292 0.003367
293 0.003365
294 0.003364
295 0.003377
296 0.003381
297 0.003379
298 0.003378
299 0.003376
300 0.003379
301 0.003393
302 0.003391
303 0.003390
304 0.003388
305 0.003387
306 0.003398
307 0.003403
308 0.003402
309 0.003401
310 0.003399
311 0.003400
312 0.003414
313 0.003413
314 0.003412
315 0.003411
316 0.003410
317 0.003419
318 0.003424
319 0.003423
320 0.003422
321 0.003421
322 0.003421
323 0.003435
324 0.003434
325 0.003433
326 0.003432
327 0.003431
328 0.003438
329 0.003444
330 0.003443
331 0.003441
