0 0.361342
1 0.000001
2 0.000149
3 0.000149
4 0.000149
5 0.000149
6 0.000148
7 0.000148
8 0.000149
9 0.000148
10 0.000148
11 0.000148
12 0.000148
13 0.000147
14 0.000148
15 0.000147
16 0.000147
17 0.000147
18 0.000146
19 0.000146
20 0.000146
21 0.000146
22 0.000146
23 0.000145
24 0.000145
25 0.000145
26 0.000190
27 0.000591
28 0.000588
29 0.000586
30 0.000583
31 0.000581
32 0.000579
33 0.000577
34 0.000574
35 0.000811
36 0.000866
37 0.000861
38 0.000856
39 0.000851
40 0.000901
41 0.001044
42 0.001038
43 0.001104
44 0.001169
45 0.001160
46 0.001263
47 0.001294
48 0.001285
49 0.001430
50 0.001425
51 0.001448
52 0.001570
53 0.001559
54 0.001625
55 0.001712
56 0.001701
57 0.001808
58 0.001855
59 0.001841
60 0.001988
61 0.001990
62 0.002001
63 0.002146
64 0.002129
65 0.002184
66 0.002289
67 0.002275
68 0.002376
69 0.002430
70 0.002401
71 0.002534
72 0.002532
73 0.002509
74 0.002655
75 0.002614
76 0.002630
77 0.002719
78 0.002675
79 0.002736
80 0.002783
81 0.002739
82 0.002898
83 0.002920
84 0.002889
85 0.003179
86 0.003136
87 0.003157
88 0.003336
89 0.003277
90 0.003334
91 0.003395
92 0.003309
93 0.003417
94 0.003419
95 0.003359
96 0.003520
97 0.003478
98 0.003461
99 0.003590
100 0.003523
101 0.003540
102 0.003581
103 0.003502
104 0.003540
105 0.003536
106 0.003487
107 0.003594
108 0.003566
109 0.003531
110 0.003631
111 0.003589
112 0.003593
113 0.003643
114 0.003600
115 0.003645
116 0.003676
117 0.003645
118 0.003725
119 0.003716
120 0.003681
121 0.003767
122 0.003732
123 0.003749
124 0.003841
125 0.003846
126 0.003909
127 0.003973
128 0.003978
129 0.004067
130 0.004102
131 0.004108
132 0.004220
133 0.004229
134 0.004256
135 0.004347
136 0.004353
137 0.004403
138 0.004468
139 0.004474
140 0.004545
141 0.004583
142 0.004588
143 0.004678
144 0.004693
145 0.004710
146 0.004794
147 0.004799
148 0.004836
149 0.004897
150 0.004902
151 0.004958
152 0.004996
153 0.005002
154 0.005074
155 0.005093
156 0.005105
157 0.005181
158 0.005188
159 0.005216
160 0.005273
161 0.005280
162 0.005324
163 0.005363
164 0.005371
165 0.005426
166 0.005449
167 0.005456
168 0.005523
169 0.005531
170 0.005553
171 0.005603
172 0.005611
173 0.005642
174 0.005677
175 0.005684
176 0.005724
177 0.005746
178 0.005754
179 0.005801
180 0.005812
181 0.005826
182 0.005867
183 0.005877
184 0.005901
185 0.005931
186 0.005941
187 0.005968
188 0.005985
189 0.005992
190 0.006020
191 0.006030
192 0.006039
193 0.006063
194 0.006070
195 0.006081
196 0.006095
197 0.006099
198 0.006109
199 0.006118
200 0.006122
201 0.006130
202 0.006134
203 0.006136
204 0.006139
205 0.006141
206 0.006142
207 0.006141
208 0.006143
209 0.006141
210 0.006139
211 0.006142
212 0.006135
213 0.006134
214 0.006136
215 0.006122
216 0.006123
217 0.006122
218 0.006106
219 0.006109
220 0.006100
221 0.006087
222 0.006089
223 0.006071
224 0.006064
225 0.006064
226 0.006026
227 0.006018
228 0.006006
229 0.005966
230 0.005960
231 0.005938
232 0.005904
233 0.005898
234 0.005863
235 0.005838
236 0.005832
237 0.005782
238 0.005767
239 0.005758
240 0.005699
241 0.005694
242 0.005672
243 0.005625
244 0.005622
245 0.005584
246 0.005552
247 0.005550
248 0.005493
249 0.005475
250 0.005475
251 0.005399
252 0.005400
253 0.005382
254 0.005321
255 0.005322
256 0.005284
257 0.005240
258 0.005241
259 0.005180
260 0.005155
261 0.005156
262 0.005069
263 0.005065
264 0.005050
265 0.004970
266 0.004971
267 0.004932
268 0.004872
269 0.004875
270 0.004808
271 0.004770
272 0.004771
273 0.004674
274 0.004662
275 0.004653
276 0.004550
277 0.004553
278 0.004515
279 0.004437
280 0.004441
281 0.004373
282 0.004322
283 0.004326
284 0.004225
285 0.004204
286 0.004206
287 0.004080
288 0.004087
289 0.004055
290 0.003956
291 0.003962
292 0.003894
293 0.003825
294 0.003830
295 0.003724
296 0.003688
297 0.003693
298 0.003545
299 0.003545
300 0.003517
301 0.003391
302 0.003396
303 0.003327
304 0.003235
305 0.003239
306 0.003124
307 0.003067
308 0.003068
309 0.002908
310 0.002891
311 0.002866
312 0.002707
313 0.002708
314 0.002640
315 0.002521
316 0.002521
317 0.002405
318 0.002328
319 0.002328
320 0.002163
321 0.002130
322 0.002117
323 0.001927
324 0.001928
325 0.001866
326 0.001721
327 0.001722
328 0.001608
329 0.001508
330 0.001509
331 0.001341
