0 0.361342
1 0.000001
2 0.000378
3 0.000378
4 0.000378
5 0.000378
6 0.000378
7 0.000614
8 0.000885
9 0.000885
10 0.001097
11 0.001188
12 0.001188
13 0.001447
14 0.001465
15 0.001507
16 0.001717
17 0.001716
18 0.001806
19 0.001942
20 0.001941
21 0.002067
22 0.002140
23 0.002140
24 0.002290
25 0.002313
26 0.002331
27 0.002493
28 0.002492
29 0.002531
30 0.002611
31 0.002610
32 0.002662
33 0.002702
34 0.002700
35 0.002769
36 0.002785
37 0.002784
38 0.002823
39 0.002822
40 0.002827
41 0.002845
42 0.002843
43 0.002839
44 0.002835
45 0.002832
46 0.002809
47 0.002797
48 0.002795
49 0.002738
50 0.002733
51 0.002714
52 0.002644
53 0.002640
54 0.002590
55 0.002526
56 0.002522
57 0.002428
58 0.002380
59 0.002376
60 0.002196
61 0.002172
62 0.002153
63 0.002064
64 0.002060
65 0.001921
66 0.001734
67 0.001731
68 0.001620
69 0.001552
70 0.001550
71 0.001406
72 0.001383
73 0.001370
74 0.001289
75 0.001288
76 0.001271
77 0.001253
78 0.001253
79 0.001249
80 0.001257
81 0.001257
82 0.001315
83 0.001336
84 0.001336
85 0.001446
86 0.001447
87 0.001472
88 0.001554
89 0.001554
90 0.001604
91 0.001660
92 0.001661
93 0.001732
94 0.001764
95 0.001765
96 0.001857
97 0.001865
98 0.001882
99 0.001963
100 0.001965
101 0.002004
102 0.002061
103 0.002063
104 0.002121
105 0.002156
106 0.002158
107 0.002219
108 0.002232
109 0.002243
110 0.002321
111 0.002324
112 0.002354
113 0.002412
114 0.002415
115 0.002463
116 0.002501
117 0.002505
118 0.002571
119 0.002590
120 0.002597
121 0.002673
122 0.002678
123 0.002702
124 0.002759
125 0.002765
126 0.002807
127 0.002847
128 0.002851
129 0.002902
130 0.002923
131 0.002927
132 0.002994
133 0.003000
134 0.003016
135 0.003067
136 0.003071
137 0.003101
138 0.003138
139 0.003143
140 0.003183
141 0.003204
142 0.003206
143 0.003254
144 0.003259
145 0.003265
146 0.003305
147 0.003304
148 0.003318
149 0.003346
150 0.003342
151 0.003364
152 0.003376
153 0.003371
154 0.003400
155 0.003400
156 0.003396
157 0.003423
158 0.003416
159 0.003418
160 0.003434
161 0.003425
162 0.003432
163 0.003437
164 0.003428
165 0.003441
166 0.003441
167 0.003438
168 0.003458
169 0.003454
170 0.003455
171 0.003467
172 0.003462
173 0.003465
174 0.003468
175 0.003461
176 0.003464
177 0.003462
178 0.003455
179 0.003462
180 0.003462
181 0.003464
182 0.003473
183 0.003472
184 0.003473
185 0.003476
186 0.003473
187 0.003473
188 0.003470
189 0.003464
190 0.003463
191 0.003461
192 0.003457
193 0.003454
194 0.003451
195 0.003447
196 0.003442
197 0.003440
198 0.003434
199 0.003428
200 0.003424
201 0.003413
202 0.003406
203 0.003400
204 0.003383
205 0.003376
206 0.003367
207 0.003352
208 0.003347
209 0.003334
210 0.003319
211 0.003311
212 0.003290
213 0.003274
214 0.003262
215 0.003227
216 0.003212
217 0.003190
218 0.003153
219 0.003133
220 0.003101
221 0.003063
222 0.003041
223 0.003009
224 0.002994
225 0.002991
226 0.002957
227 0.002948
228 0.002938
229 0.002906
230 0.002899
231 0.002879
232 0.002850
233 0.002843
234 0.002815
235 0.002793
236 0.002784
237 0.002743
238 0.002732
239 0.002726
240 0.002686
241 0.002686
242 0.002673
243 0.002643
244 0.002645
245 0.002624
246 0.002604
247 0.002606
248 0.002570
249 0.002561
250 0.002563
251 0.002516
252 0.002518
253 0.002508
254 0.002468
255 0.002470
256 0.002447
257 0.002420
258 0.002422
259 0.002381
260 0.002365
261 0.002367
262 0.002311
263 0.002309
264 0.002301
265 0.002259
266 0.002261
267 0.002237
268 0.002200
269 0.002202
270 0.002159
271 0.002135
272 0.002137
273 0.002072
274 0.002063
275 0.002056
276 0.001987
277 0.001988
278 0.001964
279 0.001915
280 0.001916
281 0.001870
282 0.001837
283 0.001839
284 0.001778
285 0.001764
286 0.001764
287 0.001680
288 0.001683
289 0.001663
290 0.001602
291 0.001605
292 0.001559
293 0.001514
294 0.001517
295 0.001445
296 0.001422
297 0.001424
298 0.001326
299 0.001325
300 0.001305
301 0.001223
302 0.001224
303 0.001183
304 0.001130
305 0.001130
306 0.001057
307 0.001020
308 0.001021
309 0.000919
310 0.000908
311 0.000896
312 0.000811
313 0.000811
314 0.000767
315 0.000690
316 0.000691
317 0.000617
318 0.000567
319 0.000568
320 0.000484
321 0.000473
322 0.000465
323 0.000354
324 0.000354
325 0.000308
326 0.000216
327 0.000216
328 0.000123
329 0.000127
330 0.000127
331 0.000127
