0 0.361342
1 0.000001
2 0.000675
3 0.000675
4 0.000674
5 0.000904
6 0.001426
7 0.001720
8 0.002058
9 0.002364
10 0.002546
11 0.002892
12 0.002983
13 0.003360
14 0.003412
15 0.003741
16 0.003812
17 0.004050
18 0.004154
19 0.004313
20 0.004436
21 0.004530
22 0.004597
23 0.004616
24 0.004739
25 0.004747
26 0.004850
27 0.004850
28 0.004902
29 0.004903
30 0.004918
31 0.004874
32 0.004825
33 0.004777
34 0.004736
35 0.004651
36 0.004610
37 0.004462
38 0.004418
39 0.004296
40 0.004226
41 0.004092
42 0.004041
43 0.003997
44 0.003834
45 0.003754
46 0.003710
47 0.003696
48 0.003640
49 0.003630
50 0.003598
51 0.003593
52 0.003571
53 0.003578
54 0.003601
55 0.003633
56 0.003674
57 0.003731
58 0.003766
59 0.003830
60 0.003856
61 0.003938
62 0.003961
63 0.004018
64 0.004051
65 0.004111
66 0.004148
67 0.004192
68 0.004238
69 0.004272
70 0.004321
71 0.004340
72 0.004394
73 0.004404
74 0.004452
75 0.004461
76 0.004497
77 0.004513
78 0.004542
79 0.004586
80 0.004640
81 0.004667
82 0.004681
83 0.004739
84 0.004751
85 0.004776
86 0.004785
87 0.004846
88 0.004857
89 0.004875
90 0.004902
91 0.004934
92 0.004961
93 0.004981
94 0.005011
95 0.005025
96 0.005060
97 0.005072
98 0.005102
99 0.005114
100 0.005137
101 0.005148
102 0.005159
103 0.005164
104 0.005164
105 0.005164
106 0.005155
107 0.005148
108 0.005134
109 0.005124
110 0.005106
111 0.005088
112 0.005069
113 0.005057
114 0.005043
115 0.005024
116 0.005002
117 0.004979
118 0.004953
119 0.004937
120 0.004917
121 0.004905
122 0.004895
123 0.004901
124 0.004911
125 0.004932
126 0.004955
127 0.004979
128 0.005007
129 0.005029
130 0.005064
131 0.005082
132 0.005122
133 0.005137
134 0.005176
135 0.005193
136 0.005226
137 0.005248
138 0.005275
139 0.005302
140 0.005320
141 0.005353
142 0.005359
143 0.005399
144 0.005391
145 0.005429
146 0.005423
147 0.005452
148 0.005453
149 0.005469
150 0.005477
151 0.005479
152 0.005495
153 0.005481
154 0.005506
155 0.005472
156 0.005500
157 0.005451
158 0.005452
159 0.005388
160 0.005347
161 0.005268
162 0.005184
163 0.005097
164 0.004980
165 0.004919
166 0.004848
167 0.004875
168 0.004772
169 0.004800
170 0.004768
171 0.004762
172 0.004698
173 0.004693
174 0.004681
175 0.004621
176 0.004600
177 0.004544
178 0.004558
179 0.004455
180 0.004471
181 0.004378
182 0.004375
183 0.004283
184 0.004263
185 0.004212
186 0.004145
187 0.004099
188 0.003980
189 0.003950
190 0.003865
191 0.003874
192 0.003680
193 0.003670
194 0.003522
195 0.003491
196 0.003400
197 0.003312
198 0.003219
199 0.003070
200 0.002995
201 0.002819
202 0.002787
203 0.002690
204 0.002664
205 0.002415
206 0.002353
207 0.002161
208 0.002071
209 0.001952
210 0.001741
211 0.001593
212 0.001401
213 0.001339
214 0.001122
215 0.001115
216 0.001111
217 0.001044
218 0.000935
219 0.000651
220 0.000200
221 0.000200
222 0.000200
223 0.000200
224 0.000200
225 0.000199
226 0.000199
227 0.000199
228 0.000316
229 0.001373
230 0.001423
231 0.001630
232 0.001748
233 0.001897
234 0.002062
235 0.002167
236 0.002268
237 0.002305
238 0.002534
239 0.002566
240 0.002795
241 0.002816
242 0.002925
243 0.003007
244 0.003148
245 0.003263
246 0.003362
247 0.003468
248 0.003509
249 0.003688
250 0.003710
251 0.003874
252 0.003893
253 0.004060
254 0.004095
255 0.004194
256 0.004276
257 0.004371
258 0.004453
259 0.004499
260 0.004641
261 0.004673
262 0.004796
263 0.004813
264 0.004976
265 0.005000
266 0.005094
267 0.005197
268 0.005357
269 0.005428
270 0.005489
271 0.005597
272 0.005648
273 0.005784
274 0.005820
275 0.005968
276 0.006006
277 0.006135
278 0.006197
279 0.006305
280 0.006392
281 0.006483
282 0.006590
283 0.006665
284 0.006793
285 0.006841
286 0.007000
287 0.007039
288 0.007161
289 0.007208
290 0.007306
291 0.007368
292 0.007445
293 0.007517
294 0.007574
295 0.007658
296 0.007694
297 0.007787
298 0.007807
299 0.007900
300 0.007921
301 0.008001
302 0.008026
303 0.008073
304 0.008104
305 0.008129
306 0.008157
307 0.008153
308 0.008173
309 0.008137
310 0.008145
311 0.008096
312 0.008089
313 0.008048
314 0.008033
315 0.007995
316 0.007963
317 0.007931
318 0.007890
319 0.007864
320 0.007819
321 0.007801
322 0.007757
323 0.007742
324 0.007704
325 0.007687
326 0.007662
327 0.007650
328 0.007632
329 0.007616
330 0.007604
331 0.007586
