0 0.361342
1 0.000001
2 0.000331
3 0.000331
4 0.000331
5 0.000331
6 0.000331
7 0.000331
8 0.000331
9 0.000331
10 0.000631
11 0.000759
12 0.000760
13 0.000952
14 0.000966
15 0.001000
16 0.001167
17 0.001168
18 0.001246
19 0.001364
20 0.001365
21 0.001487
22 0.001558
23 0.001559
24 0.001721
25 0.001747
26 0.001767
27 0.001931
28 0.001933
29 0.001993
30 0.002113
31 0.002115
32 0.002215
33 0.002292
34 0.002294
35 0.002431
36 0.002467
37 0.002476
38 0.002636
39 0.002640
40 0.002686
41 0.002806
42 0.002811
43 0.002892
44 0.002974
45 0.002979
46 0.003093
47 0.003139
48 0.003145
49 0.003290
50 0.003300
51 0.003334
52 0.003452
53 0.003459
54 0.003525
55 0.003609
56 0.003618
57 0.003713
58 0.003765
59 0.003775
60 0.003897
61 0.003920
62 0.003947
63 0.004062
64 0.004073
65 0.004127
66 0.004213
67 0.004225
68 0.004305
69 0.004364
70 0.004378
71 0.004481
72 0.004514
73 0.004536
74 0.004647
75 0.004664
76 0.004709
77 0.004794
78 0.004811
79 0.004878
80 0.004940
81 0.004956
82 0.005033
83 0.005060
84 0.005066
85 0.005157
86 0.005162
87 0.005185
88 0.005252
89 0.005254
90 0.005294
91 0.005340
92 0.005343
93 0.005401
94 0.005427
95 0.005430
96 0.005506
97 0.005513
98 0.005529
99 0.005595
100 0.005598
101 0.005631
102 0.005675
103 0.005674
104 0.005718
105 0.005743
106 0.005742
107 0.005802
108 0.005812
109 0.005819
110 0.005882
111 0.005885
112 0.005910
113 0.005958
114 0.005963
115 0.006005
116 0.006039
117 0.006046
118 0.006103
119 0.006124
120 0.006135
121 0.006204
122 0.006214
123 0.006240
124 0.006293
125 0.006301
126 0.006339
127 0.006378
128 0.006388
129 0.006435
130 0.006454
131 0.006456
132 0.006510
133 0.006512
134 0.006524
135 0.006566
136 0.006567
137 0.006591
138 0.006622
139 0.006625
140 0.006659
141 0.006678
142 0.006675
143 0.006708
144 0.006705
145 0.006703
146 0.006734
147 0.006727
148 0.006735
149 0.006755
150 0.006748
151 0.006766
152 0.006776
153 0.006770
154 0.006796
155 0.006797
156 0.006794
157 0.006823
158 0.006818
159 0.006823
160 0.006842
161 0.006838
162 0.006851
163 0.006862
164 0.006858
165 0.006877
166 0.006878
167 0.006871
168 0.006890
169 0.006883
170 0.006883
171 0.006896
172 0.006889
173 0.006894
174 0.006899
175 0.006892
176 0.006900
177 0.006900
178 0.006892
179 0.006903
180 0.006895
181 0.006886
182 0.006887
183 0.006870
184 0.006855
185 0.006843
186 0.006818
187 0.006797
188 0.006772
189 0.006743
190 0.006723
191 0.006694
192 0.006666
193 0.006643
194 0.006613
195 0.006584
196 0.006558
197 0.006526
198 0.006498
199 0.006468
200 0.006435
201 0.006405
202 0.006376
203 0.006344
204 0.006315
205 0.006283
206 0.006251
207 0.006219
208 0.006186
209 0.006152
210 0.006120
211 0.006088
212 0.006055
213 0.006023
214 0.005992
215 0.005957
216 0.005926
217 0.005894
218 0.005858
219 0.005828
220 0.005794
221 0.005759
222 0.005728
223 0.005693
224 0.005662
225 0.005634
226 0.005597
227 0.005568
228 0.005539
229 0.005501
230 0.005473
231 0.005441
232 0.005405
233 0.005377
234 0.005340
235 0.005307
236 0.005279
237 0.005239
238 0.005210
239 0.005184
240 0.005141
241 0.005109
242 0.005069
243 0.005021
244 0.004986
245 0.004941
246 0.004897
247 0.004862
248 0.004811
249 0.004772
250 0.004737
251 0.004681
252 0.004647
253 0.004608
254 0.004558
255 0.004526
256 0.004485
257 0.004450
258 0.004427
259 0.004389
260 0.004361
261 0.004342
262 0.004300
263 0.004281
264 0.004260
265 0.004223
266 0.004207
267 0.004181
268 0.004149
269 0.004135
270 0.004103
271 0.004080
272 0.004067
273 0.004030
274 0.004015
275 0.004001
276 0.003962
277 0.003952
278 0.003930
279 0.003899
280 0.003890
281 0.003863
282 0.003841
283 0.003833
284 0.003798
285 0.003782
286 0.003772
287 0.003730
288 0.003720
289 0.003702
290 0.003667
291 0.003657
292 0.003630
293 0.003602
294 0.003592
295 0.003556
296 0.003537
297 0.003527
298 0.003482
299 0.003469
300 0.003447
301 0.003399
302 0.003383
303 0.003350
304 0.003313
305 0.003297
306 0.003255
307 0.003227
308 0.003212
309 0.003161
310 0.003143
311 0.003123
312 0.003073
313 0.003059
314 0.003030
315 0.002990
316 0.002977
317 0.002938
318 0.002908
319 0.002895
320 0.002846
321 0.002827
322 0.002812
323 0.002760
324 0.002748
325 0.002724
326 0.002683
327 0.002672
328 0.002639
329 0.002609
330 0.002599
331 0.002556
