0 0.361342
1 0.000001
2 0.000196
3 0.000196
4 0.000196
5 0.000197
6 0.000196
7 0.000196
8 0.000196
9 0.000196
10 0.000197
11 0.000197
12 0.000197
13 0.000206
14 0.000209
15 0.000209
16 0.000209
17 0.000209
18 0.000227
19 0.000257
20 0.000257
21 0.000258
22 0.000257
23 0.000258
24 0.000308
25 0.000316
26 0.000317
27 0.000316
28 0.000317
29 0.000353
30 0.000447
31 0.000448
32 0.000448
33 0.000449
34 0.000449
35 0.000487
36 0.000498
37 0.000498
38 0.000499
39 0.000500
40 0.000517
41 0.000585
42 0.000585
43 0.000586
44 0.000587
45 0.000588
46 0.000614
47 0.000625
48 0.000627
49 0.000627
50 0.000628
51 0.000646
52 0.000711
53 0.000712
54 0.000714
55 0.000715
56 0.000717
57 0.000742
58 0.000755
59 0.000756
60 0.000758
61 0.000759
62 0.000770
63 0.000832
64 0.000833
65 0.000836
66 0.000837
67 0.000839
68 0.000861
69 0.000876
70 0.000878
71 0.000879
72 0.000881
73 0.000887
74 0.000943
75 0.000945
76 0.000947
77 0.000949
78 0.000951
79 0.000969
80 0.000986
81 0.000988
82 0.000990
83 0.000991
84 0.000993
85 0.001043
86 0.001045
87 0.001047
88 0.001048
89 0.001051
90 0.001066
91 0.001084
92 0.001085
93 0.001087
94 0.001088
95 0.001090
96 0.001127
97 0.001131
98 0.001133
99 0.001136
100 0.001138
101 0.001151
102 0.001169
103 0.001172
104 0.001175
105 0.001177
106 0.001180
107 0.001207
108 0.001213
109 0.001216
110 0.001220
111 0.001222
112 0.001233
113 0.001253
114 0.001256
115 0.001260
116 0.001263
117 0.001266
118 0.001286
119 0.001293
120 0.001296
121 0.001300
122 0.001304
123 0.001311
124 0.001326
125 0.001329
126 0.001333
127 0.001336
128 0.001340
129 0.001358
130 0.001367
131 0.001371
132 0.001376
133 0.001381
134 0.001386
135 0.001394
136 0.001399
137 0.001402
138 0.001407
139 0.001412
140 0.001427
141 0.001436
142 0.001441
143 0.001444
144 0.001449
145 0.001453
146 0.001454
147 0.001457
148 0.001461
149 0.001465
150 0.001468
151 0.001480
152 0.001489
153 0.001493
154 0.001496
155 0.001500
156 0.001502
157 0.001495
158 0.001499
159 0.001501
160 0.001504
161 0.001507
162 0.001515
163 0.001523
164 0.001526
165 0.001529
166 0.001531
167 0.001534
168 0.001534
169 0.001537
170 0.001539
171 0.001542
172 0.001545
173 0.001552
174 0.001560
175 0.001562
176 0.001565
177 0.001568
178 0.001570
179 0.001572
180 0.001574
181 0.001576
182 0.001579
183 0.001582
184 0.001588
185 0.001596
186 0.001599
187 0.001601
188 0.001604
189 0.001606
190 0.001607
191 0.001609
192 0.001611
193 0.001614
194 0.001616
195 0.001622
196 0.001632
197 0.001634
198 0.001636
199 0.001638
200 0.001640
201 0.001641
202 0.001642
203 0.001644
204 0.001646
205 0.001648
206 0.001650
207 0.001655
208 0.001656
209 0.001658
210 0.001660
211 0.001663
212 0.001670
213 0.001675
214 0.001677
215 0.001679
216 0.001680
217 0.001683
218 0.001685
219 0.001688
220 0.001689
221 0.001691
222 0.001693
223 0.001692
224 0.001694
225 0.001695
226 0.001697
227 0.001698
228 0.001701
229 0.001713
230 0.001715
231 0.001716
232 0.001717
233 0.001719
234 0.001718
235 0.001719
236 0.001720
237 0.001721
238 0.001723
239 0.001724
240 0.001725
241 0.001727
242 0.001728
243 0.001729
244 0.001730
245 0.001734
246 0.001738
247 0.001739
248 0.001740
249 0.001740
250 0.001741
251 0.001741
252 0.001742
253 0.001742
254 0.001743
255 0.001744
256 0.001742
257 0.001740
258 0.001741
259 0.001741
260 0.001742
261 0.001742
262 0.001749
263 0.001750
264 0.001750
265 0.001750
266 0.001750
267 0.001749
268 0.001746
269 0.001746
270 0.001746
271 0.001746
272 0.001746
273 0.001745
274 0.001745
275 0.001744
276 0.001744
277 0.001744
278 0.001745
279 0.001746
280 0.001745
281 0.001745
282 0.001745
283 0.001745
284 0.001742
285 0.001742
286 0.001741
287 0.001741
288 0.001740
289 0.001738
290 0.001734
291 0.001733
292 0.001732
293 0.001732
294 0.001731
295 0.001731
296 0.001731
297 0.001730
298 0.001729
299 0.001728
300 0.001726
301 0.001720
302 0.001719
303 0.001717
304 0.001716
305 0.001715
306 0.001711
307 0.001709
308 0.001707
309 0.001706
310 0.001704
311 0.001702
312 0.001696
313 0.001695
314 0.001693
315 0.001691
316 0.001689
317 0.001685
318 0.001681
319 0.001679
320 0.001677
321 0.001675
322 0.001673
323 0.001667
324 0.001664
325 0.001662
326 0.001660
327 0.001657
328 0.001651
329 0.001644
330 0.001642
331 0.001639
