0 0.361342
1 0.000001
2 0.000415
3 0.000487
4 0.000910
5 0.001060
6 0.001393
7 0.001606
8 0.001848
9 0.002106
10 0.002261
11 0.002552
12 0.002635
13 0.002948
14 0.002997
15 0.003267
16 0.003330
17 0.003523
18 0.003716
19 0.004003
20 0.004101
21 0.004180
22 0.004278
23 0.004318
24 0.004559
25 0.004597
26 0.004656
27 0.004681
28 0.004800
29 0.004823
30 0.004871
31 0.004889
32 0.004907
33 0.004909
34 0.004909
35 0.004886
36 0.004877
37 0.004821
38 0.004804
39 0.004718
40 0.004681
41 0.004586
42 0.004516
43 0.004422
44 0.004309
45 0.004226
46 0.004061
47 0.004000
48 0.003776
49 0.003734
50 0.003469
51 0.003407
52 0.003169
53 0.003058
54 0.002869
55 0.002800
56 0.002747
57 0.002785
58 0.002810
59 0.002877
60 0.002895
61 0.002989
62 0.003009
63 0.003109
64 0.003146
65 0.003234
66 0.003290
67 0.003361
68 0.003437
69 0.003489
70 0.003583
71 0.003616
72 0.003728
73 0.003748
74 0.003860
75 0.003887
76 0.003978
77 0.004022
78 0.004093
79 0.004151
80 0.004203
81 0.004275
82 0.004308
83 0.004394
84 0.004411
85 0.004509
86 0.004526
87 0.004608
88 0.004639
89 0.004704
90 0.004749
91 0.004800
92 0.004857
93 0.004896
94 0.004965
95 0.004995
96 0.005077
97 0.005105
98 0.005187
99 0.005226
100 0.005301
101 0.005355
102 0.005426
103 0.005495
104 0.005561
105 0.005644
106 0.005706
107 0.005801
108 0.005862
109 0.005969
110 0.006039
111 0.006146
112 0.006232
113 0.006339
114 0.006441
115 0.006550
116 0.006670
117 0.006787
118 0.006930
119 0.007060
120 0.007231
121 0.007392
122 0.007599
123 0.007814
124 0.008076
125 0.008370
126 0.008692
127 0.009020
128 0.009351
129 0.009687
130 0.010007
131 0.010317
132 0.010588
133 0.010758
134 0.010423
135 0.010185
136 0.009963
137 0.009740
138 0.009502
139 0.009263
140 0.009028
141 0.008891
142 0.008778
143 0.008670
144 0.008534
145 0.008409
146 0.008253
147 0.008115
148 0.007961
149 0.007816
150 0.007668
151 0.007519
152 0.007386
153 0.007237
154 0.007127
155 0.006983
156 0.006892
157 0.006758
158 0.006677
159 0.006565
160 0.006481
161 0.006385
162 0.006305
163 0.006235
164 0.006150
165 0.006100
166 0.006010
167 0.005981
168 0.005881
169 0.005857
170 0.005773
171 0.005737
172 0.005668
173 0.005620
174 0.005565
175 0.005499
176 0.005460
177 0.005378
178 0.005356
179 0.005253
180 0.005239
181 0.005134
182 0.005108
183 0.005020
184 0.004973
185 0.004900
186 0.004830
187 0.004775
188 0.004679
189 0.004642
190 0.004519
191 0.004498
192 0.004355
193 0.004327
194 0.004203
195 0.004151
196 0.004052
197 0.003973
198 0.003890
199 0.003783
200 0.003724
201 0.003589
202 0.003555
203 0.003390
204 0.003365
205 0.003221
206 0.003176
207 0.003046
208 0.002971
209 0.002868
210 0.002763
211 0.002688
212 0.002564
213 0.002523
214 0.002352
215 0.002325
216 0.002137
217 0.002098
218 0.001938
219 0.001877
220 0.001769
221 0.001666
222 0.001570
223 0.001438
224 0.001374
225 0.001250
226 0.001226
227 0.001054
228 0.001020
229 0.000847
230 0.000851
231 0.000861
232 0.000980
233 0.001452
234 0.002452
235 0.003163
236 0.004561
237 0.005017
238 0.006370
239 0.006606
240 0.008011
241 0.008286
242 0.009242
243 0.009640
244 0.010294
245 0.010779
246 0.011203
247 0.011735
248 0.011974
249 0.012522
250 0.012624
251 0.013012
252 0.013050
253 0.013269
254 0.013316
255 0.013422
256 0.013404
257 0.013384
258 0.013263
259 0.013190
260 0.012919
261 0.012838
262 0.012369
263 0.012270
264 0.011672
265 0.011470
266 0.010864
267 0.010483
268 0.009918
269 0.009281
270 0.008775
271 0.007982
272 0.007666
273 0.006677
274 0.006501
275 0.005195
276 0.005079
277 0.004584
278 0.004557
279 0.004509
280 0.004477
281 0.004451
282 0.004420
283 0.004409
284 0.004385
285 0.004381
286 0.004384
287 0.004384
288 0.004391
289 0.004394
290 0.004409
291 0.004423
292 0.004446
293 0.004467
294 0.004488
295 0.004529
296 0.004546
297 0.004605
298 0.004620
299 0.004696
300 0.004718
301 0.004793
302 0.004831
303 0.004899
304 0.004959
305 0.005020
306 0.005100
307 0.005152
308 0.005254
309 0.005294
310 0.005418
311 0.005458
312 0.005575
313 0.005633
314 0.005737
315 0.005814
316 0.005904
317 0.005997
318 0.006072
319 0.006184
320 0.006243
321 0.006373
322 0.006423
323 0.006557
324 0.006616
325 0.006735
326 0.006811
327 0.006914
328 0.007005
329 0.007094
330 0.007203
331 0.007277
