0 0.361342
1 0.000001
2 0.001343
3 0.001341
4 0.001338
5 0.001336
6 0.001333
7 0.001374
8 0.001427
9 0.001426
10 0.001424
11 0.001421
12 0.001418
13 0.002072
14 0.002121
15 0.002117
16 0.002113
17 0.002109
18 0.002419
19 0.002899
20 0.002893
21 0.002888
22 0.002883
23 0.002878
24 0.003852
25 0.003991
26 0.003976
27 0.003961
28 0.003946
29 0.004178
30 0.004653
31 0.004631
32 0.004609
33 0.004588
34 0.004566
35 0.005084
36 0.005191
37 0.005161
38 0.005134
39 0.005104
40 0.005239
41 0.005655
42 0.005618
43 0.005583
44 0.005548
45 0.005515
46 0.005884
47 0.005991
48 0.005953
49 0.005918
50 0.005882
51 0.005949
52 0.006307
53 0.006271
54 0.006238
55 0.006204
56 0.006173
57 0.006439
58 0.006554
59 0.006524
60 0.006496
61 0.006469
62 0.006496
63 0.006812
64 0.006787
65 0.006760
66 0.006737
67 0.006712
68 0.006900
69 0.007018
70 0.006991
71 0.006967
72 0.006943
73 0.006940
74 0.007207
75 0.007180
76 0.007155
77 0.007130
78 0.007106
79 0.007226
80 0.007326
81 0.007300
82 0.007271
83 0.007243
84 0.007215
85 0.007422
86 0.007392
87 0.007361
88 0.007332
89 0.007304
90 0.007370
91 0.007453
92 0.007431
93 0.007414
94 0.007403
95 0.007397
96 0.007556
97 0.007574
98 0.007587
99 0.007608
100 0.007635
101 0.007726
102 0.007854
103 0.007903
104 0.007961
105 0.008026
106 0.008101
107 0.008288
108 0.008394
109 0.008469
110 0.008486
111 0.008475
112 0.008480
113 0.008509
114 0.008474
115 0.008436
116 0.008393
117 0.008345
118 0.008344
119 0.008304
120 0.008248
121 0.008190
122 0.008130
123 0.008076
124 0.008035
125 0.007970
126 0.007904
127 0.007838
128 0.007772
129 0.007710
130 0.007648
131 0.007588
132 0.007530
133 0.007479
134 0.007432
135 0.007384
136 0.007367
137 0.007354
138 0.007341
139 0.007328
140 0.007288
141 0.007260
142 0.007245
143 0.007229
144 0.007213
145 0.007187
146 0.007113
147 0.007090
148 0.007066
149 0.007041
150 0.007015
151 0.006951
152 0.006901
153 0.006883
154 0.006867
155 0.006852
156 0.006827
157 0.006645
158 0.006628
159 0.006612
160 0.006609
161 0.006608
162 0.006611
163 0.006615
164 0.006618
165 0.006621
166 0.006625
167 0.006631
168 0.006641
169 0.006648
170 0.006655
171 0.006664
172 0.006673
173 0.006684
174 0.006696
175 0.006707
176 0.006718
177 0.006729
178 0.006742
179 0.006757
180 0.006771
181 0.006784
182 0.006797
183 0.006811
184 0.006847
185 0.006898
186 0.006904
187 0.006911
188 0.006918
189 0.006926
190 0.006938
191 0.006947
192 0.006956
193 0.006964
194 0.006973
195 0.006994
196 0.007028
197 0.007036
198 0.007043
199 0.007053
200 0.007063
201 0.007103
202 0.007118
203 0.007124
204 0.007132
205 0.007138
206 0.007152
207 0.007179
208 0.007183
209 0.007186
210 0.007189
211 0.007191
212 0.007218
213 0.007230
214 0.007229
215 0.007229
216 0.007230
217 0.007236
218 0.007264
219 0.007263
220 0.007261
221 0.007259
222 0.007257
223 0.007259
224 0.007265
225 0.007272
226 0.007281
227 0.007288
228 0.007302
229 0.007342
230 0.007346
231 0.007344
232 0.007338
233 0.007328
234 0.007325
235 0.007320
236 0.007309
237 0.007298
238 0.007287
239 0.007281
240 0.007328
241 0.007315
242 0.007303
243 0.007291
244 0.007281
245 0.007274
246 0.007270
247 0.007267
248 0.007268
249 0.007270
250 0.007274
251 0.007336
252 0.007342
253 0.007349
254 0.007357
255 0.007368
256 0.007383
257 0.007399
258 0.007412
259 0.007426
260 0.007441
261 0.007458
262 0.007513
263 0.007527
264 0.007540
265 0.007553
266 0.007568
267 0.007586
268 0.007606
269 0.007621
270 0.007662
271 0.007748
272 0.007835
273 0.007952
274 0.008046
275 0.008139
276 0.008235
277 0.008333
278 0.008430
279 0.008528
280 0.008625
281 0.008723
282 0.008822
283 0.008924
284 0.009030
285 0.009092
286 0.009106
287 0.009082
288 0.009021
289 0.008925
290 0.008800
291 0.008679
292 0.008560
293 0.008443
294 0.008344
295 0.008251
296 0.008155
297 0.008059
298 0.007964
299 0.007869
300 0.007773
301 0.007667
302 0.007576
303 0.007485
304 0.007397
305 0.007310
306 0.007222
307 0.007136
308 0.007051
309 0.006969
310 0.006886
311 0.006806
312 0.006722
313 0.006645
314 0.006570
315 0.006500
316 0.006432
317 0.006363
318 0.006305
319 0.006259
320 0.006217
321 0.006180
322 0.006146
323 0.006106
324 0.006078
325 0.006054
326 0.006032
327 0.006014
328 0.005991
329 0.005970
330 0.005957
331 0.005945
