0 0.361342
1 0.000001
2 0.002676
3 0.002667
4 0.002699
5 0.002846
6 0.002836
7 0.003444
8 0.004224
9 0.004209
10 0.005290
11 0.005750
12 0.005729
13 0.007786
14 0.007879
15 0.008062
16 0.009203
17 0.009117
18 0.009563
19 0.010251
20 0.010138
21 0.010781
22 0.011083
23 0.010947
24 0.011744
25 0.011743
26 0.011706
27 0.012440
28 0.012309
29 0.012479
30 0.012939
31 0.012830
32 0.013169
33 0.013405
34 0.013310
35 0.013771
36 0.013811
37 0.013737
38 0.014232
39 0.014132
40 0.014176
41 0.014465
42 0.014354
43 0.014474
44 0.014587
45 0.014473
46 0.014662
47 0.014690
48 0.014656
49 0.014993
50 0.015068
51 0.015242
52 0.015644
53 0.015881
54 0.016286
55 0.016740
56 0.016746
57 0.016754
58 0.016671
59 0.016491
60 0.016402
61 0.016191
62 0.015961
63 0.015764
64 0.015507
65 0.015255
66 0.015024
67 0.014812
68 0.014641
69 0.014568
70 0.014518
71 0.014399
72 0.014326
73 0.014251
74 0.014059
75 0.013961
76 0.013825
77 0.013647
78 0.013586
79 0.013344
80 0.013134
81 0.013125
82 0.013135
83 0.013149
84 0.013169
85 0.013201
86 0.013233
87 0.013271
88 0.013317
89 0.013362
90 0.013413
91 0.013468
92 0.013523
93 0.013659
94 0.013737
95 0.013767
96 0.013808
97 0.013843
98 0.013891
99 0.013990
100 0.014025
101 0.014094
102 0.014172
103 0.014198
104 0.014258
105 0.014297
106 0.014307
107 0.014377
108 0.014388
109 0.014395
110 0.014457
111 0.014450
112 0.014455
113 0.014480
114 0.014513
115 0.014586
116 0.014627
117 0.014594
118 0.014574
119 0.014537
120 0.014499
121 0.014575
122 0.014528
123 0.014491
124 0.014483
125 0.014488
126 0.014562
127 0.014647
128 0.014685
129 0.014743
130 0.014802
131 0.014865
132 0.015004
133 0.015059
134 0.015121
135 0.015196
136 0.015448
137 0.015828
138 0.016230
139 0.016615
140 0.017005
141 0.017397
142 0.017795
143 0.018131
144 0.018117
145 0.017807
146 0.017319
147 0.016848
148 0.016464
149 0.016089
150 0.015711
151 0.015322
152 0.014949
153 0.014598
154 0.014254
155 0.013920
156 0.013597
157 0.013278
158 0.012988
159 0.012726
160 0.012509
161 0.012352
162 0.012213
163 0.012101
164 0.012021
165 0.011941
166 0.011886
167 0.011848
168 0.011767
169 0.011736
170 0.011695
171 0.011636
172 0.011600
173 0.011504
174 0.011374
175 0.011245
176 0.011053
177 0.010873
178 0.010716
179 0.010513
180 0.010361
181 0.010206
182 0.010016
183 0.009883
184 0.009732
185 0.009570
186 0.009448
187 0.009284
188 0.009141
189 0.009027
190 0.008855
191 0.008740
192 0.008632
193 0.008469
194 0.008377
195 0.008267
196 0.008141
197 0.008072
198 0.007963
199 0.007867
200 0.007807
201 0.007681
202 0.007609
203 0.007554
204 0.007415
205 0.007364
206 0.007290
207 0.007171
208 0.007118
209 0.007020
210 0.006922
211 0.006866
212 0.006735
213 0.006649
214 0.006590
215 0.006432
216 0.006371
217 0.006296
218 0.006169
219 0.006116
220 0.006019
221 0.005913
222 0.005872
223 0.005759
224 0.005684
225 0.005648
226 0.005529
227 0.005487
228 0.005441
229 0.005312
230 0.005285
231 0.005216
232 0.005117
233 0.005093
234 0.005013
235 0.004954
236 0.004934
237 0.004813
238 0.004776
239 0.004753
240 0.004642
241 0.004627
242 0.004573
243 0.004471
244 0.004459
245 0.004395
246 0.004340
247 0.004333
248 0.004226
249 0.004188
250 0.004182
251 0.004075
252 0.004067
253 0.004026
254 0.003918
255 0.003910
256 0.003859
257 0.003803
258 0.003795
259 0.003694
260 0.003647
261 0.003641
262 0.003560
263 0.003550
264 0.003526
265 0.003419
266 0.003417
267 0.003383
268 0.003334
269 0.003332
270 0.003273
271 0.003238
272 0.003235
273 0.003161
274 0.003149
275 0.003142
276 0.003076
277 0.003079
278 0.003057
279 0.003016
280 0.003019
281 0.002985
282 0.002962
283 0.002963
284 0.002923
285 0.002915
286 0.002910
287 0.002874
288 0.002871
289 0.002861
290 0.002843
291 0.002840
292 0.002832
293 0.002829
294 0.002828
295 0.002831
296 0.002833
297 0.002831
298 0.002855
299 0.002853
300 0.002858
301 0.002893
302 0.002891
303 0.002915
304 0.002951
305 0.002949
306 0.003002
307 0.003029
308 0.003029
309 0.003117
310 0.003126
311 0.003140
312 0.003240
313 0.003238
314 0.003284
315 0.003368
316 0.003367
317 0.003452
318 0.003509
319 0.003508
320 0.003638
321 0.003664
322 0.003675
323 0.003833
324 0.003831
325 0.003884
326 0.004010
327 0.004009
328 0.004107
329 0.004194
330 0.004193
331 0.004352
