0 0.361342
1 0.000001
2 0.000225
3 0.000226
4 0.000225
5 0.000225
6 0.000225
7 0.000225
8 0.000225
9 0.000225
10 0.000225
11 0.000225
12 0.000225
13 0.000459
14 0.000476
15 0.000476
16 0.000476
17 0.000475
18 0.000560
19 0.000689
20 0.000688
21 0.000688
22 0.000687
23 0.000686
24 0.000832
25 0.000853
26 0.000852
27 0.000851
28 0.000850
29 0.000900
30 0.001001
31 0.001000
32 0.000999
33 0.000997
34 0.000996
35 0.001106
36 0.001133
37 0.001132
38 0.001130
39 0.001130
40 0.001162
41 0.001253
42 0.001251
43 0.001250
44 0.001249
45 0.001248
46 0.001328
47 0.001356
48 0.001355
49 0.001354
50 0.001352
51 0.001370
52 0.001447
53 0.001445
54 0.001444
55 0.001442
56 0.001440
57 0.001494
58 0.001520
59 0.001518
60 0.001517
61 0.001515
62 0.001519
63 0.001551
64 0.001549
65 0.001547
66 0.001546
67 0.001544
68 0.001575
69 0.001595
70 0.001593
71 0.001591
72 0.001590
73 0.001590
74 0.001626
75 0.001625
76 0.001624
77 0.001622
78 0.001620
79 0.001634
80 0.001645
81 0.001643
82 0.001641
83 0.001640
84 0.001638
85 0.001652
86 0.001650
87 0.001649
88 0.001647
89 0.001645
90 0.001636
91 0.001625
92 0.001623
93 0.001620
94 0.001617
95 0.001613
96 0.001602
97 0.001597
98 0.001594
99 0.001590
100 0.001587
101 0.001574
102 0.001559
103 0.001555
104 0.001551
105 0.001548
106 0.001545
107 0.001505
108 0.001497
109 0.001494
110 0.001491
111 0.001489
112 0.001473
113 0.001446
114 0.001443
115 0.001441
116 0.001438
117 0.001436
118 0.001390
119 0.001378
120 0.001376
121 0.001373
122 0.001371
123 0.001362
124 0.001347
125 0.001345
126 0.001343
127 0.001341
128 0.001339
129 0.001279
130 0.001265
131 0.001263
132 0.001262
133 0.001260
134 0.001255
135 0.001245
136 0.001243
137 0.001242
138 0.001242
139 0.001241
140 0.001227
141 0.001221
142 0.001221
143 0.001220
144 0.001220
145 0.001218
146 0.001208
147 0.001208
148 0.001208
149 0.001209
150 0.001210
151 0.001201
152 0.001198
153 0.001199
154 0.001200
155 0.001201
156 0.001201
157 0.001206
158 0.001208
159 0.001209
160 0.001210
161 0.001211
162 0.001220
163 0.001231
164 0.001232
165 0.001233
166 0.001235
167 0.001236
168 0.001260
169 0.001262
170 0.001263
171 0.001265
172 0.001266
173 0.001277
174 0.001290
175 0.001291
176 0.001293
177 0.001295
178 0.001296
179 0.001320
180 0.001323
181 0.001325
182 0.001327
183 0.001328
184 0.001336
185 0.001348
186 0.001350
187 0.001351
188 0.001353
189 0.001355
190 0.001376
191 0.001380
192 0.001382
193 0.001383
194 0.001384
195 0.001392
196 0.001407
197 0.001408
198 0.001409
199 0.001410
200 0.001412
201 0.001429
202 0.001435
203 0.001436
204 0.001437
205 0.001438
206 0.001443
207 0.001458
208 0.001459
209 0.001460
210 0.001460
211 0.001461
212 0.001475
213 0.001481
214 0.001481
215 0.001481
216 0.001481
217 0.001485
218 0.001499
219 0.001499
220 0.001498
221 0.001498
222 0.001498
223 0.001509
224 0.001515
225 0.001514
226 0.001514
227 0.001514
228 0.001515
229 0.001529
230 0.001529
231 0.001529
232 0.001529
233 0.001529
234 0.001546
235 0.001561
236 0.001561
237 0.001561
238 0.001562
239 0.001563
240 0.001574
241 0.001574
242 0.001575
243 0.001575
244 0.001576
245 0.001587
246 0.001598
247 0.001599
248 0.001599
249 0.001599
250 0.001599
251 0.001608
252 0.001608
253 0.001608
254 0.001608
255 0.001608
256 0.001617
257 0.001630
258 0.001630
259 0.001631
260 0.001632
261 0.001633
262 0.001639
263 0.001640
264 0.001641
265 0.001641
266 0.001642
267 0.001649
268 0.001659
269 0.001660
270 0.001660
271 0.001661
272 0.001662
273 0.001673
274 0.001675
275 0.001675
276 0.001676
277 0.001677
278 0.001681
279 0.001689
280 0.001690
281 0.001690
282 0.001691
283 0.001692
284 0.001700
285 0.001703
286 0.001704
287 0.001705
288 0.001706
289 0.001709
290 0.001716
291 0.001717
292 0.001718
293 0.001719
294 0.001720
295 0.001726
296 0.001729
297 0.001729
298 0.001730
299 0.001730
300 0.001732
301 0.001737
302 0.001737
303 0.001737
304 0.001737
305 0.001737
306 0.001740
307 0.001741
308 0.001740
309 0.001740
310 0.001739
311 0.001738
312 0.001741
313 0.001740
314 0.001739
315 0.001737
316 0.001736
317 0.001736
318 0.001736
319 0.001734
320 0.001732
321 0.001730
322 0.001728
323 0.001729
324 0.001727
325 0.001725
326 0.001723
327 0.001721
328 0.001719
329 0.001717
330 0.001715
331 0.001712
