0 0.361342
1 0.000001
2 0.000392
3 0.000393
4 0.000392
5 0.000393
6 0.000393
7 0.000381
8 0.000418
9 0.000419
10 0.000482
11 0.000515
12 0.000515
13 0.000624
14 0.000633
15 0.000667
16 0.000894
17 0.000897
18 0.000935
19 0.000996
20 0.000999
21 0.001096
22 0.001171
23 0.001175
24 0.001239
25 0.001253
26 0.001273
27 0.001423
28 0.001428
29 0.001457
30 0.001510
31 0.001516
32 0.001601
33 0.001668
34 0.001674
35 0.001735
36 0.001756
37 0.001766
38 0.001887
39 0.001894
40 0.001918
41 0.001972
42 0.001979
43 0.002034
44 0.002089
45 0.002096
46 0.002147
47 0.002168
48 0.002176
49 0.002256
50 0.002266
51 0.002286
52 0.002339
53 0.002349
54 0.002384
55 0.002427
56 0.002439
57 0.002484
58 0.002513
59 0.002527
60 0.002576
61 0.002593
62 0.002612
63 0.002652
64 0.002666
65 0.002695
66 0.002736
67 0.002754
68 0.002777
69 0.002799
70 0.002816
71 0.002860
72 0.002883
73 0.002899
74 0.002907
75 0.002922
76 0.002944
77 0.002978
78 0.002991
79 0.002992
80 0.002995
81 0.003006
82 0.003033
83 0.003049
84 0.003061
85 0.003065
86 0.003075
87 0.003091
88 0.003117
89 0.003127
90 0.003136
91 0.003145
92 0.003154
93 0.003178
94 0.003195
95 0.003204
96 0.003210
97 0.003218
98 0.003231
99 0.003259
100 0.003267
101 0.003274
102 0.003279
103 0.003288
104 0.003299
105 0.003308
106 0.003316
107 0.003339
108 0.003348
109 0.003356
110 0.003366
111 0.003373
112 0.003378
113 0.003381
114 0.003387
115 0.003406
116 0.003423
117 0.003429
118 0.003430
119 0.003434
120 0.003439
121 0.003445
122 0.003449
123 0.003456
124 0.003469
125 0.003472
126 0.003474
127 0.003476
128 0.003478
129 0.003474
130 0.003473
131 0.003475
132 0.003490
133 0.003492
134 0.003490
135 0.003483
136 0.003483
137 0.003482
138 0.003480
139 0.003480
140 0.003481
141 0.003482
142 0.003480
143 0.003475
144 0.003473
145 0.003469
146 0.003457
147 0.003454
148 0.003453
149 0.003451
150 0.003448
151 0.003436
152 0.003427
153 0.003422
154 0.003410
155 0.003403
156 0.003397
157 0.003381
158 0.003375
159 0.003364
160 0.003351
161 0.003342
162 0.003330
163 0.003316
164 0.003307
165 0.003285
166 0.003271
167 0.003261
168 0.003240
169 0.003230
170 0.003217
171 0.003197
172 0.003186
173 0.003164
174 0.003139
175 0.003127
176 0.003105
177 0.003088
178 0.003074
179 0.003049
180 0.003033
181 0.003014
182 0.002974
183 0.002959
184 0.002937
185 0.002912
186 0.002895
187 0.002870
188 0.002847
189 0.002830
190 0.002784
191 0.002761
192 0.002741
193 0.002708
194 0.002689
195 0.002664
196 0.002634
197 0.002614
198 0.002578
199 0.002550
200 0.002538
201 0.002513
202 0.002496
203 0.002482
204 0.002453
205 0.002438
206 0.002413
207 0.002369
208 0.002354
209 0.002331
210 0.002309
211 0.002295
212 0.002269
213 0.002252
214 0.002239
215 0.002190
216 0.002176
217 0.002160
218 0.002131
219 0.002118
220 0.002096
221 0.002072
222 0.002057
223 0.002018
224 0.001992
225 0.001978
226 0.001949
227 0.001934
228 0.001917
229 0.001875
230 0.001863
231 0.001845
232 0.001822
233 0.001811
234 0.001780
235 0.001756
236 0.001745
237 0.001719
238 0.001705
239 0.001691
240 0.001646
241 0.001635
242 0.001618
243 0.001594
244 0.001583
245 0.001554
246 0.001528
247 0.001516
248 0.001492
249 0.001478
250 0.001468
251 0.001426
252 0.001417
253 0.001403
254 0.001378
255 0.001370
256 0.001347
257 0.001323
258 0.001315
259 0.001296
260 0.001284
261 0.001277
262 0.001243
263 0.001235
264 0.001226
265 0.001206
266 0.001201
267 0.001184
268 0.001164
269 0.001159
270 0.001141
271 0.001128
272 0.001124
273 0.001099
274 0.001092
275 0.001086
276 0.001068
277 0.001065
278 0.001054
279 0.001037
280 0.001034
281 0.001022
282 0.001013
283 0.001010
284 0.000993
285 0.000987
286 0.000984
287 0.000968
288 0.000966
289 0.000959
290 0.000949
291 0.000947
292 0.000933
293 0.000919
294 0.000918
295 0.000908
296 0.000905
297 0.000903
298 0.000894
299 0.000892
300 0.000890
301 0.000884
302 0.000883
303 0.000880
304 0.000879
305 0.000878
306 0.000877
307 0.000877
308 0.000876
309 0.000881
310 0.000881
311 0.000882
312 0.000890
313 0.000890
314 0.000895
315 0.000905
316 0.000905
317 0.000918
318 0.000927
319 0.000927
320 0.000951
321 0.000956
322 0.000959
323 0.000992
324 0.000992
325 0.000992
326 0.001002
327 0.001002
328 0.001026
329 0.001047
330 0.001047
331 0.001085
