1 0.000388
2 0.000001
3 0.003161
4 0.000275
5 0.000003
6 0.000284
7 0.000444
8 0.000015
9 0.000018
10 0.000355
11 0.000358
12 0.000354
13 0.000023
14 0.000568
15 0.000012
16 0.000010
17 0.000237
18 0.000018
19 0.000200
20 0.000016
21 0.000033
22 0.000249
23 0.000008
24 0.000020
25 0.000617
26 0.000535
27 0.000013
28 0.000441
29 0.000433
30 0.000014
31 0.000013
32 0.000247
33 0.000343
34 0.000008
35 0.000032
36 0.000173
37 0.000190
38 0.000016
39 0.000152
40 0.000175
41 0.000029
42 0.000171
43 0.000160
44 0.000024
45 0.000019
46 0.000192
47 0.000171
48 0.000308
49 0.000016
50 0.000014
51 0.000168
52 0.000016
53 0.000210
54 0.000327
55 0.000184
56 0.000012
57 0.000203
58 0.000190
59 0.000179
60 0.000020
61 0.000184
62 0.000196
63 0.000008
64 0.000017
65 0.000345
66 0.000015
67 0.000009
68 0.000348
69 0.000215
70 0.000013
71 0.000229
72 0.000361
73 0.000029
74 0.000009
75 0.000216
76 0.000187
77 0.000207
78 0.000012
79 0.000367
80 0.000019
81 0.000024
82 0.000373
83 0.000193
84 0.000196
85 0.000026
86 0.000190
87 0.000013
88 0.000013
89 0.000383
90 0.000215
91 0.000196
92 0.000018
93 0.000035
94 0.000374
95 0.000014
96 0.000013
97 0.000392
98 0.000215
99 0.000007
100 0.000018
101 0.000222
102 0.000199
103 0.000014
104 0.000232
105 0.000227
106 0.000012
107 0.000426
108 0.000228
109 0.000026
110 0.000009
111 0.000215
112 0.000436
113 0.000034
114 0.000010
115 0.000421
116 0.000228
117 0.000021
118 0.000028
119 0.000244
120 0.000415
121 0.000030
122 0.000223
123 0.000233
124 0.000018
125 0.000225
126 0.000020
127 0.000225
128 0.000013
129 0.000448
130 0.000238
131 0.000012
132 0.000012
133 0.000225
134 0.000236
135 0.000018
136 0.000223
137 0.000445
138 0.000018
139 0.000012
140 0.000425
141 0.000251
142 0.000213
143 0.000020
144 0.000222
145 0.000259
146 0.000013
147 0.000015
148 0.000418
149 0.000242
150 0.000014
151 0.000229
152 0.000221
153 0.000024
154 0.000019
155 0.000247
156 0.000425
157 0.000026
158 0.000016
159 0.000247
160 0.000226
161 0.000022
162 0.000255
163 0.000444
164 0.000013
165 0.000037
166 0.000225
167 0.000241
168 0.000019
169 0.000255
170 0.000461
171 0.000018
172 0.000242
173 0.000029
174 0.000464
175 0.000015
176 0.000241
177 0.000272
178 0.000237
179 0.000018
180 0.000232
181 0.000265
182 0.000009
183 0.000246
184 0.000030
185 0.000259
186 0.000012
187 0.000456
188 0.000258
189 0.000020
190 0.000023
191 0.000278
192 0.000462
193 0.000016
194 0.000015
195 0.000483
196 0.000020
197 0.000042
198 0.000241
199 0.000255
200 0.000012
201 0.000267
202 0.000246
203 0.000465
204 0.000015
205 0.000253
206 0.000265
207 0.000021
208 0.000235
209 0.000245
210 0.000250
211 0.000007
212 0.000020
213 0.000466
214 0.000259
215 0.000018
216 0.000235
217 0.000266
218 0.000017
219 0.000241
220 0.000237
221 0.000238
222 0.000011
223 0.000250
224 0.000024
225 0.000454
226 0.000011
227 0.000244
228 0.000234
229 0.000033
230 0.000234
231 0.000235
232 0.000237
233 0.000024
234 0.000234
235 0.000236
236 0.000017
237 0.000043
238 0.000239
239 0.000451
240 0.000015
241 0.000245
242 0.000222
243 0.000254
244 0.000013
245 0.000244
246 0.000230
247 0.000007
248 0.000013
249 0.000473
250 0.000277
251 0.000000
252 0.000255
253 0.000233
254 0.000018
255 0.000258
256 0.000023
257 0.000013
258 0.000014
259 0.000035
260 0.000226
261 0.000020
262 0.000015
263 0.000504
264 0.000814
265 0.000007
266 0.000017
267 0.000258
268 0.000245
269 0.000006
270 0.000464
271 0.000017
272 0.000006
273 0.000264
274 0.000451
275 0.000244
276 0.000008
277 0.000234
278 0.000032
279 0.000241
280 0.000012
281 0.000434
282 0.000237
283 0.000019
284 0.000027
285 0.000443
286 0.000226
287 0.000019
288 0.000018
289 0.000435
290 0.000013
291 0.000051
292 0.000209
293 0.000225
294 0.000014
295 0.000231
296 0.000217
297 0.000221
298 0.000021
299 0.000223
300 0.000413
301 0.000009
302 0.000018
303 0.000407
304 0.000218
305 0.000015
306 0.000204
307 0.000038
308 0.000222
309 0.000007
310 0.000370
311 0.000049
312 0.000012
313 0.000390
314 0.000025
315 0.000222
316 0.000015
317 0.000381
318 0.000210
319 0.000029
320 0.000214
321 0.000186
322 0.000196
323 0.000034
324 0.000200
325 0.000187
326 0.000188
327 0.000023
328 0.000197
329 0.000186
330 0.000016
331 0.000190
332 0.000186
333 0.000180
334 0.000022
335 0.000194
336 0.000182
337 0.000025
338 0.000178
339 0.000049
340 0.000184
341 0.000009
342 0.000326
343 0.000178
344 0.000017
345 0.000012
346 0.000194
347 0.000353
348 0.000010
349 0.000057
350 0.000167
351 0.000348
352 0.000009
353 0.000180
354 0.000030
355 0.000033
356 0.000326
357 0.000168
358 0.000178
359 0.000026
360 0.000017
361 0.000317
362 0.000179
363 0.000023
364 0.000023
365 0.000303
366 0.000015
367 0.000172
368 0.000024
369 0.000311
370 0.000018
371 0.000172
372 0.000023
373 0.000009
374 0.000299
375 0.000167
376 0.000023
377 0.000013
378 0.000164
379 0.000273
380 0.000029
381 0.000013
382 0.000288
383 0.000027
384 0.000012
385 0.000271
386 0.000156
387 0.000146
388 0.000016
389 0.000144
390 0.000140
391 0.000044
392 0.000014
393 0.000155
394 0.000261
395 0.000032
396 0.000134
397 0.000156
398 0.000126
399 0.000038
400 0.000119
401 0.000142
402 0.000015
403 0.000149
404 0.000129
405 0.000143
406 0.000023
407 0.000128
408 0.000129
409 0.000019
410 0.000015
411 0.000136
412 0.000120
413 0.000011
414 0.000241
415 0.000133
416 0.000115
417 0.000010
418 0.000023
419 0.000150
420 0.000018
421 0.000200
422 0.000123
423 0.000120
424 0.000016
425 0.000030
426 0.000208
427 0.000112
428 0.000017
429 0.000022
430 0.000202
431 0.000035
432 0.000108
433 0.000094
434 0.000030
435 0.000021
436 0.000192
437 0.000100
438 0.000020
439 0.000042
440 0.000178
441 0.000021
442 0.000017
443 0.000180
444 0.000023
445 0.000094
446 0.000015
447 0.000183
448 0.000021
449 0.000025
450 0.000099
451 0.000158
452 0.000027
453 0.000016
454 0.000081
455 0.000087
456 0.000019
457 0.000085
458 0.000082
459 0.000099
460 0.000020
461 0.000084
462 0.000137
463 0.000079
464 0.000018
465 0.000061
466 0.000073
467 0.000021
468 0.000021
469 0.000127
470 0.000076
471 0.000038
472 0.000027
473 0.000114
474 0.000067
475 0.000030
476 0.000025
477 0.000093
478 0.000013
479 0.000033
480 0.000058
481 0.000055
482 0.000020
483 0.000082
484 0.000085
485 0.000009
486 0.000027
487 0.000100
488 0.000022
489 0.000013
490 0.000084
491 0.000061
492 0.000022
493 0.000011
494 0.000078
495 0.000055
496 0.000011
497 0.000026
498 0.000066
499 0.000019
500 0.000053
501 0.002475
502 0.000174
503 0.000008
504 0.000222
505 0.000283
506 0.000246
507 0.000011
508 0.000312
509 0.000346
510 0.000375
511 0.000021
512 0.000366
513 0.000300
514 0.000017
515 0.000167
516 0.000157
517 0.000020
518 0.000008
519 0.000314
520 0.000365
521 0.000034
522 0.000436
523 0.000368
524 0.000357
525 0.000028
526 0.000232
527 0.000252
528 0.000249
529 0.000020
530 0.000178
531 0.000130
532 0.000014
533 0.000131
534 0.000115
535 0.000126
536 0.000016
537 0.000133
538 0.000127
539 0.000018
540 0.000112
541 0.000132
542 0.000130
543 0.000016
544 0.000119
545 0.000120
546 0.000142
547 0.000015
548 0.000115
549 0.000144
550 0.000016
551 0.000133
552 0.000123
553 0.000140
554 0.000017
555 0.000142
556 0.000116
557 0.000155
558 0.000020
559 0.000136
560 0.000124
561 0.000027
562 0.000132
563 0.000143
564 0.000124
565 0.000031
566 0.000125
567 0.000135
568 0.000011
569 0.000165
570 0.000123
571 0.000155
572 0.000016
573 0.000144
574 0.000126
575 0.000152
576 0.000015
577 0.000152
578 0.000120
579 0.000014
580 0.000158
581 0.000153
582 0.000128
583 0.000018
584 0.000147
585 0.000154
586 0.000019
587 0.000127
588 0.000152
589 0.000138
590 0.000016
591 0.000139
592 0.000150
593 0.000157
594 0.000015
595 0.000129
596 0.000149
597 0.000031
598 0.000144
599 0.000130
600 0.000145
601 0.000022
602 0.000145
603 0.000135
604 0.000016
605 0.000173
606 0.000142
607 0.000145
608 0.000017
609 0.000172
610 0.000136
611 0.000132
612 0.000012
613 0.000177
614 0.000138
615 0.000018
616 0.000140
617 0.000151
618 0.000154
619 0.000016
620 0.000134
621 0.000165
622 0.000016
623 0.000145
624 0.000142
625 0.000158
626 0.000017
627 0.000153
628 0.000137
629 0.000159
630 0.000019
631 0.000149
632 0.000139
633 0.000025
634 0.000136
635 0.000164
636 0.000136
637 0.000034
638 0.000152
639 0.000157
640 0.000137
641 0.000030
642 0.000136
643 0.000150
644 0.000015
645 0.000149
646 0.000143
647 0.000159
648 0.000016
649 0.000154
650 0.000142
651 0.000014
652 0.000154
653 0.000152
654 0.000143
655 0.000015
656 0.000147
657 0.000160
658 0.000136
659 0.000019
660 0.000155
661 0.000142
662 0.000010
663 0.000135
