1 0.000870
2 0.000009
3 0.000840
4 0.000837
5 0.000010
6 0.000846
7 0.000829
8 0.000820
9 0.000010
10 0.000833
11 0.000825
12 0.000823
13 0.000009
14 0.000802
15 0.000815
16 0.000008
17 0.000812
18 0.000779
19 0.000771
20 0.000006
21 0.000732
22 0.000734
23 0.000007
24 0.000743
25 0.000740
26 0.000725
27 0.000008
28 0.000736
29 0.000702
30 0.000644
31 0.000007
32 0.000663
33 0.000658
34 0.000006
35 0.000659
36 0.000719
37 0.000656
38 0.000006
39 0.000652
40 0.000673
41 0.000007
42 0.000648
43 0.000648
44 0.000653
45 0.000003
46 0.000630
47 0.000620
48 0.000647
49 0.000006
50 0.000628
51 0.000627
52 0.000006
53 0.000667
54 0.000632
55 0.000658
56 0.000003
57 0.000671
58 0.000672
59 0.000670
60 0.000004
61 0.000669
62 0.000633
63 0.000005
64 0.000633
65 0.000704
66 0.000797
67 0.000004
68 0.000619
69 0.000630
70 0.000004
71 0.000634
72 0.000616
73 0.000609
74 0.000005
75 0.000593
76 0.000589
77 0.000563
78 0.000005
79 0.000562
80 0.000554
81 0.000006
82 0.000530
83 0.000521
84 0.000520
85 0.000006
86 0.000487
87 0.000488
88 0.000005
89 0.000007
90 0.000875
91 0.000450
92 0.000004
93 0.000430
94 0.000426
95 0.000418
96 0.000004
97 0.000405
98 0.000438
99 0.000005
100 0.000430
101 0.000440
102 0.000474
103 0.000004
104 0.000477
105 0.000529
106 0.000003
107 0.000472
108 0.000471
109 0.000430
110 0.000004
111 0.000350
112 0.000339
113 0.000357
114 0.000003
115 0.000378
116 0.000369
117 0.000003
118 0.000377
119 0.000408
120 0.000383
121 0.000004
122 0.000413
123 0.000580
124 0.000004
125 0.000491
126 0.000361
127 0.000352
128 0.000003
129 0.000350
130 0.000360
131 0.000385
132 0.000003
133 0.000381
134 0.000383
135 0.000004
136 0.000418
137 0.000434
138 0.000445
139 0.000004
140 0.000465
141 0.000440
142 0.000450
143 0.000005
144 0.000482
145 0.000451
146 0.000005
147 0.000451
148 0.000468
149 0.000426
150 0.000004
151 0.000436
152 0.000465
153 0.000005
154 0.000446
155 0.000406
156 0.000434
157 0.000005
158 0.000415
159 0.000399
160 0.000438
161 0.000004
162 0.000438
163 0.000415
164 0.000006
165 0.000531
166 0.000492
167 0.000522
168 0.000004
169 0.000570
170 0.000586
171 0.000005
172 0.000613
173 0.000654
174 0.000663
175 0.000004
176 0.000673
177 0.000618
178 0.000556
179 0.000005
180 0.000470
181 0.000484
182 0.000005
183 0.000614
184 0.000758
185 0.000771
186 0.000004
187 0.000738
188 0.000688
189 0.000004
190 0.000685
191 0.000615
192 0.000606
193 0.000005
194 0.000531
195 0.000533
196 0.000468
197 0.000005
198 0.000427
199 0.000413
200 0.000004
201 0.000418
202 0.000414
203 0.000388
204 0.000004
205 0.000400
206 0.000398
207 0.000006
208 0.000388
209 0.000385
210 0.000395
211 0.000005
212 0.000409
213 0.000385
214 0.000392
215 0.000006
216 0.000401
217 0.000396
218 0.000005
219 0.000404
220 0.000390
221 0.000409
222 0.000005
223 0.000407
224 0.000394
225 0.000378
226 0.000005
227 0.000408
228 0.000379
229 0.000005
230 0.000386
231 0.000378
232 0.000379
233 0.000004
234 0.000381
235 0.000376
236 0.000005
237 0.000347
238 0.000357
239 0.000372
240 0.000004
241 0.000341
242 0.000341
243 0.000367
244 0.000003
245 0.000357
246 0.000348
247 0.000005
248 0.000369
249 0.000358
250 0.000368
251 0.000000
252 0.000363
253 0.000343
254 0.000004
255 0.000358
256 0.000357
257 0.000359
258 0.000003
259 0.000355
260 0.000368
261 0.000366
262 0.000004
263 0.000363
264 0.000365
265 0.000007
266 0.000384
267 0.000389
268 0.000398
269 0.000006
270 0.000399
271 0.000398
272 0.000005
273 0.000416
274 0.000402
275 0.000393
276 0.000006
277 0.000411
278 0.000435
279 0.000446
280 0.000006
281 0.000451
282 0.000434
283 0.000003
284 0.000427
285 0.000400
286 0.000405
287 0.000005
288 0.000398
289 0.000405
290 0.000004
291 0.000007
292 0.000744
293 0.000383
294 0.000003
295 0.000006
296 0.000538
297 0.000261
298 0.000003
299 0.000243
300 0.000227
301 0.000006
302 0.000263
303 0.000006
304 0.000432
305 0.000005
306 0.000237
307 0.000217
308 0.000217
309 0.000006
310 0.000248
311 0.000253
312 0.000005
313 0.000227
314 0.000242
315 0.000246
316 0.000005
317 0.000244
318 0.000253
319 0.000004
320 0.000250
321 0.000247
322 0.000266
323 0.000004
324 0.000248
325 0.000247
326 0.000263
327 0.000003
328 0.000281
329 0.000005
330 0.000004
331 0.000509
332 0.000282
333 0.000003
334 0.000003
335 0.000271
336 0.000264
337 0.000007
338 0.000272
339 0.000261
340 0.000257
341 0.000005
342 0.000251
343 0.000252
344 0.000504
345 0.000003
346 0.000007
347 0.000461
348 0.000004
349 0.000008
350 0.000230
351 0.000228
352 0.000005
353 0.000247
354 0.000403
355 0.000003
356 0.000006
357 0.000246
358 0.000006
359 0.000007
360 0.000241
361 0.000247
362 0.000554
363 0.000003
364 0.000004
365 0.000420
366 0.000003
367 0.000220
368 0.000224
369 0.000220
370 0.000003
371 0.000216
372 0.000226
373 0.000004
374 0.000223
375 0.000004
376 0.000384
377 0.000002
378 0.000004
379 0.000383
380 0.000005
381 0.000004
382 0.000228
383 0.000363
384 0.000003
385 0.000006
386 0.000211
387 0.000383
388 0.000002
389 0.000005
390 0.000215
391 0.000201
392 0.000004
393 0.000199
394 0.000218
395 0.000004
396 0.000210
397 0.000206
398 0.000220
399 0.000003
400 0.000216
401 0.000225
402 0.000002
403 0.000240
404 0.000230
405 0.000243
406 0.000003
407 0.000261
408 0.000254
409 0.000261
410 0.000002
411 0.000007
412 0.000279
413 0.000004
414 0.000279
415 0.000586
416 0.000005
417 0.000004
418 0.000330
419 0.000341
420 0.000004
421 0.000004
422 0.000668
423 0.000425
424 0.000004
425 0.000005
426 0.000923
427 0.000535
428 0.000004
429 0.001088
430 0.000741
431 0.000003
432 0.000005
433 0.000887
434 0.001127
435 0.000003
436 0.001524
437 0.001130
438 0.000005
439 0.000009
440 0.001054
441 0.001321
442 0.000046
443 0.000048
444 0.000836
445 0.000592
446 0.000002
447 0.000460
448 0.000005
449 0.000004
450 0.000219
451 0.000221
452 0.000415
453 0.000002
454 0.000004
455 0.000220
456 0.000004
457 0.000221
458 0.000225
459 0.000417
460 0.000003
461 0.000005
462 0.000393
463 0.000005
464 0.000002
465 0.000404
466 0.000005
467 0.000006
468 0.000216
469 0.000214
470 0.000227
471 0.000004
472 0.000216
473 0.000204
474 0.000217
475 0.000003
476 0.000200
477 0.000004
478 0.000004
479 0.000365
480 0.000204
481 0.000200
482 0.000002
483 0.000214
484 0.000197
485 0.000003
486 0.000213
487 0.000006
488 0.000384
489 0.000001
490 0.000004
491 0.000571
492 0.000003
493 0.000002
494 0.000420
495 0.000002
496 0.000001
497 0.000415
498 0.000004
499 0.000458
500 0.000011
501 0.000002
502 0.000272
503 0.000002
504 0.000255
505 0.000251
506 0.000493
507 0.000001
508 0.000003
509 0.000536
510 0.000284
511 0.000004
512 0.000281
513 0.000004
514 0.000001
515 0.000524
516 0.000289
517 0.000296
518 0.000003
519 0.000295
520 0.000005
521 0.000004
522 0.000298
523 0.000301
524 0.000291
525 0.000005
526 0.000291
527 0.000304
528 0.000303
529 0.000003
530 0.000316
531 0.000683
532 0.000002
533 0.000318
534 0.000333
535 0.000334
536 0.000003
537 0.000333
538 0.000341
539 0.000003
540 0.000335
541 0.000339
542 0.000338
543 0.000003
544 0.000315
545 0.000324
546 0.000351
547 0.000003
548 0.000362
549 0.000327
550 0.000003
551 0.000349
552 0.000391
553 0.000366
554 0.000003
555 0.000385
556 0.000004
557 0.000386
558 0.000002
559 0.000384
560 0.000005
561 0.000003
562 0.000396
563 0.000390
564 0.000759
565 0.000003
566 0.000400
567 0.000398
568 0.000002
569 0.000776
570 0.000406
571 0.000421
572 0.000002
573 0.000427
574 0.000452
575 0.000497
576 0.000003
577 0.000481
578 0.000499
579 0.000003
580 0.000522
581 0.000531
582 0.000499
583 0.000003
584 0.000556
585 0.000598
586 0.000004
587 0.000448
588 0.000540
589 0.000485
590 0.000003
591 0.000567
592 0.000577
593 0.000544
594 0.000004
595 0.000506
596 0.000581
597 0.000004
598 0.000573
599 0.000584
600 0.000616
601 0.000003
602 0.000587
603 0.000623
604 0.000003
605 0.000709
606 0.000732
607 0.000718
608 0.000003
609 0.000883
610 0.000690
611 0.000769
612 0.000003
613 0.000760
614 0.000807
615 0.000004
616 0.000849
617 0.000879
618 0.000927
619 0.000005
620 0.000854
621 0.000848
622 0.000006
623 0.000815
624 0.000834
625 0.000877
626 0.000005
627 0.000890
628 0.000893
629 0.000905
630 0.000006
631 0.000888
632 0.000878
633 0.000005
634 0.000898
635 0.000913
636 0.000921
637 0.000006
638 0.000886
639 0.000923
640 0.000914
641 0.000005
642 0.000908
643 0.000934
644 0.000006
645 0.000936
646 0.000920
647 0.000931
648 0.000004
649 0.000906
650 0.000998
651 0.000006
652 0.000978
653 0.000927
654 0.000928
655 0.000008
656 0.000980
657 0.000957
658 0.000940
659 0.000006
660 0.000936
661 0.000946
662 0.000006
663 0.000918
