1 0.000587
2 0.000009
3 0.000550
4 0.000706
5 0.000003
6 0.000004
7 0.000508
8 0.000498
9 0.000016
10 0.000540
11 0.000519
12 0.000008
13 0.000008
14 0.000535
15 0.000728
16 0.000008
17 0.000592
18 0.000522
19 0.000515
20 0.000007
21 0.000571
22 0.000011
23 0.000005
24 0.000723
25 0.000558
26 0.000534
27 0.000011
28 0.000516
29 0.000590
30 0.000553
31 0.000007
32 0.000596
33 0.000830
34 0.000006
35 0.000012
36 0.000576
37 0.000637
38 0.000009
39 0.000564
40 0.000568
41 0.000010
42 0.000578
43 0.000627
44 0.000011
45 0.000008
46 0.000952
47 0.000622
48 0.000676
49 0.000007
50 0.000706
51 0.000626
52 0.000008
53 0.000658
54 0.000672
55 0.000007
56 0.000006
57 0.000987
58 0.000547
59 0.000580
60 0.000007
61 0.000529
62 0.000572
63 0.000012
64 0.000530
65 0.000825
66 0.000012
67 0.000009
68 0.000577
69 0.000591
70 0.000007
71 0.000571
72 0.000568
73 0.000550
74 0.000011
75 0.000607
76 0.000629
77 0.000009
78 0.000004
79 0.000858
80 0.000647
81 0.000012
82 0.000963
83 0.000013
84 0.000691
85 0.000013
86 0.000630
87 0.000640
88 0.000010
89 0.000619
90 0.000615
91 0.000675
92 0.000007
93 0.000015
94 0.000900
95 0.000666
96 0.000010
97 0.000680
98 0.000645
99 0.000012
100 0.000664
101 0.000673
102 0.000012
103 0.000007
104 0.001024
105 0.000673
106 0.000009
107 0.000769
108 0.000722
109 0.000681
110 0.000012
111 0.000709
112 0.000749
113 0.000756
114 0.000009
115 0.001191
116 0.000814
117 0.000010
118 0.000818
119 0.000013
120 0.000834
121 0.000017
122 0.000793
123 0.000755
124 0.000011
125 0.000741
126 0.000668
127 0.000679
128 0.000007
129 0.000653
130 0.000632
131 0.001036
132 0.000007
133 0.000684
134 0.000669
135 0.000007
136 0.000013
137 0.001363
138 0.000009
139 0.000006
140 0.000012
141 0.000687
142 0.000704
143 0.000007
144 0.000012
145 0.001777
146 0.000008
147 0.000743
148 0.000712
149 0.000727
150 0.000009
151 0.000711
152 0.001094
153 0.000012
154 0.000745
155 0.000013
156 0.000669
157 0.000017
158 0.000698
159 0.000710
160 0.000717
161 0.000009
162 0.000744
163 0.000684
164 0.000011
165 0.000694
166 0.000705
167 0.000700
168 0.000010
169 0.000715
170 0.000721
171 0.000011
172 0.000711
173 0.001163
174 0.000745
175 0.000005
176 0.000010
177 0.000773
178 0.000747
179 0.000010
180 0.000866
181 0.001271
182 0.000008
183 0.000765
184 0.000767
185 0.000012
186 0.000005
187 0.000794
188 0.000806
189 0.000009
190 0.000817
191 0.000012
192 0.000866
193 0.000012
194 0.000800
195 0.001424
196 0.000011
197 0.000012
198 0.002253
199 0.000009
200 0.000006
201 0.000868
202 0.000765
203 0.000843
204 0.000009
205 0.000819
206 0.001368
207 0.000008
208 0.000875
209 0.000840
210 0.000012
211 0.000007
212 0.000892
213 0.000846
214 0.000934
215 0.000009
216 0.000910
217 0.001381
218 0.000007
219 0.000848
220 0.000921
221 0.000007
222 0.000003
223 0.001761
224 0.000909
225 0.000865
226 0.000005
227 0.000908
228 0.000010
229 0.000010
230 0.000880
231 0.000884
232 0.001000
233 0.000006
234 0.000848
235 0.001475
236 0.000007
237 0.000954
238 0.000010
239 0.000918
240 0.000010
241 0.000931
242 0.000906
243 0.000884
244 0.000006
245 0.000942
246 0.000897
247 0.000009
248 0.000927
249 0.000947
250 0.000943
251 0.000000
252 0.000005
253 0.001682
254 0.000006
255 0.001047
256 0.001089
257 0.001115
258 0.000006
259 0.001144
260 0.001085
261 0.001139
262 0.000006
263 0.001174
264 0.001845
265 0.000006
266 0.001226
267 0.001303
268 0.001436
269 0.000007
270 0.001234
271 0.001035
272 0.000006
273 0.001123
274 0.000966
275 0.000878
276 0.000008
277 0.000888
278 0.000875
279 0.000890
280 0.000007
281 0.000893
282 0.000013
283 0.000008
284 0.000869
285 0.000871
286 0.000860
287 0.000008
288 0.000947
289 0.000845
290 0.000009
291 0.000819
292 0.000826
293 0.000850
294 0.000006
295 0.001743
296 0.000011
297 0.000834
298 0.000007
299 0.000862
300 0.000853
301 0.000009
302 0.000866
303 0.000895
304 0.000864
305 0.000008
306 0.000875
307 0.001785
308 0.000895
309 0.000009
310 0.000916
311 0.000902
312 0.000009
313 0.000932
314 0.000938
315 0.000963
316 0.000008
317 0.000975
318 0.000957
319 0.000011
320 0.000967
321 0.000010
322 0.001904
323 0.000012
324 0.000963
325 0.000953
326 0.000993
327 0.000008
328 0.000983
329 0.000962
330 0.000011
331 0.001054
332 0.000985
333 0.000994
334 0.000010
335 0.000991
336 0.001012
337 0.000006
338 0.000013
339 0.002007
340 0.001010
341 0.000005
342 0.000009
343 0.001258
344 0.001298
345 0.000009
346 0.001298
347 0.001333
348 0.000009
349 0.001300
350 0.001281
351 0.001233
352 0.000008
353 0.001186
354 0.001173
355 0.000009
356 0.002108
357 0.001117
358 0.001094
359 0.000007
360 0.001080
361 0.001087
362 0.001063
363 0.000007
364 0.001017
365 0.001001
366 0.000010
367 0.000998
368 0.001023
369 0.000991
370 0.000009
371 0.000993
372 0.001009
373 0.000010
374 0.001005
375 0.001018
376 0.001043
377 0.000008
378 0.001033
379 0.001040
380 0.001026
381 0.000009
382 0.001035
383 0.001043
384 0.000009
385 0.001027
386 0.001027
387 0.001035
388 0.000008
389 0.001044
390 0.001063
391 0.001045
392 0.000009
393 0.001052
394 0.001020
395 0.000011
396 0.001020
397 0.001002
398 0.000981
399 0.000010
400 0.000984
401 0.000010
402 0.000010
403 0.000982
404 0.001832
405 0.000989
406 0.000007
407 0.000960
408 0.000957
409 0.000963
410 0.000009
411 0.000951
412 0.000967
413 0.000008
414 0.000940
415 0.000924
416 0.000924
417 0.000009
418 0.000914
419 0.000899
420 0.000009
421 0.000876
422 0.000875
423 0.000866
424 0.000007
425 0.000851
426 0.000882
427 0.000871
428 0.000009
429 0.000865
430 0.000882
431 0.000010
432 0.000860
433 0.000865
434 0.000903
435 0.000008
436 0.000875
437 0.000888
438 0.000010
439 0.000887
440 0.000875
441 0.000908
442 0.000009
443 0.000919
444 0.000923
445 0.000923
446 0.000007
447 0.000890
448 0.000902
449 0.000005
450 0.000010
451 0.001987
452 0.000857
453 0.000010
454 0.000853
455 0.000824
456 0.000009
457 0.000814
458 0.000794
459 0.000795
460 0.000007
461 0.000810
462 0.000813
463 0.000813
464 0.000009
465 0.000790
466 0.000801
467 0.000009
468 0.000849
469 0.000802
470 0.000808
471 0.000011
472 0.000810
473 0.000783
474 0.000794
475 0.000011
476 0.000794
477 0.000771
478 0.000012
479 0.000800
480 0.000790
481 0.000784
482 0.000009
483 0.000788
484 0.000770
485 0.000008
486 0.000793
487 0.000780
488 0.000779
489 0.000010
490 0.000814
491 0.000803
492 0.000822
493 0.000009
494 0.000834
495 0.000816
496 0.000009
497 0.000811
498 0.000808
499 0.000805
500 0.000057
501 0.000828
502 0.000806
503 0.000011
504 0.000823
505 0.000834
506 0.000829
507 0.000011
508 0.000842
509 0.000828
510 0.000814
511 0.000013
512 0.000835
513 0.000842
514 0.000012
515 0.000816
516 0.000828
517 0.000843
518 0.000009
519 0.000825
520 0.000840
521 0.000010
522 0.000853
523 0.000829
524 0.000847
525 0.000010
526 0.000891
527 0.000890
528 0.000924
529 0.000008
530 0.000939
531 0.000944
532 0.000008
533 0.000950
534 0.000957
535 0.000959
536 0.000007
537 0.000968
538 0.000957
539 0.000014
540 0.000997
541 0.000981
542 0.000978
543 0.000010
544 0.001015
545 0.000997
546 0.000997
547 0.000014
548 0.001010
549 0.001013
550 0.000012
551 0.001030
552 0.001025
553 0.001029
554 0.000008
555 0.001038
556 0.001059
557 0.001042
558 0.000011
559 0.001029
560 0.001043
561 0.000008
562 0.001057
563 0.001066
564 0.001049
565 0.000009
566 0.001055
567 0.001037
568 0.000007
569 0.001019
570 0.001004
571 0.000992
572 0.000005
573 0.000976
574 0.000920
575 0.000949
576 0.000006
577 0.000918
578 0.000914
579 0.000008
580 0.000907
581 0.000879
582 0.000868
583 0.000010
584 0.000882
585 0.000880
586 0.000008
587 0.000853
588 0.000905
589 0.000876
590 0.000007
591 0.000856
592 0.000870
593 0.000872
594 0.000009
595 0.000856
596 0.000966
597 0.000009
598 0.000861
599 0.000873
600 0.000896
601 0.000007
602 0.000932
603 0.000944
604 0.000009
605 0.000952
606 0.000901
607 0.000924
608 0.000007
609 0.000964
610 0.000962
611 0.000982
612 0.000006
613 0.001000
614 0.001041
615 0.000009
616 0.001066
617 0.001077
618 0.001040
619 0.000010
620 0.001033
621 0.001059
622 0.000010
623 0.001014
624 0.001019
625 0.001066
626 0.000008
627 0.001029
628 0.001039
629 0.001042
630 0.000010
631 0.001017
632 0.001008
633 0.000007
634 0.000008
635 0.001753
636 0.000938
637 0.000012
638 0.000934
639 0.000882
640 0.000858
641 0.000009
642 0.000846
643 0.000833
644 0.000010
645 0.000824
646 0.000824
647 0.000814
648 0.000007
649 0.000833
650 0.000820
651 0.000008
652 0.000864
653 0.000817
654 0.000807
655 0.000010
656 0.000857
657 0.000873
658 0.000830
659 0.000008
660 0.000837
661 0.000850
662 0.000008
663 0.000876
