1 0.000147
2 0.000016
3 0.000152
4 0.000176
5 0.000031
6 0.000159
7 0.000160
8 0.000172
9 0.000034
10 0.000156
11 0.000146
12 0.000165
13 0.000030
14 0.000137
15 0.000156
16 0.000016
17 0.000161
18 0.000138
19 0.000163
20 0.000015
21 0.000154
22 0.000134
23 0.000017
24 0.000163
25 0.000158
26 0.000134
27 0.000023
28 0.000158
29 0.000154
30 0.000132
31 0.000019
32 0.000157
33 0.000145
34 0.000015
35 0.000139
36 0.000151
37 0.000158
38 0.000019
39 0.000128
40 0.000154
41 0.000028
42 0.000144
43 0.000134
44 0.000147
45 0.000021
46 0.000155
47 0.000126
48 0.000153
49 0.000030
50 0.000129
51 0.000128
52 0.000015
53 0.000174
54 0.000131
55 0.000138
56 0.000012
57 0.000168
58 0.000128
59 0.000144
60 0.000015
61 0.000161
62 0.000134
63 0.000016
64 0.000130
65 0.000158
66 0.000130
67 0.000015
68 0.000135
69 0.000159
70 0.000018
71 0.000133
72 0.000131
73 0.000165
74 0.000017
75 0.000132
76 0.000131
77 0.000153
78 0.000014
79 0.000134
80 0.000126
81 0.000030
82 0.000155
83 0.000124
84 0.000126
85 0.000030
86 0.000141
87 0.000122
88 0.000014
89 0.000138
90 0.000148
91 0.000131
92 0.000015
93 0.000140
94 0.000142
95 0.000130
96 0.000016
97 0.000140
98 0.000138
99 0.000020
100 0.000125
101 0.000137
102 0.000132
103 0.000017
104 0.000139
105 0.000138
106 0.000015
107 0.000141
108 0.000129
109 0.000137
110 0.000017
111 0.000137
112 0.000130
113 0.000135
114 0.000016
115 0.000136
116 0.000123
117 0.000022
118 0.000134
119 0.000130
120 0.000123
121 0.000029
122 0.000115
123 0.000122
124 0.000014
125 0.000151
126 0.000111
127 0.000134
128 0.000013
129 0.000142
130 0.000115
131 0.000123
132 0.000016
133 0.000142
134 0.000116
135 0.000015
136 0.000110
137 0.000142
138 0.000113
139 0.000016
140 0.000120
141 0.000143
142 0.000105
143 0.000023
144 0.000109
145 0.000142
146 0.000018
147 0.000100
148 0.000112
149 0.000136
150 0.000014
151 0.000106
152 0.000110
153 0.000030
154 0.000130
155 0.000102
156 0.000109
157 0.000027
158 0.000125
159 0.000108
160 0.000107
161 0.000022
162 0.000124
163 0.000102
164 0.000015
165 0.000119
166 0.000120
167 0.000105
168 0.000015
169 0.000113
170 0.000113
171 0.000018
172 0.000103
173 0.000120
174 0.000117
175 0.000018
176 0.000108
177 0.000103
178 0.000115
179 0.000014
180 0.000098
181 0.000130
182 0.000016
183 0.000101
184 0.000097
185 0.000136
186 0.000015
187 0.000101
188 0.000098
189 0.000022
190 0.000128
191 0.000092
192 0.000098
193 0.000029
194 0.000113
195 0.000096
196 0.000091
197 0.000031
198 0.000106
199 0.000097
200 0.000011
201 0.000107
202 0.000103
203 0.000100
204 0.000015
205 0.000101
206 0.000105
207 0.000016
208 0.000089
209 0.000105
210 0.000106
211 0.000014
212 0.000097
213 0.000096
214 0.000100
215 0.000017
216 0.000093
217 0.000102
218 0.000018
219 0.000097
220 0.000086
221 0.000094
222 0.000014
223 0.000103
224 0.000084
225 0.000101
226 0.000017
227 0.000101
228 0.000088
229 0.000029
230 0.000087
231 0.000095
232 0.000081
233 0.000021
234 0.000081
235 0.000089
236 0.000014
237 0.000095
238 0.000083
239 0.000091
240 0.000015
241 0.000094
242 0.000074
243 0.000099
244 0.000012
245 0.000095
246 0.000072
247 0.000015
248 0.000096
249 0.000081
250 0.000120
251 0.000000
252 0.000081
253 0.000067
254 0.000011
255 0.000080
256 0.000089
257 0.000072
258 0.000013
259 0.000084
260 0.000091
261 0.000077
262 0.000017
263 0.000085
264 0.000083
265 0.000014
266 0.000066
267 0.000083
268 0.000077
269 0.000012
270 0.000071
271 0.000070
272 0.000011
273 0.000087
274 0.000065
275 0.000082
276 0.000015
277 0.000076
278 0.000067
279 0.000071
280 0.000014
281 0.000071
282 0.000063
283 0.000019
284 0.000069
285 0.000071
286 0.000054
287 0.000027
288 0.000047
289 0.000054
290 0.000013
291 0.000095
292 0.000053
293 0.000055
294 0.000011
295 0.000082
296 0.000052
297 0.000050
298 0.000012
299 0.000076
300 0.000054
301 0.000014
302 0.000050
303 0.000080
304 0.000054
305 0.000009
306 0.000047
307 0.000074
308 0.000043
309 0.000014
310 0.000038
311 0.000074
312 0.000013
313 0.000039
314 0.000042
315 0.000067
316 0.000010
317 0.000044
318 0.000037
319 0.000026
320 0.000055
321 0.000035
322 0.000041
323 0.000025
324 0.000048
325 0.000036
326 0.000034
327 0.000019
328 0.000051
329 0.000027
330 0.000010
331 0.000043
332 0.000046
333 0.000011
334 0.000009
335 0.003650
336 0.001178
337 0.000008
338 0.001671
339 0.001792
340 0.001294
341 0.000014
342 0.001271
343 0.001229
344 0.001230
345 0.000010
346 0.001304
347 0.001279
348 0.000011
349 0.001093
350 0.001073
351 0.001257
352 0.000007
353 0.001368
354 0.001338
355 0.000005
356 0.001385
357 0.001286
358 0.001209
359 0.000006
360 0.001170
361 0.001054
362 0.001012
363 0.000005
364 0.000982
365 0.000862
366 0.000007
367 0.000802
368 0.000779
369 0.000746
370 0.000004
371 0.000782
372 0.000774
373 0.000022
374 0.000762
375 0.000700
376 0.000690
377 0.000011
378 0.000704
379 0.000706
380 0.000697
381 0.000017
382 0.000711
383 0.000735
384 0.000013
385 0.000726
386 0.000740
387 0.000768
388 0.000009
389 0.000777
390 0.000808
391 0.000798
392 0.000017
393 0.000839
394 0.000838
395 0.000020
396 0.000879
397 0.000891
398 0.000909
399 0.000018
400 0.000878
401 0.000913
402 0.000009
403 0.000900
404 0.000881
405 0.000892
406 0.000010
407 0.000860
408 0.000862
409 0.000879
410 0.000010
411 0.000879
412 0.000873
413 0.000010
414 0.000879
415 0.000873
416 0.000853
417 0.000017
418 0.000872
419 0.000894
420 0.000012
421 0.000849
422 0.000872
423 0.000891
424 0.000009
425 0.000887
426 0.000928
427 0.000936
428 0.000010
429 0.000912
430 0.000959
431 0.000025
432 0.000890
433 0.000874
434 0.000907
435 0.000015
436 0.000871
437 0.000856
438 0.000012
439 0.000894
440 0.000863
441 0.000849
442 0.000013
443 0.000873
444 0.000847
445 0.000869
446 0.000008
447 0.000886
448 0.000872
449 0.000011
450 0.000873
451 0.000890
452 0.000892
453 0.000007
454 0.000013
455 0.000899
456 0.000008
457 0.001838
458 0.000902
459 0.000939
460 0.000009
461 0.000906
462 0.000919
463 0.000966
464 0.000012
465 0.000909
466 0.000933
467 0.000019
468 0.000958
469 0.000940
470 0.000950
471 0.000023
472 0.000984
473 0.000950
474 0.000975
475 0.000023
476 0.000966
477 0.000976
478 0.000012
479 0.000986
480 0.000969
481 0.001002
482 0.000011
483 0.001001
484 0.000970
485 0.000010
486 0.000999
487 0.000978
488 0.000011
489 0.000011
490 0.000983
491 0.001720
492 0.000984
493 0.000009
494 0.000993
495 0.000994
496 0.000010
497 0.000985
498 0.000997
499 0.000984
500 0.000070
501 0.000989
502 0.001012
503 0.000010
504 0.000998
505 0.001034
506 0.001007
507 0.000010
508 0.001018
509 0.001043
510 0.001019
511 0.000012
512 0.001033
513 0.001069
514 0.000011
515 0.001018
516 0.001044
517 0.001073
518 0.000009
519 0.001054
520 0.001059
521 0.000019
522 0.001086
523 0.001047
524 0.001064
525 0.000020
526 0.001069
527 0.001058
528 0.001071
529 0.000015
530 0.001075
531 0.001050
532 0.000011
533 0.001065
534 0.001052
535 0.001045
536 0.000012
537 0.001042
538 0.001036
539 0.000014
540 0.001048
541 0.001057
542 0.001056
543 0.000009
544 0.001057
545 0.001053
546 0.001071
547 0.000013
548 0.001049
549 0.001078
550 0.000011
551 0.001063
552 0.001060
553 0.001083
554 0.000009
555 0.001073
556 0.001079
557 0.001104
558 0.000011
559 0.001083
560 0.001095
561 0.000019
562 0.001104
563 0.001107
564 0.001097
565 0.000022
566 0.001094
567 0.001108
568 0.000009
569 0.001126
570 0.001092
571 0.001121
572 0.000011
573 0.001114
574 0.001101
575 0.001128
576 0.000012
577 0.001120
578 0.001104
579 0.000008
580 0.001130
581 0.001114
582 0.001090
583 0.000014
584 0.001115
585 0.001115
586 0.000012
587 0.001081
588 0.001089
589 0.001078
590 0.000008
591 0.001079
592 0.001088
593 0.001085
594 0.000010
595 0.001058
596 0.001077
597 0.000019
598 0.001079
599 0.001045
600 0.001080
601 0.000013
602 0.001076
603 0.001074
604 0.000011
605 0.001075
606 0.001048
607 0.001035
608 0.000011
609 0.001053
610 0.000011
611 0.001037
612 0.000008
613 0.001037
614 0.001037
615 0.000009
616 0.001047
617 0.001046
618 0.001090
619 0.000010
620 0.001032
621 0.001497
622 0.000007
623 0.001095
624 0.001000
625 0.000979
626 0.000008
627 0.000985
628 0.000018
629 0.001006
630 0.000010
631 0.000970
632 0.001054
633 0.000018
634 0.001033
635 0.001660
636 0.001012
637 0.000016
638 0.001035
639 0.000011
640 0.001012
641 0.000022
642 0.001004
643 0.001063
644 0.000011
645 0.001021
646 0.000990
647 0.000987
648 0.000010
649 0.001014
650 0.001024
651 0.000007
652 0.001542
653 0.000023
654 0.001024
655 0.000006
656 0.001038
657 0.001032
658 0.000990
659 0.000009
660 0.000987
661 0.000982
662 0.000008
663 0.000961
