0 0.353586
1 0.000001
2 0.000301
3 0.000296
4 0.000292
5 0.000288
6 0.000283
7 0.000278
8 0.000274
9 0.000270
10 0.000266
11 0.000549
12 0.000613
13 0.000597
14 0.000585
15 0.000604
16 0.000735
17 0.000728
18 0.000811
19 0.000816
20 0.000862
21 0.000894
22 0.000906
23 0.000966
24 0.000954
25 0.001028
26 0.001019
27 0.001061
28 0.001082
29 0.001105
30 0.001160
31 0.001162
32 0.001243
33 0.001242
34 0.001301
35 0.001324
36 0.001358
37 0.001405
38 0.001415
39 0.001486
40 0.001487
41 0.001551
42 0.001569
43 0.001609
44 0.001651
45 0.001670
46 0.001735
47 0.001739
48 0.001810
49 0.001823
50 0.001871
51 0.001908
52 0.001933
53 0.001992
54 0.001999
55 0.002076
56 0.002085
57 0.002140
58 0.002173
59 0.002207
60 0.002262
61 0.002277
62 0.002354
63 0.002366
64 0.002431
65 0.002462
66 0.002508
67 0.002562
68 0.002589
69 0.002666
70 0.002685
71 0.002761
72 0.002794
73 0.002852
74 0.002908
75 0.002949
76 0.003030
77 0.003060
78 0.003153
79 0.003194
80 0.003272
81 0.003339
82 0.003402
83 0.003496
84 0.003545
85 0.003665
86 0.003713
87 0.003788
88 0.003812
89 0.003828
90 0.003840
91 0.003809
92 0.003829
93 0.003792
94 0.003809
95 0.003816
96 0.003857
97 0.003908
98 0.003930
99 0.003983
100 0.003993
101 0.004052
102 0.004072
103 0.004111
104 0.004142
105 0.004161
106 0.004207
107 0.004220
108 0.004286
109 0.004312
110 0.004370
111 0.004404
112 0.004423
113 0.004452
114 0.004439
115 0.004459
116 0.004428
117 0.004426
118 0.004399
119 0.004367
120 0.004328
121 0.004264
122 0.004217
123 0.004144
124 0.004096
125 0.004023
126 0.003977
127 0.003939
128 0.003886
129 0.003852
130 0.003794
131 0.003754
132 0.003696
133 0.003658
134 0.003628
135 0.003610
136 0.003619
137 0.003621
138 0.003642
139 0.003644
140 0.003659
141 0.003667
142 0.003675
143 0.003685
144 0.003683
145 0.003692
146 0.003684
147 0.003684
148 0.003672
149 0.003660
150 0.003650
151 0.003639
152 0.003639
153 0.003625
154 0.003622
155 0.003624
156 0.003643
157 0.003666
158 0.003687
159 0.003712
160 0.003731
161 0.003756
162 0.003774
163 0.003796
164 0.003818
165 0.003841
166 0.003865
167 0.003884
168 0.003907
169 0.003926
170 0.003947
171 0.003966
172 0.003985
173 0.004004
174 0.004026
175 0.004049
176 0.004070
177 0.004082
178 0.004086
179 0.004084
180 0.004083
181 0.004079
182 0.004071
183 0.004067
184 0.004059
185 0.004054
186 0.004047
187 0.004050
188 0.004055
189 0.004054
190 0.004060
191 0.004057
192 0.004060
193 0.004052
194 0.004048
195 0.004047
196 0.004038
197 0.004032
198 0.004009
199 0.004005
200 0.003989
201 0.003977
202 0.003972
203 0.003970
204 0.003978
205 0.003969
206 0.003976
207 0.003969
208 0.003980
209 0.003988
210 0.004003
211 0.004024
212 0.004033
213 0.004064
214 0.004073
215 0.004105
216 0.004124
217 0.004149
218 0.004175
219 0.004182
220 0.004204
221 0.004187
222 0.004197
223 0.004180
224 0.004172
225 0.004165
226 0.004142
227 0.004138
228 0.004109
229 0.004122
230 0.004105
231 0.004106
232 0.004096
233 0.004080
234 0.004081
235 0.004051
236 0.004057
237 0.004023
238 0.004016
239 0.003985
240 0.003948
241 0.003919
242 0.003860
243 0.003839
244 0.003775
245 0.003758
246 0.003724
247 0.003706
248 0.003687
249 0.003644
250 0.003634
251 0.003569
252 0.003554
253 0.003497
254 0.003456
255 0.003409
256 0.003348
257 0.003320
258 0.003250
259 0.003237
260 0.003185
261 0.003160
262 0.003122
263 0.003093
264 0.003090
265 0.003047
266 0.003055
267 0.003010
268 0.003010
269 0.002983
270 0.002963
271 0.002956
272 0.002917
273 0.002927
274 0.002873
275 0.002879
276 0.002844
277 0.002828
278 0.002812
279 0.002772
280 0.002781
281 0.002720
282 0.002732
283 0.002689
284 0.002681
285 0.002664
286 0.002636
287 0.002645
288 0.002591
289 0.002610
290 0.002561
291 0.002563
292 0.002537
293 0.002512
294 0.002514
295 0.002459
296 0.002480
297 0.002415
298 0.002425
299 0.002388
300 0.002366
301 0.002359
302 0.002304
303 0.002326
304 0.002242
305 0.002261
306 0.002207
307 0.002191
308 0.002172
309 0.002118
310 0.002133
311 0.002038
312 0.002060
313 0.001985
314 0.001974
315 0.001937
316 0.001883
317 0.001885
318 0.001782
319 0.001794
320 0.001682
321 0.001662
322 0.001584
323 0.001511
324 0.001470
325 0.001347
326 0.001339
327 0.001196
328 0.001176
329 0.001079
330 0.001015
331 0.000963
