0 0.322441
1 0.000001
2 0.000070
3 0.000070
4 0.000070
5 0.000070
6 0.000070
7 0.000119
8 0.000178
9 0.000178
10 0.000177
11 0.000177
12 0.000177
13 0.000280
14 0.000287
15 0.000287
16 0.000287
17 0.000287
18 0.000329
19 0.000394
20 0.000394
21 0.000393
22 0.000393
23 0.000393
24 0.000485
25 0.000499
26 0.000499
27 0.000498
28 0.000498
29 0.000532
30 0.000602
31 0.000601
32 0.000600
33 0.000600
34 0.000599
35 0.000690
36 0.000712
37 0.000711
38 0.000709
39 0.000709
40 0.000734
41 0.000806
42 0.000804
43 0.000802
44 0.000801
45 0.000799
46 0.000868
47 0.000892
48 0.000890
49 0.000887
50 0.000885
51 0.000902
52 0.000980
53 0.000976
54 0.000973
55 0.000970
56 0.000968
57 0.001025
58 0.001052
59 0.001048
60 0.001045
61 0.001041
62 0.001050
63 0.001127
64 0.001122
65 0.001119
66 0.001115
67 0.001110
68 0.001157
69 0.001186
70 0.001181
71 0.001176
72 0.001172
73 0.001172
74 0.001248
75 0.001242
76 0.001237
77 0.001231
78 0.001226
79 0.001263
80 0.001293
81 0.001288
82 0.001283
83 0.001277
84 0.001272
85 0.001346
86 0.001340
87 0.001335
88 0.001330
89 0.001325
90 0.001354
91 0.001388
92 0.001383
93 0.001379
94 0.001375
95 0.001371
96 0.001435
97 0.001435
98 0.001431
99 0.001426
100 0.001421
101 0.001443
102 0.001477
103 0.001470
104 0.001464
105 0.001457
106 0.001449
107 0.001499
108 0.001499
109 0.001490
110 0.001482
111 0.001473
112 0.001485
113 0.001518
114 0.001509
115 0.001500
116 0.001491
117 0.001483
118 0.001521
119 0.001525
120 0.001517
121 0.001510
122 0.001502
123 0.001511
124 0.001545
125 0.001539
126 0.001533
127 0.001527
128 0.001520
129 0.001553
130 0.001560
131 0.001552
132 0.001543
133 0.001535
134 0.001536
135 0.001567
136 0.001557
137 0.001548
138 0.001539
139 0.001530
140 0.001553
141 0.001560
142 0.001551
143 0.001542
144 0.001533
145 0.001531
146 0.001562
147 0.001554
148 0.001545
149 0.001538
150 0.001532
151 0.001554
152 0.001569
153 0.001567
154 0.001566
155 0.001565
156 0.001567
157 0.001605
158 0.001604
159 0.001603
160 0.001602
161 0.001601
162 0.001622
163 0.001641
164 0.001640
165 0.001639
166 0.001638
167 0.001637
168 0.001677
169 0.001676
170 0.001675
171 0.001672
172 0.001669
173 0.001682
174 0.001699
175 0.001694
176 0.001690
177 0.001686
178 0.001682
179 0.001712
180 0.001711
181 0.001706
182 0.001702
183 0.001698
184 0.001709
185 0.001726
186 0.001722
187 0.001718
188 0.001714
189 0.001710
190 0.001737
191 0.001738
192 0.001734
193 0.001731
194 0.001728
195 0.001737
196 0.001756
197 0.001753
198 0.001750
199 0.001748
200 0.001745
201 0.001769
202 0.001773
203 0.001770
204 0.001768
205 0.001766
206 0.001771
207 0.001793
208 0.001793
209 0.001793
210 0.001794
211 0.001794
212 0.001815
213 0.001820
214 0.001817
215 0.001814
216 0.001812
217 0.001815
218 0.001835
219 0.001833
220 0.001830
221 0.001828
222 0.001825
223 0.001841
224 0.001848
225 0.001845
226 0.001842
227 0.001840
228 0.001841
229 0.001862
230 0.001859
231 0.001857
232 0.001854
233 0.001852
234 0.001865
235 0.001872
236 0.001870
237 0.001867
238 0.001865
239 0.001865
240 0.001885
241 0.001883
242 0.001881
243 0.001879
244 0.001878
245 0.001889
246 0.001899
247 0.001898
248 0.001897
249 0.001896
250 0.001895
251 0.001916
252 0.001914
253 0.001913
254 0.001912
255 0.001910
256 0.001919
257 0.001929
258 0.001928
259 0.001927
260 0.001926
261 0.001924
262 0.001942
263 0.001942
264 0.001940
265 0.001939
266 0.001937
267 0.001942
268 0.001952
269 0.001950
270 0.001947
271 0.001945
272 0.001943
273 0.001956
274 0.001956
275 0.001954
276 0.001952
277 0.001950
278 0.001954
279 0.001963
280 0.001961
281 0.001960
282 0.001958
283 0.001956
284 0.001967
285 0.001968
286 0.001966
287 0.001965
288 0.001963
289 0.001965
290 0.001973
291 0.001971
292 0.001969
293 0.001967
294 0.001965
295 0.001973
296 0.001974
297 0.001972
298 0.001969
299 0.001967
300 0.001967
301 0.001975
302 0.001972
303 0.001970
304 0.001967
305 0.001964
306 0.001970
307 0.001971
308 0.001968
309 0.001966
310 0.001963
311 0.001961
312 0.001968
313 0.001965
314 0.001962
315 0.001959
316 0.001956
317 0.001960
318 0.001961
319 0.001958
320 0.001955
321 0.001952
322 0.001949
323 0.001954
324 0.001950
325 0.001945
326 0.001940
327 0.001935
328 0.001935
329 0.001935
330 0.001930
331 0.001926
