0 0.361342
1 0.000001
2 0.000042
3 0.000042
4 0.000042
5 0.000088
6 0.000127
7 0.000126
8 0.000133
9 0.000210
10 0.000210
11 0.000210
12 0.000261
13 0.000291
14 0.000291
15 0.000305
16 0.000372
17 0.000372
18 0.000372
19 0.000428
20 0.000452
21 0.000451
22 0.000471
23 0.000529
24 0.000529
25 0.000529
26 0.000590
27 0.000606
28 0.000606
29 0.000632
30 0.000682
31 0.000682
32 0.000682
33 0.000747
34 0.000756
35 0.000756
36 0.000786
37 0.000829
38 0.000829
39 0.000829
40 0.000898
41 0.000901
42 0.000901
43 0.000936
44 0.000971
45 0.000971
46 0.000974
47 0.001040
48 0.001040
49 0.001040
50 0.001080
51 0.001108
52 0.001108
53 0.001116
54 0.001175
55 0.001175
56 0.001175
57 0.001219
58 0.001240
59 0.001240
60 0.001254
61 0.001305
62 0.001305
63 0.001305
64 0.001353
65 0.001369
66 0.001369
67 0.001387
68 0.001432
69 0.001432
70 0.001432
71 0.001484
72 0.001494
73 0.001494
74 0.001516
75 0.001554
76 0.001554
77 0.001553
78 0.001607
79 0.001611
80 0.001611
81 0.001637
82 0.001668
83 0.001667
84 0.001667
85 0.001724
86 0.001723
87 0.001723
88 0.001753
89 0.001778
90 0.001778
91 0.001782
92 0.001832
93 0.001832
94 0.001832
95 0.001865
96 0.001885
97 0.001885
98 0.001894
99 0.001938
100 0.001938
101 0.001938
102 0.001975
103 0.001990
104 0.001990
105 0.002004
106 0.002041
107 0.002042
108 0.002042
109 0.002080
110 0.002090
111 0.002089
112 0.002104
113 0.002134
114 0.002132
115 0.002130
116 0.002168
117 0.002171
118 0.002168
119 0.002185
120 0.002211
121 0.002210
122 0.002210
123 0.002253
124 0.002255
125 0.002255
126 0.002277
127 0.002298
128 0.002298
129 0.002300
130 0.002339
131 0.002338
132 0.002337
133 0.002360
134 0.002376
135 0.002375
136 0.002379
137 0.002415
138 0.002416
139 0.002417
140 0.002444
141 0.002458
142 0.002459
143 0.002468
144 0.002499
145 0.002500
146 0.002502
147 0.002530
148 0.002541
149 0.002543
150 0.002556
151 0.002584
152 0.002587
153 0.002590
154 0.002623
155 0.002632
156 0.002636
157 0.002652
158 0.002678
159 0.002682
160 0.002687
161 0.002723
162 0.002731
163 0.002736
164 0.002757
165 0.002779
166 0.002784
167 0.002789
168 0.002826
169 0.002834
170 0.002844
171 0.002871
172 0.002897
173 0.002910
174 0.002926
175 0.002968
176 0.002986
177 0.003006
178 0.003046
179 0.003079
180 0.003104
181 0.003135
182 0.003182
183 0.003205
184 0.003226
185 0.003266
186 0.003294
187 0.003315
188 0.003341
189 0.003379
190 0.003392
191 0.003403
192 0.003435
193 0.003452
194 0.003461
195 0.003478
196 0.003502
197 0.003508
198 0.003514
199 0.003539
200 0.003546
201 0.003548
202 0.003558
203 0.003570
204 0.003568
205 0.003564
206 0.003578
207 0.003573
208 0.003568
209 0.003571
210 0.003575
211 0.003572
212 0.003575
213 0.003606
214 0.003633
215 0.003658
216 0.003687
217 0.003713
218 0.003733
219 0.003754
220 0.003789
221 0.003809
222 0.003830
223 0.003859
224 0.003884
225 0.003900
226 0.003918
227 0.003947
228 0.003965
229 0.003986
230 0.004017
231 0.004044
232 0.004070
233 0.004102
234 0.004140
235 0.004172
236 0.004206
237 0.004250
238 0.004290
239 0.004331
240 0.004376
241 0.004426
242 0.004473
243 0.004518
244 0.004564
245 0.004599
246 0.004627
247 0.004656
248 0.004685
249 0.004711
250 0.004736
251 0.004763
252 0.004784
253 0.004806
254 0.004830
255 0.004852
256 0.004873
257 0.004893
258 0.004912
259 0.004928
260 0.004943
261 0.004957
262 0.004970
263 0.004982
264 0.004992
265 0.005000
266 0.005009
267 0.005022
268 0.005032
269 0.005041
270 0.005048
271 0.005053
272 0.005052
273 0.005057
274 0.005063
275 0.005063
276 0.005072
277 0.005088
278 0.005111
279 0.005134
280 0.005166
281 0.005199
282 0.005223
283 0.005245
284 0.005255
285 0.005251
286 0.005221
287 0.005211
288 0.005204
289 0.005194
290 0.005213
291 0.005236
292 0.005249
293 0.005260
294 0.005280
295 0.005298
296 0.005297
297 0.005318
298 0.005343
299 0.005359
300 0.005382
301 0.005416
302 0.005449
303 0.005465
304 0.005502
305 0.005534
306 0.005545
307 0.005561
308 0.005584
309 0.005601
310 0.005604
311 0.005634
312 0.005655
313 0.005612
314 0.005591
315 0.005600
316 0.005591
317 0.005544
318 0.005562
319 0.005590
320 0.005593
321 0.005627
322 0.005670
323 0.005689
324 0.005653
325 0.005640
326 0.005665
327 0.005642
328 0.005622
329 0.005614
330 0.005624
331 0.005629
