0 0.361342
1 0.000001
2 0.000016
3 0.000016
4 0.000016
5 0.000034
6 0.000049
7 0.000048
8 0.000051
9 0.000081
10 0.000080
11 0.000081
12 0.000101
13 0.000112
14 0.000112
15 0.000118
16 0.000144
17 0.000144
18 0.000144
19 0.000166
20 0.000175
21 0.000175
22 0.000183
23 0.000206
24 0.000206
25 0.000206
26 0.000230
27 0.000236
28 0.000236
29 0.000246
30 0.000267
31 0.000266
32 0.000267
33 0.000293
34 0.000297
35 0.000296
36 0.000309
37 0.000326
38 0.000326
39 0.000326
40 0.000354
41 0.000355
42 0.000355
43 0.000369
44 0.000384
45 0.000384
46 0.000385
47 0.000412
48 0.000413
49 0.000412
50 0.000429
51 0.000441
52 0.000440
53 0.000444
54 0.000468
55 0.000468
56 0.000468
57 0.000486
58 0.000496
59 0.000495
60 0.000501
61 0.000522
62 0.000522
63 0.000522
64 0.000542
65 0.000549
66 0.000549
67 0.000556
68 0.000575
69 0.000575
70 0.000575
71 0.000597
72 0.000601
73 0.000601
74 0.000610
75 0.000627
76 0.000626
77 0.000626
78 0.000649
79 0.000651
80 0.000651
81 0.000662
82 0.000676
83 0.000675
84 0.000675
85 0.000700
86 0.000700
87 0.000699
88 0.000712
89 0.000723
90 0.000723
91 0.000725
92 0.000747
93 0.000747
94 0.000746
95 0.000761
96 0.000769
97 0.000769
98 0.000773
99 0.000793
100 0.000792
101 0.000792
102 0.000808
103 0.000814
104 0.000814
105 0.000819
106 0.000837
107 0.000836
108 0.000836
109 0.000854
110 0.000858
111 0.000857
112 0.000865
113 0.000880
114 0.000879
115 0.000879
116 0.000899
117 0.000901
118 0.000901
119 0.000910
120 0.000924
121 0.000924
122 0.000924
123 0.000945
124 0.000947
125 0.000947
126 0.000958
127 0.000970
128 0.000970
129 0.000972
130 0.000993
131 0.000994
132 0.000994
133 0.001008
134 0.001017
135 0.001018
136 0.001021
137 0.001040
138 0.001040
139 0.001040
140 0.001055
141 0.001063
142 0.001063
143 0.001068
144 0.001085
145 0.001086
146 0.001086
147 0.001102
148 0.001108
149 0.001109
150 0.001115
151 0.001131
152 0.001131
153 0.001132
154 0.001150
155 0.001154
156 0.001155
157 0.001164
158 0.001177
159 0.001178
160 0.001179
161 0.001198
162 0.001201
163 0.001202
164 0.001212
165 0.001224
166 0.001225
167 0.001227
168 0.001248
169 0.001249
170 0.001251
171 0.001263
172 0.001274
173 0.001276
174 0.001280
175 0.001300
176 0.001302
177 0.001304
178 0.001318
179 0.001327
180 0.001329
181 0.001334
182 0.001351
183 0.001353
184 0.001354
185 0.001369
186 0.001375
187 0.001376
188 0.001381
189 0.001396
190 0.001396
191 0.001396
192 0.001411
193 0.001416
194 0.001416
195 0.001422
196 0.001434
197 0.001434
198 0.001434
199 0.001448
200 0.001451
201 0.001451
202 0.001459
203 0.001470
204 0.001471
205 0.001473
206 0.001492
207 0.001494
208 0.001496
209 0.001505
210 0.001515
211 0.001516
212 0.001518
213 0.001534
214 0.001534
215 0.001533
216 0.001542
217 0.001548
218 0.001546
219 0.001546
220 0.001559
221 0.001557
222 0.001555
223 0.001563
224 0.001567
225 0.001565
226 0.001566
227 0.001576
228 0.001575
229 0.001575
230 0.001586
231 0.001591
232 0.001591
233 0.001596
234 0.001607
235 0.001608
236 0.001608
237 0.001621
238 0.001624
239 0.001624
240 0.001630
241 0.001639
242 0.001640
243 0.001640
244 0.001653
245 0.001655
246 0.001656
247 0.001663
248 0.001671
249 0.001672
250 0.001674
251 0.001688
252 0.001690
253 0.001691
254 0.001701
255 0.001711
256 0.001714
257 0.001719
258 0.001735
259 0.001739
260 0.001743
261 0.001755
262 0.001764
263 0.001769
264 0.001775
265 0.001791
266 0.001795
267 0.001800
268 0.001814
269 0.001823
270 0.001828
271 0.001837
272 0.001853
273 0.001859
274 0.001865
275 0.001882
276 0.001890
277 0.001896
278 0.001907
279 0.001921
280 0.001927
281 0.001933
282 0.001950
283 0.001958
284 0.001963
285 0.001974
286 0.001988
287 0.001993
288 0.001999
289 0.002016
290 0.002023
291 0.002029
292 0.002040
293 0.002052
294 0.002057
295 0.002061
296 0.002076
297 0.002078
298 0.002081
299 0.002088
300 0.002092
301 0.002093
302 0.002095
303 0.002106
304 0.002106
305 0.002106
306 0.002114
307 0.002119
308 0.002119
309 0.002121
310 0.002129
311 0.002128
312 0.002127
313 0.002133
314 0.002135
315 0.002133
316 0.002134
317 0.002139
318 0.002137
319 0.002135
320 0.002140
321 0.002140
322 0.002139
323 0.002144
324 0.002155
325 0.002159
326 0.002164
327 0.002177
328 0.002183
329 0.002189
330 0.002198
331 0.002209
