0 0.361342
1 0.000001
2 0.000034
3 0.000033
4 0.000033
5 0.000034
6 0.000034
7 0.000034
8 0.000034
9 0.000034
10 0.000033
11 0.000033
12 0.000034
13 0.000034
14 0.000033
15 0.000034
16 0.000033
17 0.000034
18 0.000034
19 0.000034
20 0.000034
21 0.000034
22 0.000045
23 0.000079
24 0.000079
25 0.000079
26 0.000079
27 0.000079
28 0.000079
29 0.000086
30 0.000101
31 0.000101
32 0.000101
33 0.000101
34 0.000101
35 0.000101
36 0.000110
37 0.000123
38 0.000123
39 0.000123
40 0.000123
41 0.000123
42 0.000123
43 0.000134
44 0.000144
45 0.000144
46 0.000145
47 0.000144
48 0.000144
49 0.000144
50 0.000157
51 0.000166
52 0.000166
53 0.000166
54 0.000166
55 0.000166
56 0.000166
57 0.000180
58 0.000187
59 0.000187
60 0.000187
61 0.000187
62 0.000187
63 0.000187
64 0.000202
65 0.000207
66 0.000207
67 0.000207
68 0.000207
69 0.000207
70 0.000207
71 0.000224
72 0.000228
73 0.000228
74 0.000228
75 0.000228
76 0.000228
77 0.000228
78 0.000246
79 0.000248
80 0.000248
81 0.000248
82 0.000248
83 0.000248
84 0.000248
85 0.000268
86 0.000268
87 0.000268
88 0.000268
89 0.000268
90 0.000268
91 0.000269
92 0.000287
93 0.000287
94 0.000287
95 0.000287
96 0.000287
97 0.000287
98 0.000290
99 0.000306
100 0.000307
101 0.000306
102 0.000307
103 0.000307
104 0.000307
105 0.000311
106 0.000326
107 0.000326
108 0.000326
109 0.000326
110 0.000326
111 0.000326
112 0.000332
113 0.000344
114 0.000344
115 0.000344
116 0.000345
117 0.000344
118 0.000344
119 0.000352
120 0.000363
121 0.000363
122 0.000363
123 0.000363
124 0.000363
125 0.000363
126 0.000372
127 0.000381
128 0.000381
129 0.000381
130 0.000381
131 0.000381
132 0.000381
133 0.000391
134 0.000399
135 0.000399
136 0.000399
137 0.000399
138 0.000399
139 0.000399
140 0.000411
141 0.000417
142 0.000417
143 0.000417
144 0.000417
145 0.000416
146 0.000417
147 0.000430
148 0.000434
149 0.000434
150 0.000434
151 0.000434
152 0.000434
153 0.000434
154 0.000448
155 0.000451
156 0.000451
157 0.000451
158 0.000451
159 0.000451
160 0.000451
161 0.000466
162 0.000468
163 0.000468
164 0.000468
165 0.000468
166 0.000468
167 0.000468
168 0.000484
169 0.000484
170 0.000484
171 0.000484
172 0.000484
173 0.000484
174 0.000486
175 0.000500
176 0.000500
177 0.000500
178 0.000500
179 0.000500
180 0.000500
181 0.000503
182 0.000516
183 0.000516
184 0.000516
185 0.000516
186 0.000516
187 0.000516
188 0.000520
189 0.000532
190 0.000532
191 0.000532
192 0.000532
193 0.000532
194 0.000532
195 0.000537
196 0.000547
197 0.000547
198 0.000547
199 0.000547
200 0.000547
201 0.000548
202 0.000554
203 0.000563
204 0.000562
205 0.000563
206 0.000562
207 0.000562
208 0.000562
209 0.000570
210 0.000577
211 0.000577
212 0.000577
213 0.000577
214 0.000577
215 0.000577
216 0.000586
217 0.000592
218 0.000592
219 0.000592
220 0.000592
221 0.000592
222 0.000592
223 0.000602
224 0.000606
225 0.000607
226 0.000607
227 0.000607
228 0.000607
229 0.000607
230 0.000617
231 0.000621
232 0.000621
233 0.000621
234 0.000621
235 0.000621
236 0.000622
237 0.000633
238 0.000636
239 0.000636
240 0.000636
241 0.000636
242 0.000636
243 0.000636
244 0.000649
245 0.000650
246 0.000650
247 0.000650
248 0.000651
249 0.000651
250 0.000651
251 0.000664
252 0.000665
253 0.000665
254 0.000665
255 0.000665
256 0.000665
257 0.000667
258 0.000678
259 0.000679
260 0.000679
261 0.000679
262 0.000679
263 0.000679
264 0.000682
265 0.000692
266 0.000692
267 0.000692
268 0.000693
269 0.000693
270 0.000693
271 0.000696
272 0.000706
273 0.000705
274 0.000706
275 0.000706
276 0.000706
277 0.000706
278 0.000710
279 0.000718
280 0.000718
281 0.000719
282 0.000719
283 0.000719
284 0.000719
285 0.000724
286 0.000731
287 0.000731
288 0.000731
289 0.000731
290 0.000732
291 0.000732
292 0.000738
293 0.000743
294 0.000744
295 0.000744
296 0.000744
297 0.000744
298 0.000744
299 0.000751
300 0.000756
301 0.000756
302 0.000756
303 0.000756
304 0.000757
305 0.000757
306 0.000764
307 0.000768
308 0.000769
309 0.000769
310 0.000770
311 0.000770
312 0.000770
313 0.000779
314 0.000781
315 0.000782
316 0.000782
317 0.000783
318 0.000783
319 0.000783
320 0.000792
321 0.000794
322 0.000795
323 0.000795
324 0.000796
325 0.000796
326 0.000796
327 0.000806
328 0.000807
329 0.000807
330 0.000807
331 0.000808
