0 0.361342
1 0.000001
2 0.000428
3 0.000429
4 0.000427
5 0.000399
6 0.000340
7 0.000317
8 0.000294
9 0.000633
10 0.000867
11 0.000842
12 0.000832
13 0.001110
14 0.001140
15 0.001310
16 0.001348
17 0.001483
18 0.001545
19 0.001642
20 0.001732
21 0.001799
22 0.001685
23 0.001652
24 0.001772
25 0.001782
26 0.001924
27 0.001935
28 0.002047
29 0.002083
30 0.002168
31 0.002150
32 0.002143
33 0.002213
34 0.002243
35 0.002335
36 0.002343
37 0.002456
38 0.002442
39 0.002429
40 0.002445
41 0.002523
42 0.002556
43 0.002609
44 0.002597
45 0.002583
46 0.002655
47 0.002668
48 0.002751
49 0.002746
50 0.002729
51 0.002731
52 0.002798
53 0.002818
54 0.002867
55 0.002855
56 0.002843
57 0.002891
58 0.002906
59 0.002912
60 0.002900
61 0.002976
62 0.002967
63 0.002974
64 0.002986
65 0.003036
66 0.003033
67 0.003035
68 0.003080
69 0.003104
70 0.003105
71 0.003101
72 0.003165
73 0.003166
74 0.003169
75 0.003178
76 0.003229
77 0.003231
78 0.003237
79 0.003270
80 0.003297
81 0.003298
82 0.003299
83 0.003350
84 0.003363
85 0.003371
86 0.003383
87 0.003434
88 0.003440
89 0.003446
90 0.003472
91 0.003500
92 0.003501
93 0.003503
94 0.003535
95 0.003545
96 0.003547
97 0.003553
98 0.003590
99 0.003599
100 0.003609
101 0.003627
102 0.003649
103 0.003658
104 0.003666
105 0.003687
106 0.003707
107 0.003729
108 0.003741
109 0.003758
110 0.003771
111 0.003787
112 0.003807
113 0.003830
114 0.003852
115 0.003878
116 0.003894
117 0.003903
118 0.003904
119 0.003906
120 0.003901
121 0.003922
122 0.003931
123 0.003943
124 0.003953
125 0.003956
126 0.003960
127 0.003963
128 0.003971
129 0.003975
130 0.003979
131 0.003964
132 0.003947
133 0.003913
134 0.003897
135 0.003871
136 0.003856
137 0.003828
138 0.003805
139 0.003787
140 0.003764
141 0.003749
142 0.003714
143 0.003696
144 0.003655
145 0.003640
146 0.003611
147 0.003609
148 0.003594
149 0.003583
150 0.003570
151 0.003553
152 0.003548
153 0.003530
154 0.003537
155 0.003522
156 0.003551
157 0.003541
158 0.003564
159 0.003555
160 0.003572
161 0.003569
162 0.003568
163 0.003568
164 0.003563
165 0.003576
166 0.003549
167 0.003548
168 0.003494
169 0.003482
170 0.003432
171 0.003410
172 0.003367
173 0.003335
174 0.003300
175 0.003260
176 0.003239
177 0.003196
178 0.003190
179 0.003143
180 0.003145
181 0.003103
182 0.003100
183 0.003064
184 0.003051
185 0.003022
186 0.002995
187 0.002975
188 0.002937
189 0.002927
190 0.002875
191 0.002873
192 0.002815
193 0.002813
194 0.002766
195 0.002753
196 0.002713
197 0.002683
198 0.002651
199 0.002614
200 0.002598
201 0.002546
202 0.002539
203 0.002477
204 0.002472
205 0.002412
206 0.002399
207 0.002354
208 0.002329
209 0.002294
210 0.002260
211 0.002238
212 0.002192
213 0.002181
214 0.002129
215 0.002125
216 0.002066
217 0.002060
218 0.002018
219 0.002003
220 0.001972
221 0.001948
222 0.001927
223 0.001899
224 0.001889
225 0.001856
226 0.001853
227 0.001814
228 0.001811
229 0.001786
230 0.001779
231 0.001763
232 0.001754
233 0.001745
234 0.001736
235 0.001730
236 0.001727
237 0.001722
238 0.001728
239 0.001722
240 0.001735
241 0.001732
242 0.001750
243 0.001757
244 0.001775
245 0.001792
246 0.001807
247 0.001845
248 0.001857
249 0.001894
250 0.001890
251 0.001922
252 0.001915
253 0.001942
254 0.001944
255 0.001966
256 0.001975
257 0.001990
258 0.002011
259 0.002017
260 0.002041
261 0.002034
262 0.002068
263 0.002059
264 0.002092
265 0.002088
266 0.002111
267 0.002119
268 0.002143
269 0.002156
270 0.002163
271 0.002185
272 0.002188
273 0.002236
274 0.002243
275 0.002305
276 0.002315
277 0.002375
278 0.002398
279 0.002447
280 0.002474
281 0.002502
282 0.002552
283 0.002580
284 0.002628
285 0.002640
286 0.002717
287 0.002729
288 0.002778
289 0.002803
290 0.002866
291 0.002892
292 0.002927
293 0.002975
294 0.003012
295 0.003054
296 0.003075
297 0.003148
298 0.003167
299 0.003214
300 0.003233
301 0.003297
302 0.003322
303 0.003350
304 0.003378
305 0.003388
306 0.003387
307 0.003376
308 0.003418
309 0.003431
310 0.003464
311 0.003476
312 0.003534
313 0.003549
314 0.003575
315 0.003606
316 0.003635
317 0.003641
318 0.003644
319 0.003677
320 0.003682
321 0.003690
322 0.003685
323 0.003720
324 0.003712
325 0.003713
326 0.003720
327 0.003737
328 0.003727
329 0.003717
330 0.003732
331 0.003732
