0 0.361342
1 0.000001
2 0.000064
3 0.000064
4 0.000151
5 0.000190
6 0.000238
7 0.000314
8 0.000325
9 0.000437
10 0.000437
11 0.000531
12 0.000558
13 0.000614
14 0.000677
15 0.000696
16 0.000794
17 0.000793
18 0.000893
19 0.000908
20 0.000971
21 0.001022
22 0.001049
23 0.001133
24 0.001132
25 0.001236
26 0.001242
27 0.001310
28 0.001349
29 0.001384
30 0.001455
31 0.001457
32 0.001558
33 0.001557
34 0.001631
35 0.001659
36 0.001700
37 0.001759
38 0.001769
39 0.001857
40 0.001857
41 0.001935
42 0.001954
43 0.002002
44 0.002050
45 0.002068
46 0.002144
47 0.002144
48 0.002225
49 0.002236
50 0.002288
51 0.002325
52 0.002348
53 0.002411
54 0.002410
55 0.002493
56 0.002495
57 0.002551
58 0.002578
59 0.002607
60 0.002660
61 0.002664
62 0.002740
63 0.002741
64 0.002800
65 0.002820
66 0.002855
67 0.002899
68 0.002910
69 0.002976
70 0.002977
71 0.003041
72 0.003054
73 0.003092
74 0.003124
75 0.003138
76 0.003189
77 0.003185
78 0.003242
79 0.003242
80 0.003280
81 0.003305
82 0.003326
83 0.003372
84 0.003373
85 0.003436
86 0.003436
87 0.003478
88 0.003495
89 0.003516
90 0.003551
91 0.003554
92 0.003610
93 0.003613
94 0.003660
95 0.003676
96 0.003705
97 0.003737
98 0.003749
99 0.003798
100 0.003803
101 0.003854
102 0.003869
103 0.003905
104 0.003936
105 0.003958
106 0.004005
107 0.004016
108 0.004073
109 0.004088
110 0.004132
111 0.004160
112 0.004187
113 0.004234
114 0.004258
115 0.004328
116 0.004357
117 0.004422
118 0.004475
119 0.004539
120 0.004615
121 0.004678
122 0.004767
123 0.004815
124 0.004893
125 0.004946
126 0.005008
127 0.005059
128 0.005093
129 0.005148
130 0.005169
131 0.005218
132 0.005236
133 0.005268
134 0.005290
135 0.005302
136 0.005323
137 0.005316
138 0.005335
139 0.005323
140 0.005330
141 0.005332
142 0.005353
143 0.005424
144 0.005476
145 0.005543
146 0.005586
147 0.005649
148 0.005700
149 0.005755
150 0.005808
151 0.005846
152 0.005903
153 0.005948
154 0.006013
155 0.006073
156 0.006145
157 0.006223
158 0.006303
159 0.006398
160 0.006489
161 0.006599
162 0.006703
163 0.006801
164 0.006876
165 0.006938
166 0.007001
167 0.007057
168 0.007112
169 0.007160
170 0.007212
171 0.007259
172 0.007303
173 0.007340
174 0.007374
175 0.007402
176 0.007428
177 0.007447
178 0.007469
179 0.007496
180 0.007512
181 0.007525
182 0.007527
183 0.007539
184 0.007545
185 0.007576
186 0.007628
187 0.007690
188 0.007762
189 0.007807
190 0.007825
191 0.007773
192 0.007751
193 0.007740
194 0.007777
195 0.007818
196 0.007844
197 0.007887
198 0.007900
199 0.007952
200 0.007995
201 0.008060
202 0.008124
203 0.008186
204 0.008251
205 0.008273
206 0.008324
207 0.008344
208 0.008403
209 0.008360
210 0.008321
211 0.008322
212 0.008260
213 0.008316
214 0.008346
215 0.008434
216 0.008446
217 0.008390
218 0.008434
219 0.008363
220 0.008375
221 0.008376
222 0.008439
223 0.008475
224 0.008563
225 0.008618
226 0.008655
227 0.008879
228 0.009150
229 0.009603
230 0.009751
231 0.009619
232 0.008984
233 0.008402
234 0.007973
235 0.007869
236 0.007911
237 0.007885
238 0.007924
239 0.007927
240 0.007937
241 0.007966
242 0.007940
243 0.007991
244 0.007945
245 0.007974
246 0.007943
247 0.007918
248 0.007894
249 0.007827
250 0.007842
251 0.007744
252 0.007768
253 0.007723
254 0.007750
255 0.007779
256 0.007786
257 0.007861
258 0.007831
259 0.007931
260 0.007935
261 0.008037
262 0.008121
263 0.008233
264 0.008460
265 0.008681
266 0.009202
267 0.009787
268 0.010792
269 0.011990
270 0.013481
271 0.015085
272 0.016457
273 0.018136
274 0.019371
275 0.018853
276 0.014474
277 0.010785
278 0.008396
279 0.007677
280 0.007725
281 0.007607
282 0.007687
283 0.007609
284 0.007637
285 0.007633
286 0.007591
287 0.007663
288 0.007551
289 0.007654
290 0.007541
291 0.007577
292 0.007540
293 0.007505
294 0.007551
295 0.007422
296 0.007515
297 0.007347
298 0.007405
299 0.007319
300 0.007277
301 0.007273
302 0.007119
303 0.007194
304 0.006939
305 0.006997
306 0.006854
307 0.006836
308 0.006804
309 0.006665
310 0.006741
311 0.006468
312 0.006562
313 0.006351
314 0.006339
315 0.006240
316 0.006088
317 0.006114
318 0.005807
319 0.005886
320 0.005572
321 0.005565
322 0.005376
323 0.005208
324 0.005159
325 0.004818
326 0.004875
327 0.004176
328 0.004148
329 0.004191
330 0.004234
331 0.003920
