0 0.265460
1 0.000000
2 0.001189
3 0.001186
4 0.001182
5 0.001180
6 0.001175
7 0.001172
8 0.001169
9 0.002222
10 0.002847
11 0.002831
12 0.002814
13 0.003541
14 0.003613
15 0.004036
16 0.004125
17 0.004463
18 0.004618
19 0.004867
20 0.005080
21 0.005239
22 0.005516
23 0.005603
24 0.005931
25 0.005949
26 0.006303
27 0.006313
28 0.006566
29 0.006611
30 0.006768
31 0.006833
32 0.006894
33 0.006989
34 0.006983
35 0.007121
36 0.007065
37 0.007245
38 0.007181
39 0.007337
40 0.007314
41 0.007428
42 0.007455
43 0.007528
44 0.007600
45 0.007638
46 0.007755
47 0.007761
48 0.007916
49 0.007892
50 0.008048
51 0.008019
52 0.008115
53 0.008104
54 0.008138
55 0.008118
56 0.008077
57 0.008061
58 0.007976
59 0.007978
60 0.007863
61 0.007898
62 0.007918
63 0.008215
64 0.008444
65 0.008760
66 0.009042
67 0.009360
68 0.009702
69 0.010025
70 0.010432
71 0.010765
72 0.011247
73 0.011608
74 0.012150
75 0.012589
76 0.013181
77 0.013733
78 0.014395
79 0.015124
80 0.015790
81 0.016013
82 0.016088
83 0.016646
84 0.017376
85 0.018371
86 0.019042
87 0.019939
88 0.020823
89 0.021916
90 0.023050
91 0.024329
92 0.025768
93 0.027348
94 0.029261
95 0.031382
96 0.034129
97 0.037218
98 0.040945
99 0.042188
100 0.039570
101 0.036320
102 0.032322
103 0.029375
104 0.027543
105 0.026940
106 0.026579
107 0.026334
108 0.025973
109 0.025649
110 0.024933
111 0.023858
112 0.022275
113 0.020695
114 0.019185
115 0.017791
116 0.016461
117 0.016150
118 0.016325
119 0.016449
120 0.016596
121 0.016678
122 0.016774
123 0.016816
124 0.016919
125 0.017163
126 0.017626
127 0.018136
128 0.018702
129 0.019349
130 0.020419
131 0.021864
132 0.023122
133 0.021566
134 0.019993
135 0.020469
136 0.022001
137 0.023815
138 0.025949
139 0.028095
140 0.030225
141 0.032510
142 0.034992
143 0.037662
144 0.040594
145 0.044319
146 0.049295
147 0.054815
148 0.065111
149 0.077440
150 0.084365
151 0.092340
152 0.106814
153 0.125561
154 0.111844
155 0.094304
156 0.079551
157 0.070987
158 0.060066
159 0.055762
160 0.051735
161 0.047495
162 0.043909
163 0.040946
164 0.037855
165 0.034812
166 0.030334
167 0.026513
168 0.023048
169 0.020565
170 0.019365
171 0.018799
172 0.018683
173 0.018660
174 0.018348
175 0.018027
176 0.017765
177 0.017445
178 0.017184
179 0.016827
180 0.016562
181 0.016195
182 0.015915
183 0.015568
184 0.015421
185 0.015333
186 0.015279
187 0.015219
188 0.015137
189 0.015609
190 0.016067
191 0.016651
192 0.017077
193 0.017669
194 0.018150
195 0.018711
196 0.019099
197 0.019114
198 0.018886
199 0.018634
200 0.018452
201 0.018227
202 0.018210
203 0.018123
204 0.018178
205 0.018111
206 0.018154
207 0.018120
208 0.018143
209 0.018143
210 0.018153
211 0.018248
212 0.018269
213 0.018450
214 0.018799
215 0.019473
216 0.020257
217 0.021017
218 0.021382
219 0.021653
220 0.021274
221 0.020721
222 0.020283
223 0.019872
224 0.019590
225 0.019214
226 0.018786
227 0.018213
228 0.017850
229 0.017393
230 0.017079
231 0.016728
232 0.016509
233 0.016306
234 0.016088
235 0.015899
236 0.015656
237 0.015470
238 0.015219
239 0.015013
240 0.014678
241 0.014379
242 0.014061
243 0.013767
244 0.013392
245 0.012609
246 0.011801
247 0.011031
248 0.010324
249 0.009716
250 0.009323
251 0.009417
252 0.009067
253 0.008625
254 0.008181
255 0.007813
256 0.007504
257 0.007556
258 0.007575
259 0.007287
260 0.007058
261 0.006830
262 0.006692
263 0.006514
264 0.006443
265 0.006588
266 0.006846
267 0.007038
268 0.007208
269 0.007344
270 0.007448
271 0.007542
272 0.007456
273 0.007224
274 0.006943
275 0.006739
276 0.006520
277 0.006362
278 0.006237
279 0.006270
280 0.006240
281 0.006105
282 0.005970
283 0.005837
284 0.005745
285 0.005732
286 0.005780
287 0.005700
288 0.005633
289 0.005555
290 0.005504
291 0.005460
292 0.005509
293 0.005601
294 0.005674
295 0.005746
296 0.005796
297 0.005859
298 0.005894
299 0.005944
300 0.005962
301 0.005991
302 0.006000
303 0.006012
304 0.006015
305 0.006012
306 0.006007
307 0.005988
308 0.005974
309 0.005938
310 0.005920
311 0.005881
312 0.005850
313 0.005806
314 0.005765
315 0.005720
316 0.005675
317 0.005633
318 0.005594
319 0.005557
320 0.005518
321 0.005499
322 0.005485
323 0.005470
324 0.005458
325 0.005452
326 0.005461
327 0.005474
328 0.005473
329 0.005465
330 0.005451
331 0.005436
