0 0.313057
1 0.000001
2 0.000166
3 0.000166
4 0.000166
5 0.000166
6 0.000167
7 0.000166
8 0.000167
9 0.000167
10 0.000167
11 0.000167
12 0.000167
13 0.000249
14 0.000256
15 0.000256
16 0.000256
17 0.000256
18 0.000283
19 0.000325
20 0.000325
21 0.000325
22 0.000326
23 0.000326
24 0.000498
25 0.000526
26 0.000527
27 0.000529
28 0.000530
29 0.000551
30 0.000593
31 0.000594
32 0.000596
33 0.000597
34 0.000599
35 0.000705
36 0.000733
37 0.000736
38 0.000738
39 0.000740
40 0.000771
41 0.000853
42 0.000856
43 0.000859
44 0.000862
45 0.000865
46 0.000947
47 0.000980
48 0.000984
49 0.000988
50 0.000992
51 0.001018
52 0.001109
53 0.001114
54 0.001120
55 0.001125
56 0.001131
57 0.001209
58 0.001252
59 0.001259
60 0.001265
61 0.001271
62 0.001290
63 0.001390
64 0.001394
65 0.001398
66 0.001401
67 0.001403
68 0.001469
69 0.001512
70 0.001511
71 0.001509
72 0.001506
73 0.001509
74 0.001598
75 0.001592
76 0.001586
77 0.001580
78 0.001575
79 0.001622
80 0.001663
81 0.001657
82 0.001651
83 0.001645
84 0.001638
85 0.001727
86 0.001720
87 0.001713
88 0.001705
89 0.001698
90 0.001733
91 0.001774
92 0.001766
93 0.001758
94 0.001750
95 0.001742
96 0.001815
97 0.001812
98 0.001804
99 0.001795
100 0.001787
101 0.001811
102 0.001852
103 0.001842
104 0.001833
105 0.001822
106 0.001812
107 0.001869
108 0.001868
109 0.001856
110 0.001844
111 0.001832
112 0.001844
113 0.001880
114 0.001866
115 0.001852
116 0.001838
117 0.001824
118 0.001864
119 0.001860
120 0.001841
121 0.001822
122 0.001801
123 0.001794
124 0.001814
125 0.001787
126 0.001760
127 0.001736
128 0.001715
129 0.001738
130 0.001737
131 0.001724
132 0.001714
133 0.001711
134 0.001723
135 0.001771
136 0.001776
137 0.001782
138 0.001787
139 0.001792
140 0.001834
141 0.001858
142 0.001864
143 0.001870
144 0.001876
145 0.001889
146 0.001939
147 0.001940
148 0.001937
149 0.001932
150 0.001929
151 0.001958
152 0.001977
153 0.001977
154 0.001977
155 0.001978
156 0.001984
157 0.002033
158 0.002037
159 0.002041
160 0.002047
161 0.002052
162 0.002081
163 0.002103
164 0.002100
165 0.002095
166 0.002086
167 0.002074
168 0.002109
169 0.002097
170 0.002081
171 0.002067
172 0.002057
173 0.002069
174 0.002086
175 0.002083
176 0.002081
177 0.002078
178 0.002074
179 0.002108
180 0.002103
181 0.002098
182 0.002097
183 0.002097
184 0.002112
185 0.002136
186 0.002137
187 0.002141
188 0.002146
189 0.002150
190 0.002190
191 0.002202
192 0.002209
193 0.002217
194 0.002224
195 0.002244
196 0.002276
197 0.002284
198 0.002293
199 0.002303
200 0.002314
201 0.002352
202 0.002368
203 0.002375
204 0.002379
205 0.002381
206 0.002391
207 0.002415
208 0.002411
209 0.002406
210 0.002401
211 0.002396
212 0.002416
213 0.002419
214 0.002412
215 0.002405
216 0.002397
217 0.002397
218 0.002416
219 0.002408
220 0.002402
221 0.002395
222 0.002388
223 0.002402
224 0.002405
225 0.002398
226 0.002391
227 0.002384
228 0.002380
229 0.002397
230 0.002390
231 0.002383
232 0.002377
233 0.002370
234 0.002379
235 0.002381
236 0.002368
237 0.002353
238 0.002343
239 0.002338
240 0.002355
241 0.002354
242 0.002355
243 0.002359
244 0.002361
245 0.002377
246 0.002392
247 0.002398
248 0.002404
249 0.002410
250 0.002417
251 0.002447
252 0.002454
253 0.002456
254 0.002457
255 0.002459
256 0.002474
257 0.002485
258 0.002487
259 0.002486
260 0.002486
261 0.002485
262 0.002499
263 0.002497
264 0.002494
265 0.002489
266 0.002484
267 0.002481
268 0.002480
269 0.002470
270 0.002462
271 0.002454
272 0.002448
273 0.002457
274 0.002456
275 0.002450
276 0.002442
277 0.002436
278 0.002436
279 0.002445
280 0.002446
281 0.002450
282 0.002453
283 0.002460
284 0.002476
285 0.002483
286 0.002490
287 0.002497
288 0.002504
289 0.002516
290 0.002532
291 0.002539
292 0.002548
293 0.002556
294 0.002565
295 0.002580
296 0.002589
297 0.002593
298 0.002596
299 0.002598
300 0.002601
301 0.002607
302 0.002605
303 0.002603
304 0.002601
305 0.002598
306 0.002601
307 0.002600
308 0.002598
309 0.002595
310 0.002593
311 0.002593
312 0.002596
313 0.002595
314 0.002593
315 0.002591
316 0.002589
317 0.002590
318 0.002590
319 0.002588
320 0.002587
321 0.002587
322 0.002587
323 0.002589
324 0.002589
325 0.002587
326 0.002587
327 0.002585
328 0.002584
329 0.002581
330 0.002577
331 0.002572
