0 0.346434
1 0.000001
2 0.000138
3 0.000138
4 0.000138
5 0.000138
6 0.000138
7 0.000138
8 0.000138
9 0.000138
10 0.000138
11 0.000138
12 0.000250
13 0.000318
14 0.000318
15 0.000333
16 0.000407
17 0.000407
18 0.000407
19 0.000469
20 0.000495
21 0.000495
22 0.000517
23 0.000582
24 0.000583
25 0.000584
26 0.000651
27 0.000670
28 0.000671
29 0.000700
30 0.000757
31 0.000758
32 0.000759
33 0.000834
34 0.000845
35 0.000847
36 0.000883
37 0.000932
38 0.000935
39 0.000936
40 0.001017
41 0.001023
42 0.001025
43 0.001068
44 0.001111
45 0.001114
46 0.001120
47 0.001200
48 0.001204
49 0.001207
50 0.001258
51 0.001294
52 0.001299
53 0.001312
54 0.001386
55 0.001389
56 0.001393
57 0.001448
58 0.001478
59 0.001481
60 0.001500
61 0.001564
62 0.001566
63 0.001569
64 0.001628
65 0.001648
66 0.001648
67 0.001670
68 0.001723
69 0.001724
70 0.001724
71 0.001787
72 0.001800
73 0.001800
74 0.001827
75 0.001872
76 0.001872
77 0.001873
78 0.001938
79 0.001945
80 0.001947
81 0.001982
82 0.002024
83 0.002029
84 0.002035
85 0.002111
86 0.002119
87 0.002126
88 0.002170
89 0.002209
90 0.002217
91 0.002231
92 0.002301
93 0.002309
94 0.002316
95 0.002365
96 0.002398
97 0.002406
98 0.002424
99 0.002487
100 0.002495
101 0.002502
102 0.002555
103 0.002582
104 0.002589
105 0.002612
106 0.002668
107 0.002674
108 0.002680
109 0.002736
110 0.002754
111 0.002758
112 0.002782
113 0.002827
114 0.002829
115 0.002831
116 0.002888
117 0.002901
118 0.002906
119 0.002935
120 0.002974
121 0.002978
122 0.002980
123 0.003037
124 0.003040
125 0.003040
126 0.003068
127 0.003095
128 0.003093
129 0.003094
130 0.003144
131 0.003138
132 0.003132
133 0.003156
134 0.003170
135 0.003162
136 0.003159
137 0.003194
138 0.003185
139 0.003176
140 0.003200
141 0.003207
142 0.003197
143 0.003198
144 0.003224
145 0.003215
146 0.003209
147 0.003241
148 0.003256
149 0.003264
150 0.003291
151 0.003342
152 0.003370
153 0.003408
154 0.003496
155 0.003569
156 0.003654
157 0.003775
158 0.003937
159 0.004094
160 0.004236
161 0.004387
162 0.004447
163 0.004458
164 0.004449
165 0.004406
166 0.004226
167 0.003906
168 0.003696
169 0.003426
170 0.003131
171 0.002864
172 0.002611
173 0.002448
174 0.002420
175 0.002413
176 0.002390
177 0.002373
178 0.002385
179 0.002398
180 0.002401
181 0.002407
182 0.002427
183 0.002430
184 0.002433
185 0.002451
186 0.002461
187 0.002466
188 0.002475
189 0.002495
190 0.002499
191 0.002503
192 0.002522
193 0.002530
194 0.002535
195 0.002546
196 0.002562
197 0.002569
198 0.002574
199 0.002594
200 0.002602
201 0.002608
202 0.002622
203 0.002638
204 0.002644
205 0.002651
206 0.002672
207 0.002679
208 0.002686
209 0.002700
210 0.002714
211 0.002720
212 0.002727
213 0.002747
214 0.002753
215 0.002759
216 0.002772
217 0.002782
218 0.002787
219 0.002793
220 0.002808
221 0.002813
222 0.002818
223 0.002832
224 0.002842
225 0.002847
226 0.002856
227 0.002870
228 0.002878
229 0.002885
230 0.002899
231 0.002908
232 0.002915
233 0.002925
234 0.002939
235 0.002948
236 0.002957
237 0.002972
238 0.002982
239 0.002990
240 0.003000
241 0.003011
242 0.003019
243 0.003026
244 0.003038
245 0.003047
246 0.003056
247 0.003068
248 0.003079
249 0.003088
250 0.003099
251 0.003113
252 0.003125
253 0.003138
254 0.003154
255 0.003172
256 0.003189
257 0.003208
258 0.003228
259 0.003250
260 0.003272
261 0.003297
262 0.003325
263 0.003355
264 0.003388
265 0.003424
266 0.003466
267 0.003514
268 0.003567
269 0.003623
270 0.003682
271 0.003742
272 0.003804
273 0.003870
274 0.003940
275 0.004008
276 0.004082
277 0.004159
278 0.004234
279 0.004308
280 0.004385
281 0.004460
282 0.004519
283 0.004575
284 0.004598
285 0.004603
286 0.004602
287 0.004603
288 0.004601
289 0.004581
290 0.004570
291 0.004555
292 0.004526
293 0.004492
294 0.004460
295 0.004419
296 0.004353
297 0.004291
298 0.004218
299 0.004120
300 0.004011
301 0.003894
302 0.003770
303 0.003652
304 0.003631
305 0.003642
306 0.003641
307 0.003647
308 0.003658
309 0.003665
310 0.003660
311 0.003671
312 0.003681
313 0.003676
314 0.003681
315 0.003690
316 0.003692
317 0.003683
318 0.003690
319 0.003697
320 0.003683
321 0.003686
322 0.003693
323 0.003692
324 0.003686
325 0.003694
326 0.003701
327 0.003684
328 0.003690
329 0.003698
330 0.003693
331 0.003686
