0 0.361342
1 0.000001
2 0.000021
3 0.000021
4 0.000021
5 0.000021
6 0.000021
7 0.000021
8 0.000025
9 0.000063
10 0.000063
11 0.000063
12 0.000063
13 0.000063
14 0.000063
15 0.000070
16 0.000105
17 0.000105
18 0.000105
19 0.000105
20 0.000105
21 0.000105
22 0.000115
23 0.000146
24 0.000146
25 0.000146
26 0.000146
27 0.000146
28 0.000146
29 0.000159
30 0.000186
31 0.000186
32 0.000186
33 0.000186
34 0.000186
35 0.000186
36 0.000203
37 0.000226
38 0.000226
39 0.000226
40 0.000226
41 0.000226
42 0.000226
43 0.000245
44 0.000265
45 0.000265
46 0.000265
47 0.000265
48 0.000265
49 0.000265
50 0.000287
51 0.000303
52 0.000303
53 0.000303
54 0.000304
55 0.000303
56 0.000303
57 0.000329
58 0.000341
59 0.000341
60 0.000341
61 0.000341
62 0.000341
63 0.000341
64 0.000369
65 0.000378
66 0.000378
67 0.000379
68 0.000378
69 0.000378
70 0.000378
71 0.000409
72 0.000415
73 0.000415
74 0.000415
75 0.000415
76 0.000415
77 0.000415
78 0.000448
79 0.000451
80 0.000451
81 0.000451
82 0.000451
83 0.000451
84 0.000451
85 0.000486
86 0.000486
87 0.000486
88 0.000486
89 0.000486
90 0.000486
91 0.000489
92 0.000521
93 0.000521
94 0.000521
95 0.000521
96 0.000521
97 0.000521
98 0.000526
99 0.000555
100 0.000555
101 0.000555
102 0.000555
103 0.000555
104 0.000555
105 0.000563
106 0.000588
107 0.000588
108 0.000588
109 0.000588
110 0.000588
111 0.000588
112 0.000599
113 0.000621
114 0.000621
115 0.000621
116 0.000621
117 0.000621
118 0.000621
119 0.000635
120 0.000654
121 0.000654
122 0.000654
123 0.000654
124 0.000654
125 0.000654
126 0.000670
127 0.000686
128 0.000686
129 0.000686
130 0.000686
131 0.000686
132 0.000686
133 0.000704
134 0.000717
135 0.000718
136 0.000718
137 0.000717
138 0.000718
139 0.000718
140 0.000738
141 0.000749
142 0.000748
143 0.000749
144 0.000749
145 0.000749
146 0.000749
147 0.000771
148 0.000778
149 0.000779
150 0.000778
151 0.000779
152 0.000778
153 0.000778
154 0.000803
155 0.000808
156 0.000808
157 0.000808
158 0.000807
159 0.000807
160 0.000807
161 0.000834
162 0.000836
163 0.000836
164 0.000836
165 0.000836
166 0.000836
167 0.000836
168 0.000864
169 0.000864
170 0.000864
171 0.000864
172 0.000864
173 0.000864
174 0.000866
175 0.000891
176 0.000891
177 0.000891
178 0.000891
179 0.000891
180 0.000891
181 0.000896
182 0.000919
183 0.000918
184 0.000918
185 0.000918
186 0.000918
187 0.000918
188 0.000925
189 0.000945
190 0.000945
191 0.000945
192 0.000945
193 0.000945
194 0.000945
195 0.000954
196 0.000972
197 0.000972
198 0.000972
199 0.000972
200 0.000972
201 0.000972
202 0.000983
203 0.000998
204 0.000998
205 0.000998
206 0.000998
207 0.000998
208 0.000998
209 0.001011
210 0.001024
211 0.001024
212 0.001024
213 0.001024
214 0.001024
215 0.001024
216 0.001038
217 0.001048
218 0.001048
219 0.001048
220 0.001048
221 0.001048
222 0.001047
223 0.001063
224 0.001071
225 0.001070
226 0.001070
227 0.001069
228 0.001069
229 0.001068
230 0.001085
231 0.001090
232 0.001089
233 0.001089
234 0.001088
235 0.001088
236 0.001087
237 0.001106
238 0.001109
239 0.001109
240 0.001109
241 0.001109
242 0.001109
243 0.001109
244 0.001129
245 0.001131
246 0.001131
247 0.001131
248 0.001131
249 0.001131
250 0.001132
251 0.001153
252 0.001153
253 0.001153
254 0.001153
255 0.001153
256 0.001153
257 0.001155
258 0.001174
259 0.001173
260 0.001173
261 0.001173
262 0.001173
263 0.001173
264 0.001176
265 0.001192
266 0.001192
267 0.001192
268 0.001192
269 0.001191
270 0.001191
271 0.001196
272 0.001211
273 0.001211
274 0.001212
275 0.001212
276 0.001212
277 0.001213
278 0.001220
279 0.001233
280 0.001233
281 0.001233
282 0.001234
283 0.001234
284 0.001234
285 0.001242
286 0.001254
287 0.001254
288 0.001254
289 0.001255
290 0.001255
291 0.001255
292 0.001265
293 0.001274
294 0.001274
295 0.001275
296 0.001276
297 0.001276
298 0.001277
299 0.001288
300 0.001296
301 0.001297
302 0.001297
303 0.001298
304 0.001299
305 0.001300
306 0.001312
307 0.001319
308 0.001320
309 0.001321
310 0.001322
311 0.001323
312 0.001324
313 0.001337
314 0.001343
315 0.001344
316 0.001345
317 0.001346
318 0.001347
319 0.001349
320 0.001364
321 0.001368
322 0.001369
323 0.001371
324 0.001372
325 0.001373
326 0.001375
327 0.001391
328 0.001394
329 0.001395
330 0.001396
331 0.001398
