0 0.361342
1 0.000001
2 0.000113
3 0.000113
4 0.000113
5 0.000113
6 0.000113
7 0.000113
8 0.000113
9 0.000113
10 0.000113
11 0.000113
12 0.000113
13 0.000113
14 0.000113
15 0.000113
16 0.000113
17 0.000113
18 0.000113
19 0.000113
20 0.000113
21 0.000113
22 0.000113
23 0.000114
24 0.000113
25 0.000114
26 0.000114
27 0.000113
28 0.000114
29 0.000113
30 0.000114
31 0.000113
32 0.000114
33 0.000114
34 0.000114
35 0.000114
36 0.000114
37 0.000114
38 0.000114
39 0.000114
40 0.000114
41 0.000114
42 0.000114
43 0.000114
44 0.000114
45 0.000114
46 0.000114
47 0.000114
48 0.000114
49 0.000114
50 0.000199
51 0.000260
52 0.000260
53 0.000260
54 0.000261
55 0.000260
56 0.000261
57 0.000262
58 0.000262
59 0.000263
60 0.000264
61 0.000263
62 0.000264
63 0.000263
64 0.000264
65 0.000264
66 0.000264
67 0.000264
68 0.000265
69 0.000265
70 0.000265
71 0.000334
72 0.000349
73 0.000349
74 0.000349
75 0.000350
76 0.000350
77 0.000351
78 0.000350
79 0.000351
80 0.000351
81 0.000352
82 0.000352
83 0.000352
84 0.000353
85 0.000354
86 0.000355
87 0.000355
88 0.000356
89 0.000356
90 0.000356
91 0.000362
92 0.000425
93 0.000426
94 0.000426
95 0.000427
96 0.000427
97 0.000428
98 0.000429
99 0.000429
100 0.000430
101 0.000430
102 0.000431
103 0.000432
104 0.000432
105 0.000448
106 0.000493
107 0.000494
108 0.000495
109 0.000496
110 0.000497
111 0.000497
112 0.000499
113 0.000499
114 0.000500
115 0.000501
116 0.000502
117 0.000503
118 0.000504
119 0.000527
120 0.000559
121 0.000560
122 0.000562
123 0.000563
124 0.000564
125 0.000565
126 0.000568
127 0.000570
128 0.000571
129 0.000572
130 0.000574
131 0.000575
132 0.000577
133 0.000609
134 0.000634
135 0.000636
136 0.000637
137 0.000640
138 0.000642
139 0.000644
140 0.000647
141 0.000650
142 0.000652
143 0.000654
144 0.000656
145 0.000660
146 0.000662
147 0.000704
148 0.000721
149 0.000725
150 0.000728
151 0.000731
152 0.000735
153 0.000738
154 0.000744
155 0.000748
156 0.000751
157 0.000755
158 0.000759
159 0.000762
160 0.000766
161 0.000821
162 0.000829
163 0.000834
164 0.000838
165 0.000840
166 0.000843
167 0.000846
168 0.000850
169 0.000853
170 0.000856
171 0.000858
172 0.000861
173 0.000864
174 0.000871
175 0.000911
176 0.000913
177 0.000915
178 0.000917
179 0.000919
180 0.000920
181 0.000926
182 0.000951
183 0.000952
184 0.000951
185 0.000950
186 0.000950
187 0.000949
188 0.000955
189 0.000974
190 0.000973
191 0.000972
192 0.000970
193 0.000968
194 0.000966
195 0.000972
196 0.000988
197 0.000985
198 0.000982
199 0.000979
200 0.000972
201 0.000957
202 0.000947
203 0.000934
204 0.000908
205 0.000888
206 0.000867
207 0.000850
208 0.000840
209 0.000841
210 0.000842
211 0.000831
212 0.000821
213 0.000812
214 0.000802
215 0.000792
216 0.000793
217 0.000790
218 0.000781
219 0.000770
220 0.000759
221 0.000749
222 0.000738
223 0.000741
224 0.000738
225 0.000730
226 0.000723
227 0.000715
228 0.000709
229 0.000702
230 0.000710
231 0.000709
232 0.000704
233 0.000700
234 0.000696
235 0.000692
236 0.000690
237 0.000700
238 0.000702
239 0.000703
240 0.000702
241 0.000702
242 0.000702
243 0.000701
244 0.000714
245 0.000715
246 0.000715
247 0.000714
248 0.000714
249 0.000715
250 0.000714
251 0.000727
252 0.000727
253 0.000727
254 0.000727
255 0.000727
256 0.000726
257 0.000727
258 0.000741
259 0.000740
260 0.000740
261 0.000740
262 0.000740
263 0.000740
264 0.000742
265 0.000752
266 0.000752
267 0.000752
268 0.000751
269 0.000752
270 0.000751
271 0.000754
272 0.000763
273 0.000764
274 0.000763
275 0.000763
276 0.000763
277 0.000763
278 0.000767
279 0.000775
280 0.000775
281 0.000775
282 0.000775
283 0.000774
284 0.000775
285 0.000780
286 0.000787
287 0.000787
288 0.000787
289 0.000787
290 0.000787
291 0.000787
292 0.000792
293 0.000798
294 0.000798
295 0.000798
296 0.000798
297 0.000798
298 0.000798
299 0.000804
300 0.000809
301 0.000809
302 0.000809
303 0.000809
304 0.000809
305 0.000809
306 0.000816
307 0.000819
308 0.000819
309 0.000819
310 0.000820
311 0.000820
312 0.000819
313 0.000828
314 0.000831
315 0.000831
316 0.000831
317 0.000831
318 0.000831
319 0.000831
320 0.000839
321 0.000840
322 0.000841
323 0.000840
324 0.000840
325 0.000840
326 0.000840
327 0.000849
328 0.000849
329 0.000849
330 0.000849
331 0.000849
