0 0.361342
1 0.000001
2 0.000008
3 0.000008
4 0.000008
5 0.000008
6 0.000008
7 0.000008
8 0.000010
9 0.000024
10 0.000024
11 0.000024
12 0.000024
13 0.000024
14 0.000024
15 0.000027
16 0.000040
17 0.000040
18 0.000040
19 0.000040
20 0.000040
21 0.000040
22 0.000044
23 0.000056
24 0.000056
25 0.000056
26 0.000056
27 0.000056
28 0.000056
29 0.000062
30 0.000072
31 0.000072
32 0.000072
33 0.000072
34 0.000072
35 0.000072
36 0.000078
37 0.000087
38 0.000087
39 0.000088
40 0.000088
41 0.000088
42 0.000087
43 0.000095
44 0.000103
45 0.000103
46 0.000103
47 0.000103
48 0.000103
49 0.000103
50 0.000112
51 0.000118
52 0.000118
53 0.000118
54 0.000118
55 0.000118
56 0.000118
57 0.000128
58 0.000133
59 0.000133
60 0.000133
61 0.000133
62 0.000133
63 0.000133
64 0.000145
65 0.000148
66 0.000148
67 0.000148
68 0.000148
69 0.000148
70 0.000148
71 0.000161
72 0.000163
73 0.000163
74 0.000163
75 0.000163
76 0.000163
77 0.000163
78 0.000177
79 0.000178
80 0.000178
81 0.000178
82 0.000178
83 0.000178
84 0.000178
85 0.000192
86 0.000192
87 0.000192
88 0.000192
89 0.000192
90 0.000192
91 0.000193
92 0.000206
93 0.000206
94 0.000206
95 0.000207
96 0.000206
97 0.000206
98 0.000208
99 0.000220
100 0.000220
101 0.000220
102 0.000220
103 0.000220
104 0.000220
105 0.000224
106 0.000234
107 0.000235
108 0.000234
109 0.000234
110 0.000234
111 0.000234
112 0.000239
113 0.000248
114 0.000248
115 0.000248
116 0.000248
117 0.000248
118 0.000248
119 0.000254
120 0.000262
121 0.000261
122 0.000261
123 0.000261
124 0.000261
125 0.000261
126 0.000268
127 0.000275
128 0.000275
129 0.000275
130 0.000275
131 0.000274
132 0.000274
133 0.000282
134 0.000288
135 0.000288
136 0.000288
137 0.000288
138 0.000288
139 0.000288
140 0.000297
141 0.000301
142 0.000301
143 0.000301
144 0.000301
145 0.000301
146 0.000300
147 0.000310
148 0.000314
149 0.000314
150 0.000313
151 0.000313
152 0.000313
153 0.000313
154 0.000324
155 0.000326
156 0.000326
157 0.000326
158 0.000326
159 0.000326
160 0.000326
161 0.000337
162 0.000338
163 0.000338
164 0.000338
165 0.000338
166 0.000338
167 0.000338
168 0.000351
169 0.000350
170 0.000350
171 0.000350
172 0.000350
173 0.000350
174 0.000351
175 0.000362
176 0.000362
177 0.000362
178 0.000362
179 0.000362
180 0.000362
181 0.000364
182 0.000374
183 0.000374
184 0.000374
185 0.000374
186 0.000374
187 0.000374
188 0.000377
189 0.000385
190 0.000385
191 0.000385
192 0.000385
193 0.000385
194 0.000385
195 0.000389
196 0.000397
197 0.000397
198 0.000397
199 0.000396
200 0.000396
201 0.000396
202 0.000401
203 0.000408
204 0.000408
205 0.000408
206 0.000408
207 0.000407
208 0.000407
209 0.000413
210 0.000419
211 0.000419
212 0.000419
213 0.000419
214 0.000419
215 0.000419
216 0.000425
217 0.000430
218 0.000430
219 0.000430
220 0.000430
221 0.000429
222 0.000429
223 0.000437
224 0.000441
225 0.000440
226 0.000440
227 0.000440
228 0.000440
229 0.000440
230 0.000449
231 0.000451
232 0.000451
233 0.000451
234 0.000451
235 0.000451
236 0.000451
237 0.000461
238 0.000463
239 0.000462
240 0.000462
241 0.000463
242 0.000463
243 0.000463
244 0.000473
245 0.000474
246 0.000474
247 0.000474
248 0.000474
249 0.000474
250 0.000474
251 0.000486
252 0.000485
253 0.000486
254 0.000486
255 0.000486
256 0.000486
257 0.000487
258 0.000497
259 0.000497
260 0.000498
261 0.000498
262 0.000498
263 0.000498
264 0.000500
265 0.000509
266 0.000509
267 0.000509
268 0.000509
269 0.000510
270 0.000510
271 0.000512
272 0.000521
273 0.000521
274 0.000521
275 0.000521
276 0.000521
277 0.000521
278 0.000525
279 0.000532
280 0.000532
281 0.000532
282 0.000532
283 0.000532
284 0.000533
285 0.000537
286 0.000543
287 0.000543
288 0.000544
289 0.000544
290 0.000544
291 0.000544
292 0.000549
293 0.000554
294 0.000555
295 0.000555
296 0.000555
297 0.000555
298 0.000556
299 0.000562
300 0.000566
301 0.000566
302 0.000567
303 0.000567
304 0.000567
305 0.000567
306 0.000574
307 0.000578
308 0.000578
309 0.000578
310 0.000578
311 0.000579
312 0.000579
313 0.000587
314 0.000590
315 0.000590
316 0.000590
317 0.000590
318 0.000590
319 0.000591
320 0.000599
321 0.000601
322 0.000601
323 0.000602
324 0.000602
325 0.000602
326 0.000602
327 0.000612
328 0.000613
329 0.000613
330 0.000614
331 0.000614
