0 0.353586
1 0.000001
2 0.000202
3 0.000200
4 0.000198
5 0.000196
6 0.000194
7 0.000192
8 0.000190
9 0.000188
10 0.000186
11 0.000184
12 0.000182
13 0.000180
14 0.000178
15 0.000218
16 0.000421
17 0.000413
18 0.000405
19 0.000398
20 0.000393
21 0.000388
22 0.000412
23 0.000492
24 0.000489
25 0.000486
26 0.000538
27 0.000549
28 0.000545
29 0.000563
30 0.000602
31 0.000597
32 0.000592
33 0.000642
34 0.000644
35 0.000639
36 0.000660
37 0.000689
38 0.000683
39 0.000677
40 0.000727
41 0.000724
42 0.000720
43 0.000747
44 0.000775
45 0.000774
46 0.000777
47 0.000830
48 0.000829
49 0.000829
50 0.000861
51 0.000884
52 0.000884
53 0.000891
54 0.000938
55 0.000938
56 0.000939
57 0.000974
58 0.000992
59 0.000993
60 0.001004
61 0.001046
62 0.001047
63 0.001048
64 0.001088
65 0.001102
66 0.001103
67 0.001120
68 0.001158
69 0.001159
70 0.001162
71 0.001205
72 0.001216
73 0.001218
74 0.001238
75 0.001272
76 0.001274
77 0.001277
78 0.001324
79 0.001331
80 0.001334
81 0.001359
82 0.001388
83 0.001391
84 0.001395
85 0.001446
86 0.001450
87 0.001454
88 0.001484
89 0.001510
90 0.001514
91 0.001523
92 0.001571
93 0.001576
94 0.001581
95 0.001616
96 0.001640
97 0.001646
98 0.001660
99 0.001706
100 0.001713
101 0.001721
102 0.001761
103 0.001783
104 0.001791
105 0.001811
106 0.001854
107 0.001864
108 0.001874
109 0.001920
110 0.001940
111 0.001951
112 0.001978
113 0.002021
114 0.002034
115 0.002047
116 0.002101
117 0.002122
118 0.002138
119 0.002173
120 0.002217
121 0.002235
122 0.002254
123 0.002318
124 0.002341
125 0.002363
126 0.002408
127 0.002455
128 0.002478
129 0.002498
130 0.002552
131 0.002555
132 0.002553
133 0.002574
134 0.002581
135 0.002564
136 0.002554
137 0.002574
138 0.002556
139 0.002540
140 0.002553
141 0.002557
142 0.002556
143 0.002569
144 0.002609
145 0.002619
146 0.002625
147 0.002657
148 0.002669
149 0.002672
150 0.002689
151 0.002721
152 0.002727
153 0.002731
154 0.002765
155 0.002774
156 0.002778
157 0.002793
158 0.002817
159 0.002822
160 0.002829
161 0.002867
162 0.002880
163 0.002890
164 0.002917
165 0.002947
166 0.002953
167 0.002955
168 0.002987
169 0.002985
170 0.002980
171 0.002988
172 0.002991
173 0.002977
174 0.002965
175 0.002976
176 0.002959
177 0.002940
178 0.002934
179 0.002917
180 0.002887
181 0.002860
182 0.002845
183 0.002811
184 0.002778
185 0.002761
186 0.002732
187 0.002696
188 0.002672
189 0.002664
190 0.002639
191 0.002613
192 0.002602
193 0.002580
194 0.002553
195 0.002533
196 0.002516
197 0.002487
198 0.002463
199 0.002454
200 0.002436
201 0.002422
202 0.002418
203 0.002421
204 0.002423
205 0.002424
206 0.002437
207 0.002438
208 0.002439
209 0.002446
210 0.002454
211 0.002454
212 0.002456
213 0.002468
214 0.002466
215 0.002465
216 0.002470
217 0.002471
218 0.002468
219 0.002465
220 0.002469
221 0.002462
222 0.002454
223 0.002452
224 0.002447
225 0.002440
226 0.002436
227 0.002438
228 0.002432
229 0.002426
230 0.002426
231 0.002424
232 0.002425
233 0.002433
234 0.002445
235 0.002454
236 0.002462
237 0.002475
238 0.002484
239 0.002493
240 0.002503
241 0.002514
242 0.002522
243 0.002530
244 0.002542
245 0.002551
246 0.002560
247 0.002571
248 0.002582
249 0.002591
250 0.002600
251 0.002611
252 0.002620
253 0.002628
254 0.002638
255 0.002647
256 0.002655
257 0.002664
258 0.002672
259 0.002681
260 0.002691
261 0.002701
262 0.002711
263 0.002721
264 0.002729
265 0.002733
266 0.002736
267 0.002736
268 0.002734
269 0.002733
270 0.002734
271 0.002731
272 0.002727
273 0.002725
274 0.002724
275 0.002718
276 0.002717
277 0.002714
278 0.002711
279 0.002708
280 0.002712
281 0.002715
282 0.002712
283 0.002715
284 0.002717
285 0.002717
286 0.002716
287 0.002718
288 0.002719
289 0.002710
290 0.002710
291 0.002711
292 0.002708
293 0.002704
294 0.002703
295 0.002699
296 0.002686
297 0.002683
298 0.002681
299 0.002673
300 0.002666
301 0.002663
302 0.002661
303 0.002654
304 0.002658
305 0.002662
306 0.002658
307 0.002657
308 0.002660
309 0.002661
310 0.002654
311 0.002660
312 0.002668
313 0.002666
314 0.002673
315 0.002685
316 0.002692
317 0.002693
318 0.002706
319 0.002721
320 0.002720
321 0.002733
322 0.002748
323 0.002757
324 0.002761
325 0.002778
326 0.002794
327 0.002789
328 0.002800
329 0.002810
330 0.002809
331 0.002803
