0 0.265460
1 0.000000
2 0.000794
3 0.000793
4 0.000791
5 0.000790
6 0.000788
7 0.000786
8 0.000784
9 0.000783
10 0.000782
11 0.000780
12 0.000779
13 0.001836
14 0.001904
15 0.001897
16 0.001889
17 0.001882
18 0.002089
19 0.002400
20 0.002388
21 0.002587
22 0.002695
23 0.002680
24 0.002953
25 0.002980
26 0.002997
27 0.003269
28 0.003251
29 0.003335
30 0.003519
31 0.003500
32 0.003651
33 0.003763
34 0.003744
35 0.003955
36 0.003991
37 0.003978
38 0.004226
39 0.004199
40 0.004243
41 0.004406
42 0.004371
43 0.004462
44 0.004547
45 0.004500
46 0.004628
47 0.004637
48 0.004580
49 0.004747
50 0.004696
51 0.004685
52 0.004804
53 0.004750
54 0.004788
55 0.004853
56 0.004803
57 0.004888
58 0.004906
59 0.004861
60 0.004989
61 0.004967
62 0.004952
63 0.005071
64 0.005034
65 0.005063
66 0.005139
67 0.005108
68 0.005179
69 0.005217
70 0.005191
71 0.005299
72 0.005300
73 0.005283
74 0.005399
75 0.005367
76 0.005380
77 0.005449
78 0.005411
79 0.005448
80 0.005471
81 0.005420
82 0.005467
83 0.005437
84 0.005374
85 0.005438
86 0.005371
87 0.005334
88 0.005362
89 0.005295
90 0.005287
91 0.005290
92 0.005274
93 0.005391
94 0.005500
95 0.005579
96 0.005771
97 0.005866
98 0.005976
99 0.006170
100 0.006269
101 0.006420
102 0.006602
103 0.006715
104 0.006911
105 0.007081
106 0.007212
107 0.007458
108 0.007620
109 0.007782
110 0.008058
111 0.008227
112 0.008451
113 0.008733
114 0.008936
115 0.009230
116 0.009525
117 0.009780
118 0.010177
119 0.010494
120 0.010642
121 0.010783
122 0.010783
123 0.010870
124 0.011190
125 0.011500
126 0.011902
127 0.012330
128 0.012636
129 0.013023
130 0.013387
131 0.013741
132 0.014290
133 0.014720
134 0.015203
135 0.015824
136 0.016350
137 0.016988
138 0.017706
139 0.018391
140 0.019259
141 0.020159
142 0.021122
143 0.022377
144 0.023656
145 0.025091
146 0.026860
147 0.028240
148 0.028496
149 0.027388
150 0.025974
151 0.024501
152 0.022702
153 0.020934
154 0.019776
155 0.018844
156 0.018306
157 0.018127
158 0.017936
159 0.017806
160 0.017706
161 0.017538
162 0.017401
163 0.017236
164 0.016944
165 0.016570
166 0.016035
167 0.015316
168 0.014642
169 0.013907
170 0.013213
171 0.012591
172 0.011957
173 0.011354
174 0.010895
175 0.010858
176 0.010945
177 0.011010
178 0.011060
179 0.011137
180 0.011177
181 0.011217
182 0.011268
183 0.011288
184 0.011311
185 0.011333
186 0.011421
187 0.011546
188 0.011749
189 0.011959
190 0.012198
191 0.012444
192 0.012709
193 0.013010
194 0.013440
195 0.014035
196 0.014695
197 0.015410
198 0.015280
199 0.014490
200 0.013758
201 0.013313
202 0.013752
203 0.014412
204 0.015180
205 0.015999
206 0.016924
207 0.017956
208 0.018875
209 0.019817
210 0.020810
211 0.021838
212 0.022939
213 0.024087
214 0.025296
215 0.026593
216 0.027944
217 0.029763
218 0.031939
219 0.034288
220 0.036800
221 0.040710
222 0.047689
223 0.052076
224 0.054802
225 0.058254
226 0.062062
227 0.068140
228 0.076222
229 0.084599
230 0.079696
231 0.071027
232 0.063354
233 0.056390
234 0.051121
235 0.047611
236 0.042781
237 0.039081
238 0.037339
239 0.035599
240 0.033591
241 0.031788
242 0.030058
243 0.028645
244 0.027391
245 0.025989
246 0.024613
247 0.023274
248 0.021219
249 0.019356
250 0.017712
251 0.016055
252 0.014775
253 0.013719
254 0.013097
255 0.012775
256 0.012529
257 0.012393
258 0.012541
259 0.012428
260 0.012290
261 0.012171
262 0.011990
263 0.011886
264 0.011772
265 0.011601
266 0.011496
267 0.011355
268 0.011194
269 0.011083
270 0.010917
271 0.010774
272 0.010665
273 0.010471
274 0.010352
275 0.010304
276 0.010169
277 0.010191
278 0.010172
279 0.010107
280 0.010111
281 0.010041
282 0.010099
283 0.010367
284 0.010541
285 0.010786
286 0.011054
287 0.011199
288 0.011472
289 0.011717
290 0.011903
291 0.012185
292 0.012393
293 0.012577
294 0.012723
295 0.012646
296 0.012558
297 0.012496
298 0.012319
299 0.012262
300 0.012187
301 0.012063
302 0.012063
303 0.012039
304 0.012008
305 0.012044
306 0.012005
307 0.012003
308 0.012044
309 0.011977
310 0.012007
311 0.012036
312 0.011973
313 0.012020
314 0.012021
315 0.012010
316 0.012086
317 0.012080
318 0.012099
319 0.012215
320 0.012318
321 0.012562
322 0.012876
323 0.013156
324 0.013595
325 0.013864
326 0.014007
327 0.014200
328 0.014259
329 0.014145
330 0.013930
331 0.013636
