0 0.361342
1 0.000001
2 0.000024
3 0.000024
4 0.000058
5 0.000073
6 0.000092
7 0.000121
8 0.000125
9 0.000169
10 0.000169
11 0.000205
12 0.000216
13 0.000238
14 0.000262
15 0.000270
16 0.000309
17 0.000309
18 0.000348
19 0.000354
20 0.000380
21 0.000399
22 0.000411
23 0.000445
24 0.000444
25 0.000486
26 0.000488
27 0.000516
28 0.000532
29 0.000547
30 0.000575
31 0.000576
32 0.000618
33 0.000618
34 0.000648
35 0.000660
36 0.000677
37 0.000702
38 0.000706
39 0.000743
40 0.000742
41 0.000775
42 0.000783
43 0.000803
44 0.000823
45 0.000830
46 0.000862
47 0.000861
48 0.000896
49 0.000900
50 0.000922
51 0.000938
52 0.000948
53 0.000976
54 0.000975
55 0.001012
56 0.001012
57 0.001036
58 0.001048
59 0.001061
60 0.001084
61 0.001085
62 0.001119
63 0.001118
64 0.001144
65 0.001153
66 0.001168
67 0.001186
68 0.001190
69 0.001220
70 0.001219
71 0.001247
72 0.001252
73 0.001270
74 0.001285
75 0.001292
76 0.001317
77 0.001316
78 0.001347
79 0.001350
80 0.001370
81 0.001384
82 0.001394
83 0.001418
84 0.001418
85 0.001452
86 0.001453
87 0.001478
88 0.001489
89 0.001503
90 0.001523
91 0.001527
92 0.001557
93 0.001558
94 0.001584
95 0.001592
96 0.001608
97 0.001625
98 0.001632
99 0.001659
100 0.001661
101 0.001689
102 0.001695
103 0.001713
104 0.001729
105 0.001738
106 0.001763
107 0.001765
108 0.001796
109 0.001800
110 0.001821
111 0.001834
112 0.001847
113 0.001870
114 0.001875
115 0.001907
116 0.001912
117 0.001937
118 0.001950
119 0.001966
120 0.001987
121 0.001995
122 0.002024
123 0.002027
124 0.002052
125 0.002059
126 0.002075
127 0.002089
128 0.002095
129 0.002118
130 0.002119
131 0.002143
132 0.002145
133 0.002160
134 0.002171
135 0.002179
136 0.002200
137 0.002204
138 0.002234
139 0.002238
140 0.002258
141 0.002269
142 0.002279
143 0.002295
144 0.002295
145 0.002316
146 0.002312
147 0.002326
148 0.002328
149 0.002334
150 0.002343
151 0.002341
152 0.002358
153 0.002356
154 0.002376
155 0.002381
156 0.002394
157 0.002406
158 0.002412
159 0.002430
160 0.002430
161 0.002451
162 0.002453
163 0.002467
164 0.002477
165 0.002485
166 0.002502
167 0.002504
168 0.002527
169 0.002531
170 0.002551
171 0.002565
172 0.002581
173 0.002602
174 0.002612
175 0.002640
176 0.002649
177 0.002675
178 0.002689
179 0.002710
180 0.002732
181 0.002747
182 0.002776
183 0.002790
184 0.002820
185 0.002836
186 0.002860
187 0.002882
188 0.002900
189 0.002928
190 0.002941
191 0.002971
192 0.002985
193 0.003009
194 0.003029
195 0.003048
196 0.003073
197 0.003082
198 0.003105
199 0.003111
200 0.003124
201 0.003129
202 0.003138
203 0.003149
204 0.003151
205 0.003168
206 0.003168
207 0.003180
208 0.003181
209 0.003186
210 0.003191
211 0.003189
212 0.003197
213 0.003192
214 0.003200
215 0.003199
216 0.003213
217 0.003229
218 0.003244
219 0.003265
220 0.003277
221 0.003303
222 0.003316
223 0.003338
224 0.003356
225 0.003375
226 0.003397
227 0.003413
228 0.003439
229 0.003454
230 0.003478
231 0.003497
232 0.003519
233 0.003541
234 0.003560
235 0.003587
236 0.003604
237 0.003631
238 0.003651
239 0.003674
240 0.003698
241 0.003719
242 0.003745
243 0.003765
244 0.003795
245 0.003817
246 0.003844
247 0.003870
248 0.003896
249 0.003926
250 0.003950
251 0.003981
252 0.004003
253 0.004029
254 0.004053
255 0.004076
256 0.004101
257 0.004120
258 0.004146
259 0.004162
260 0.004185
261 0.004204
262 0.004224
263 0.004245
264 0.004264
265 0.004286
266 0.004304
267 0.004326
268 0.004343
269 0.004361
270 0.004377
271 0.004391
272 0.004407
273 0.004420
274 0.004437
275 0.004450
276 0.004466
277 0.004481
278 0.004500
279 0.004522
280 0.004544
281 0.004568
282 0.004591
283 0.004615
284 0.004639
285 0.004664
286 0.004691
287 0.004718
288 0.004746
289 0.004774
290 0.004803
291 0.004833
292 0.004864
293 0.004896
294 0.004929
295 0.004963
296 0.005000
297 0.005037
298 0.005078
299 0.005121
300 0.005169
301 0.005220
302 0.005266
303 0.005300
304 0.005320
305 0.005334
306 0.005323
307 0.005303
308 0.005295
309 0.005289
310 0.005295
311 0.005315
312 0.005346
313 0.005372
314 0.005403
315 0.005433
316 0.005462
317 0.005495
318 0.005521
319 0.005554
320 0.005580
321 0.005613
322 0.005640
323 0.005666
324 0.005695
325 0.005718
326 0.005753
327 0.005780
328 0.005819
329 0.005850
330 0.005883
331 0.005917
