0 0.353586
1 0.000001
2 0.000101
3 0.000101
4 0.000100
5 0.000100
6 0.000099
7 0.000099
8 0.000099
9 0.000098
10 0.000097
11 0.000097
12 0.000096
13 0.000096
14 0.000095
15 0.000095
16 0.000094
17 0.000094
18 0.000093
19 0.000093
20 0.000093
21 0.000092
22 0.000091
23 0.000091
24 0.000091
25 0.000090
26 0.000089
27 0.000089
28 0.000089
29 0.000131
30 0.000213
31 0.000211
32 0.000209
33 0.000207
34 0.000205
35 0.000203
36 0.000201
37 0.000199
38 0.000198
39 0.000197
40 0.000195
41 0.000194
42 0.000193
43 0.000220
44 0.000247
45 0.000246
46 0.000245
47 0.000245
48 0.000244
49 0.000243
50 0.000263
51 0.000277
52 0.000276
53 0.000275
54 0.000274
55 0.000273
56 0.000272
57 0.000293
58 0.000303
59 0.000302
60 0.000300
61 0.000299
62 0.000297
63 0.000296
64 0.000319
65 0.000326
66 0.000324
67 0.000323
68 0.000321
69 0.000320
70 0.000319
71 0.000343
72 0.000347
73 0.000345
74 0.000344
75 0.000342
76 0.000340
77 0.000339
78 0.000364
79 0.000365
80 0.000364
81 0.000362
82 0.000361
83 0.000361
84 0.000360
85 0.000388
86 0.000388
87 0.000388
88 0.000388
89 0.000388
90 0.000388
91 0.000390
92 0.000415
93 0.000415
94 0.000415
95 0.000415
96 0.000415
97 0.000415
98 0.000420
99 0.000443
100 0.000443
101 0.000443
102 0.000443
103 0.000442
104 0.000442
105 0.000449
106 0.000470
107 0.000470
108 0.000470
109 0.000470
110 0.000470
111 0.000470
112 0.000479
113 0.000497
114 0.000497
115 0.000497
116 0.000497
117 0.000497
118 0.000497
119 0.000508
120 0.000524
121 0.000524
122 0.000524
123 0.000524
124 0.000525
125 0.000525
126 0.000538
127 0.000551
128 0.000552
129 0.000552
130 0.000552
131 0.000553
132 0.000553
133 0.000568
134 0.000579
135 0.000580
136 0.000580
137 0.000581
138 0.000581
139 0.000582
140 0.000599
141 0.000608
142 0.000608
143 0.000609
144 0.000609
145 0.000610
146 0.000611
147 0.000630
148 0.000637
149 0.000637
150 0.000638
151 0.000638
152 0.000639
153 0.000640
154 0.000661
155 0.000665
156 0.000666
157 0.000667
158 0.000668
159 0.000668
160 0.000669
161 0.000692
162 0.000695
163 0.000696
164 0.000697
165 0.000697
166 0.000698
167 0.000699
168 0.000724
169 0.000725
170 0.000726
171 0.000727
172 0.000728
173 0.000729
174 0.000732
175 0.000754
176 0.000756
177 0.000757
178 0.000758
179 0.000759
180 0.000760
181 0.000765
182 0.000786
183 0.000787
184 0.000789
185 0.000790
186 0.000791
187 0.000793
188 0.000800
189 0.000819
190 0.000820
191 0.000822
192 0.000824
193 0.000825
194 0.000827
195 0.000836
196 0.000853
197 0.000855
198 0.000857
199 0.000859
200 0.000861
201 0.000863
202 0.000874
203 0.000890
204 0.000892
205 0.000894
206 0.000896
207 0.000898
208 0.000901
209 0.000914
210 0.000928
211 0.000930
212 0.000932
213 0.000935
214 0.000937
215 0.000940
216 0.000955
217 0.000968
218 0.000970
219 0.000973
220 0.000976
221 0.000979
222 0.000982
223 0.001000
224 0.001011
225 0.001014
226 0.001017
227 0.001021
228 0.001024
229 0.001027
230 0.001048
231 0.001057
232 0.001061
233 0.001065
234 0.001069
235 0.001073
236 0.001077
237 0.001100
238 0.001108
239 0.001113
240 0.001118
241 0.001122
242 0.001127
243 0.001132
244 0.001158
245 0.001165
246 0.001170
247 0.001176
248 0.001181
249 0.001187
250 0.001192
251 0.001221
252 0.001227
253 0.001233
254 0.001239
255 0.001245
256 0.001250
257 0.001256
258 0.001280
259 0.001282
260 0.001283
261 0.001284
262 0.001284
263 0.001283
264 0.001286
265 0.001303
266 0.001301
267 0.001297
268 0.001293
269 0.001289
270 0.001285
271 0.001286
272 0.001298
273 0.001293
274 0.001289
275 0.001284
276 0.001280
277 0.001276
278 0.001279
279 0.001290
280 0.001287
281 0.001285
282 0.001284
283 0.001284
284 0.001285
285 0.001295
286 0.001309
287 0.001311
288 0.001313
289 0.001316
290 0.001318
291 0.001319
292 0.001330
293 0.001340
294 0.001341
295 0.001341
296 0.001342
297 0.001343
298 0.001344
299 0.001357
300 0.001366
301 0.001367
302 0.001369
303 0.001370
304 0.001371
305 0.001373
306 0.001386
307 0.001393
308 0.001394
309 0.001395
310 0.001395
311 0.001396
312 0.001397
313 0.001411
314 0.001415
315 0.001416
316 0.001417
317 0.001419
318 0.001420
319 0.001422
320 0.001438
321 0.001443
322 0.001445
323 0.001448
324 0.001450
325 0.001453
326 0.001456
327 0.001475
328 0.001479
329 0.001482
330 0.001483
331 0.001485
