0 0.339972
1 0.000001
2 0.000568
3 0.000641
4 0.001196
5 0.001434
6 0.001984
7 0.002356
8 0.002785
9 0.003178
10 0.003433
11 0.004017
12 0.004186
13 0.004828
14 0.004935
15 0.005569
16 0.005740
17 0.006261
18 0.006538
19 0.006959
20 0.007330
21 0.007589
22 0.007993
23 0.008116
24 0.008573
25 0.008582
26 0.009078
27 0.009074
28 0.009476
29 0.009666
30 0.010034
31 0.010298
32 0.010550
33 0.010862
34 0.011050
35 0.011481
36 0.011568
37 0.011943
38 0.011916
39 0.012236
40 0.012233
41 0.012431
42 0.012478
43 0.012585
44 0.012676
45 0.012807
46 0.013084
47 0.013158
48 0.013427
49 0.013497
50 0.013871
51 0.013855
52 0.014059
53 0.014101
54 0.014245
55 0.014340
56 0.014428
57 0.014565
58 0.014621
59 0.014881
60 0.014962
61 0.015296
62 0.015376
63 0.015592
64 0.015644
65 0.015828
66 0.015919
67 0.016048
68 0.016177
69 0.016359
70 0.016636
71 0.016873
72 0.017294
73 0.017433
74 0.017761
75 0.017929
76 0.018227
77 0.018437
78 0.018703
79 0.018942
80 0.019169
81 0.019435
82 0.019625
83 0.019924
84 0.020106
85 0.020421
86 0.020575
87 0.020820
88 0.020955
89 0.021126
90 0.021285
91 0.021514
92 0.021763
93 0.022015
94 0.022334
95 0.022622
96 0.023021
97 0.023346
98 0.023736
99 0.024077
100 0.024470
101 0.024862
102 0.025312
103 0.025675
104 0.026010
105 0.026351
106 0.026683
107 0.027057
108 0.027393
109 0.027757
110 0.028118
111 0.027959
112 0.027615
113 0.027618
114 0.027271
115 0.026926
116 0.027813
117 0.028640
118 0.029275
119 0.028986
120 0.028142
121 0.027670
122 0.027516
123 0.027981
124 0.027506
125 0.027148
126 0.026963
127 0.026758
128 0.027530
129 0.028617
130 0.029493
131 0.030018
132 0.030544
133 0.029448
134 0.028610
135 0.027678
136 0.026965
137 0.026296
138 0.025924
139 0.025890
140 0.025330
141 0.024865
142 0.024267
143 0.023870
144 0.023691
145 0.024540
146 0.024890
147 0.025114
148 0.025255
149 0.025436
150 0.025812
151 0.025571
152 0.025177
153 0.024574
154 0.024640
155 0.024542
156 0.024545
157 0.024161
158 0.023704
159 0.023615
160 0.023520
161 0.022680
162 0.021657
163 0.021199
164 0.020503
165 0.019230
166 0.018285
167 0.018148
168 0.017811
169 0.017728
170 0.017639
171 0.017803
172 0.017834
173 0.017448
174 0.017510
175 0.017586
176 0.017789
177 0.017798
178 0.018114
179 0.017998
180 0.018385
181 0.018482
182 0.018848
183 0.018358
184 0.018027
185 0.017569
186 0.017134
187 0.016777
188 0.016253
189 0.015998
190 0.015359
191 0.015168
192 0.014448
193 0.014233
194 0.013602
195 0.013281
196 0.012742
197 0.012308
198 0.011863
199 0.011308
200 0.010940
201 0.010290
202 0.010051
203 0.009300
204 0.009056
205 0.008358
206 0.008045
207 0.007452
208 0.007053
209 0.006572
210 0.006118
211 0.005777
212 0.005268
213 0.005062
214 0.004528
215 0.004442
216 0.003886
217 0.003776
218 0.003302
219 0.003098
220 0.002727
221 0.002449
222 0.002189
223 0.001904
224 0.001768
225 0.001463
226 0.001402
227 0.001120
228 0.001085
229 0.000964
230 0.000949
231 0.000967
232 0.001015
233 0.001111
234 0.001270
235 0.001401
236 0.001671
237 0.001763
238 0.002113
239 0.002175
240 0.002542
241 0.002633
242 0.002951
243 0.003125
244 0.003416
245 0.003711
246 0.003993
247 0.004375
248 0.004609
249 0.005054
250 0.005225
251 0.005753
252 0.005940
253 0.006423
254 0.006680
255 0.007107
256 0.007450
257 0.007825
258 0.008212
259 0.008506
260 0.008992
261 0.009243
262 0.009800
263 0.010028
264 0.010592
265 0.010854
266 0.011316
267 0.011622
268 0.012016
269 0.012395
270 0.012729
271 0.013078
272 0.012973
273 0.013065
274 0.012974
275 0.013305
276 0.013359
277 0.013646
278 0.013813
279 0.014283
280 0.014488
281 0.014728
282 0.015006
283 0.015181
284 0.015493
285 0.015944
286 0.016635
287 0.017011
288 0.017578
289 0.017680
290 0.017650
291 0.017682
292 0.017980
293 0.018134
294 0.018259
295 0.018639
296 0.018925
297 0.019240
298 0.019099
299 0.019255
300 0.019440
301 0.020085
302 0.020529
303 0.021076
304 0.021580
305 0.022106
306 0.022253
307 0.022360
308 0.022950
309 0.023308
310 0.023838
311 0.024274
312 0.024456
313 0.024500
314 0.024609
315 0.024667
316 0.024717
317 0.024771
318 0.024760
319 0.024734
320 0.024555
321 0.024588
322 0.024852
323 0.025135
324 0.025392
325 0.025719
326 0.025783
327 0.026036
328 0.026320
329 0.026632
330 0.026644
331 0.026448
