0 0.316361
1 0.000001
2 0.000033
3 0.000033
4 0.000033
5 0.000033
6 0.000033
7 0.000060
8 0.000092
9 0.000092
10 0.000092
11 0.000092
12 0.000092
13 0.000146
14 0.000150
15 0.000150
16 0.000150
17 0.000150
18 0.000173
19 0.000208
20 0.000208
21 0.000208
22 0.000208
23 0.000208
24 0.000257
25 0.000265
26 0.000265
27 0.000265
28 0.000265
29 0.000284
30 0.000321
31 0.000321
32 0.000321
33 0.000321
34 0.000321
35 0.000365
36 0.000376
37 0.000376
38 0.000376
39 0.000376
40 0.000391
41 0.000433
42 0.000433
43 0.000433
44 0.000433
45 0.000433
46 0.000472
47 0.000486
48 0.000486
49 0.000487
50 0.000487
51 0.000497
52 0.000539
53 0.000539
54 0.000539
55 0.000540
56 0.000540
57 0.000575
58 0.000593
59 0.000593
60 0.000593
61 0.000593
62 0.000600
63 0.000643
64 0.000643
65 0.000643
66 0.000642
67 0.000642
68 0.000672
69 0.000692
70 0.000692
71 0.000692
72 0.000692
73 0.000695
74 0.000739
75 0.000740
76 0.000740
77 0.000740
78 0.000741
79 0.000767
80 0.000790
81 0.000791
82 0.000791
83 0.000792
84 0.000793
85 0.000839
86 0.000840
87 0.000841
88 0.000841
89 0.000842
90 0.000865
91 0.000890
92 0.000891
93 0.000892
94 0.000893
95 0.000893
96 0.000936
97 0.000939
98 0.000940
99 0.000941
100 0.000942
101 0.000961
102 0.000988
103 0.000989
104 0.000990
105 0.000991
106 0.000992
107 0.001031
108 0.001038
109 0.001039
110 0.001040
111 0.001041
112 0.001056
113 0.001086
114 0.001087
115 0.001088
116 0.001090
117 0.001091
118 0.001126
119 0.001136
120 0.001137
121 0.001137
122 0.001134
123 0.001141
124 0.001167
125 0.001163
126 0.001159
127 0.001155
128 0.001150
129 0.001175
130 0.001185
131 0.001185
132 0.001186
133 0.001186
134 0.001194
135 0.001224
136 0.001224
137 0.001224
138 0.001224
139 0.001224
140 0.001249
141 0.001261
142 0.001261
143 0.001261
144 0.001261
145 0.001265
146 0.001296
147 0.001294
148 0.001294
149 0.001293
150 0.001293
151 0.001314
152 0.001329
153 0.001330
154 0.001331
155 0.001332
156 0.001335
157 0.001368
158 0.001369
159 0.001371
160 0.001372
161 0.001374
162 0.001393
163 0.001411
164 0.001412
165 0.001414
166 0.001417
167 0.001419
168 0.001454
169 0.001457
170 0.001460
171 0.001463
172 0.001467
173 0.001486
174 0.001507
175 0.001512
176 0.001517
177 0.001522
178 0.001527
179 0.001562
180 0.001570
181 0.001576
182 0.001582
183 0.001588
184 0.001606
185 0.001630
186 0.001636
187 0.001641
188 0.001647
189 0.001652
190 0.001683
191 0.001692
192 0.001696
193 0.001694
194 0.001691
195 0.001698
196 0.001714
197 0.001710
198 0.001707
199 0.001704
200 0.001701
201 0.001719
202 0.001721
203 0.001717
204 0.001714
205 0.001710
206 0.001713
207 0.001728
208 0.001725
209 0.001720
210 0.001717
211 0.001713
212 0.001727
213 0.001730
214 0.001727
215 0.001723
216 0.001719
217 0.001720
218 0.001735
219 0.001731
220 0.001727
221 0.001723
222 0.001718
223 0.001729
224 0.001732
225 0.001727
226 0.001722
227 0.001717
228 0.001715
229 0.001728
230 0.001723
231 0.001719
232 0.001714
233 0.001709
234 0.001716
235 0.001719
236 0.001714
237 0.001709
238 0.001704
239 0.001700
240 0.001711
241 0.001706
242 0.001700
243 0.001694
244 0.001688
245 0.001691
246 0.001692
247 0.001690
248 0.001694
249 0.001697
250 0.001700
251 0.001719
252 0.001723
253 0.001727
254 0.001731
255 0.001735
256 0.001747
257 0.001759
258 0.001763
259 0.001768
260 0.001773
261 0.001777
262 0.001796
263 0.001802
264 0.001807
265 0.001812
266 0.001816
267 0.001825
268 0.001836
269 0.001837
270 0.001839
271 0.001841
272 0.001844
273 0.001859
274 0.001864
275 0.001868
276 0.001873
277 0.001877
278 0.001886
279 0.001899
280 0.001903
281 0.001908
282 0.001915
283 0.001922
284 0.001938
285 0.001945
286 0.001951
287 0.001958
288 0.001965
289 0.001975
290 0.001990
291 0.001997
292 0.002006
293 0.002015
294 0.002023
295 0.002032
296 0.002038
297 0.002041
298 0.002044
299 0.002049
300 0.002062
301 0.002079
302 0.002091
303 0.002103
304 0.002116
305 0.002129
306 0.002148
307 0.002165
308 0.002182
309 0.002198
310 0.002217
311 0.002237
312 0.002264
313 0.002288
314 0.002314
315 0.002341
316 0.002367
317 0.002398
318 0.002429
319 0.002458
320 0.002487
321 0.002517
322 0.002548
323 0.002583
324 0.002614
325 0.002645
326 0.002676
327 0.002705
328 0.002711
329 0.002707
330 0.002698
331 0.002686
