0 0.346434
1 0.000001
2 0.000207
3 0.000207
4 0.000207
5 0.000207
6 0.000207
7 0.000207
8 0.000229
9 0.000477
10 0.000477
11 0.000580
12 0.000610
13 0.000672
14 0.000742
15 0.000764
16 0.000873
17 0.000874
18 0.000986
19 0.001005
20 0.001077
21 0.001136
22 0.001170
23 0.001266
24 0.001270
25 0.001390
26 0.001401
27 0.001484
28 0.001533
29 0.001579
30 0.001665
31 0.001675
32 0.001799
33 0.001807
34 0.001901
35 0.001944
36 0.002002
37 0.002079
38 0.002099
39 0.002211
40 0.002217
41 0.002317
42 0.002345
43 0.002407
44 0.002465
45 0.002486
46 0.002577
47 0.002579
48 0.002678
49 0.002691
50 0.002753
51 0.002799
52 0.002829
53 0.002906
54 0.002911
55 0.003021
56 0.003036
57 0.003120
58 0.003170
59 0.003223
60 0.003306
61 0.003329
62 0.003442
63 0.003459
64 0.003550
65 0.003592
66 0.003652
67 0.003724
68 0.003753
69 0.003853
70 0.003869
71 0.003965
72 0.003995
73 0.004057
74 0.004111
75 0.004140
76 0.004218
77 0.004222
78 0.004315
79 0.004334
80 0.004398
81 0.004440
82 0.004470
83 0.004531
84 0.004532
85 0.004613
86 0.004609
87 0.004660
88 0.004673
89 0.004688
90 0.004718
91 0.004704
92 0.004753
93 0.004732
94 0.004768
95 0.004763
96 0.004774
97 0.004790
98 0.004789
99 0.004850
100 0.004871
101 0.004967
102 0.005043
103 0.005182
104 0.005366
105 0.005599
106 0.005959
107 0.006277
108 0.006548
109 0.006594
110 0.006545
111 0.006249
112 0.005617
113 0.005080
114 0.004445
115 0.003894
116 0.003634
117 0.003596
118 0.003557
119 0.003557
120 0.003586
121 0.003596
122 0.003630
123 0.003637
124 0.003669
125 0.003685
126 0.003710
127 0.003734
128 0.003749
129 0.003781
130 0.003792
131 0.003826
132 0.003842
133 0.003869
134 0.003893
135 0.003914
136 0.003945
137 0.003960
138 0.003998
139 0.004013
140 0.004042
141 0.004064
142 0.004085
143 0.004113
144 0.004127
145 0.004156
146 0.004167
147 0.004190
148 0.004205
149 0.004225
150 0.004248
151 0.004264
152 0.004292
153 0.004309
154 0.004335
155 0.004354
156 0.004377
157 0.004403
158 0.004425
159 0.004453
160 0.004471
161 0.004495
162 0.004513
163 0.004534
164 0.004555
165 0.004579
166 0.004604
167 0.004626
168 0.004656
169 0.004684
170 0.004721
171 0.004759
172 0.004802
173 0.004849
174 0.004901
175 0.004960
176 0.005028
177 0.005107
178 0.005202
179 0.005318
180 0.005441
181 0.005574
182 0.005713
183 0.005864
184 0.006017
185 0.006183
186 0.006348
187 0.006513
188 0.006670
189 0.006789
190 0.006831
191 0.006830
192 0.006832
193 0.006807
194 0.006774
195 0.006724
196 0.006648
197 0.006564
198 0.006426
199 0.006271
200 0.006053
201 0.005800
202 0.005529
203 0.005417
204 0.005439
205 0.005441
206 0.005466
207 0.005466
208 0.005484
209 0.005491
210 0.005498
211 0.005511
212 0.005499
213 0.005514
214 0.005497
215 0.005508
216 0.005505
217 0.005509
218 0.005514
219 0.005502
220 0.005520
221 0.005497
222 0.005515
223 0.005504
224 0.005508
225 0.005508
226 0.005494
227 0.005508
228 0.005480
229 0.005495
230 0.005469
231 0.005469
232 0.005458
233 0.005441
234 0.005446
235 0.005409
236 0.005423
237 0.005402
238 0.005439
239 0.005461
240 0.005487
241 0.005526
242 0.005529
243 0.005585
244 0.005577
245 0.005628
246 0.005642
247 0.005672
248 0.005711
249 0.005720
250 0.005784
251 0.005764
252 0.005829
253 0.005833
254 0.005873
255 0.005904
256 0.005913
257 0.005974
258 0.005955
259 0.006026
260 0.006020
261 0.006073
262 0.006099
263 0.006120
264 0.006182
265 0.006166
266 0.006253
267 0.006237
268 0.006311
269 0.006331
270 0.006367
271 0.006431
272 0.006426
273 0.006532
274 0.006498
275 0.006602
276 0.006619
277 0.006681
278 0.006750
279 0.006764
280 0.006894
281 0.006854
282 0.007000
283 0.007011
284 0.007112
285 0.007189
286 0.007232
287 0.007381
288 0.007345
289 0.007507
290 0.007419
291 0.007468
292 0.007440
293 0.007412
294 0.007469
295 0.007361
296 0.007480
297 0.007357
298 0.007501
299 0.007511
300 0.007575
301 0.007689
302 0.007655
303 0.007880
304 0.007753
305 0.007985
306 0.007973
307 0.008101
308 0.008224
309 0.008227
310 0.008510
311 0.008362
312 0.008700
313 0.008646
314 0.008874
315 0.008998
316 0.009038
317 0.009339
318 0.009139
319 0.009528
320 0.009286
321 0.009534
322 0.009482
323 0.009452
324 0.009632
325 0.009302
326 0.009658
327 0.009108
328 0.009350
329 0.009038
330 0.008930
331 0.008905
