0 0.361342
1 0.000001
2 0.000226
3 0.000226
4 0.000226
5 0.000226
6 0.000226
7 0.000226
8 0.000227
9 0.000226
10 0.000227
11 0.000227
12 0.000227
13 0.000227
14 0.000227
15 0.000227
16 0.000227
17 0.000227
18 0.000227
19 0.000227
20 0.000227
21 0.000227
22 0.000228
23 0.000228
24 0.000228
25 0.000228
26 0.000458
27 0.000520
28 0.000521
29 0.000522
30 0.000525
31 0.000526
32 0.000526
33 0.000528
34 0.000528
35 0.000529
36 0.000599
37 0.000697
38 0.000699
39 0.000700
40 0.000701
41 0.000702
42 0.000704
43 0.000707
44 0.000709
45 0.000711
46 0.000718
47 0.000850
48 0.000852
49 0.000854
50 0.000857
51 0.000859
52 0.000862
53 0.000879
54 0.000986
55 0.000989
56 0.000993
57 0.000997
58 0.001000
59 0.001004
60 0.001030
61 0.001118
62 0.001123
63 0.001128
64 0.001136
65 0.001142
66 0.001149
67 0.001185
68 0.001268
69 0.001276
70 0.001285
71 0.001296
72 0.001305
73 0.001315
74 0.001365
75 0.001445
76 0.001458
77 0.001471
78 0.001491
79 0.001505
80 0.001519
81 0.001585
82 0.001660
83 0.001674
84 0.001686
85 0.001699
86 0.001710
87 0.001721
88 0.001776
89 0.001822
90 0.001829
91 0.001840
92 0.001894
93 0.001892
94 0.001890
95 0.001919
96 0.001934
97 0.001927
98 0.001926
99 0.001960
100 0.001948
101 0.001905
102 0.001846
103 0.001768
104 0.001694
105 0.001665
106 0.001656
107 0.001617
108 0.001579
109 0.001568
110 0.001535
111 0.001493
112 0.001467
113 0.001457
114 0.001427
115 0.001401
116 0.001410
117 0.001396
118 0.001382
119 0.001386
120 0.001402
121 0.001401
122 0.001400
123 0.001426
124 0.001426
125 0.001426
126 0.001438
127 0.001451
128 0.001450
129 0.001450
130 0.001478
131 0.001477
132 0.001476
133 0.001490
134 0.001500
135 0.001500
136 0.001502
137 0.001523
138 0.001523
139 0.001523
140 0.001538
141 0.001546
142 0.001546
143 0.001551
144 0.001571
145 0.001571
146 0.001571
147 0.001587
148 0.001593
149 0.001592
150 0.001598
151 0.001614
152 0.001614
153 0.001614
154 0.001631
155 0.001635
156 0.001636
157 0.001644
158 0.001658
159 0.001658
160 0.001658
161 0.001675
162 0.001677
163 0.001676
164 0.001685
165 0.001694
166 0.001694
167 0.001693
168 0.001711
169 0.001710
170 0.001710
171 0.001720
172 0.001728
173 0.001729
174 0.001729
175 0.001743
176 0.001743
177 0.001742
178 0.001752
179 0.001757
180 0.001757
181 0.001759
182 0.001771
183 0.001771
184 0.001771
185 0.001783
186 0.001788
187 0.001788
188 0.001792
189 0.001803
190 0.001803
191 0.001803
192 0.001814
193 0.001818
194 0.001818
195 0.001825
196 0.001834
197 0.001836
198 0.001837
199 0.001849
200 0.001852
201 0.001854
202 0.001860
203 0.001869
204 0.001871
205 0.001874
206 0.001887
207 0.001890
208 0.001892
209 0.001900
210 0.001908
211 0.001911
212 0.001915
213 0.001927
214 0.001930
215 0.001934
216 0.001944
217 0.001952
218 0.001957
219 0.001962
220 0.001974
221 0.001979
222 0.001983
223 0.001993
224 0.002001
225 0.002006
226 0.002013
227 0.002023
228 0.002029
229 0.002034
230 0.002044
231 0.002052
232 0.002057
233 0.002066
234 0.002075
235 0.002082
236 0.002089
237 0.002099
238 0.002108
239 0.002114
240 0.002123
241 0.002132
242 0.002140
243 0.002147
244 0.002158
245 0.002166
246 0.002174
247 0.002184
248 0.002193
249 0.002202
250 0.002210
251 0.002216
252 0.002220
253 0.002220
254 0.002219
255 0.002220
256 0.002221
257 0.002225
258 0.002228
259 0.002231
260 0.002233
261 0.002235
262 0.002236
263 0.002237
264 0.002237
265 0.002236
266 0.002235
267 0.002234
268 0.002229
269 0.002224
270 0.002220
271 0.002213
272 0.002204
273 0.002196
274 0.002188
275 0.002176
276 0.002165
277 0.002154
278 0.002140
279 0.002125
280 0.002114
281 0.002104
282 0.002091
283 0.002084
284 0.002080
285 0.002076
286 0.002073
287 0.002077
288 0.002081
289 0.002079
290 0.002083
291 0.002088
292 0.002089
293 0.002089
294 0.002095
295 0.002099
296 0.002096
297 0.002102
298 0.002106
299 0.002106
300 0.002108
301 0.002112
302 0.002117
303 0.002113
304 0.002119
305 0.002125
306 0.002123
307 0.002126
308 0.002131
309 0.002134
310 0.002131
311 0.002137
312 0.002143
313 0.002140
314 0.002142
315 0.002149
316 0.002151
317 0.002148
318 0.002154
319 0.002160
320 0.002155
321 0.002159
322 0.002165
323 0.002167
324 0.002163
325 0.002171
326 0.002177
327 0.002170
328 0.002176
329 0.002183
330 0.002182
331 0.002179
