0 0.322441
1 0.000001
2 0.000141
3 0.000140
4 0.000188
5 0.000355
6 0.000355
7 0.000457
8 0.000574
9 0.000574
10 0.000724
11 0.000788
12 0.000787
13 0.000985
14 0.000998
15 0.001031
16 0.001205
17 0.001202
18 0.001290
19 0.001424
20 0.001420
21 0.001542
22 0.001609
23 0.001602
24 0.001762
25 0.001779
26 0.001789
27 0.001958
28 0.001947
29 0.001995
30 0.002103
31 0.002089
32 0.002180
33 0.002245
34 0.002228
35 0.002347
36 0.002361
37 0.002348
38 0.002493
39 0.002472
40 0.002493
41 0.002586
42 0.002565
43 0.002623
44 0.002681
45 0.002661
46 0.002749
47 0.002770
48 0.002753
49 0.002878
50 0.002865
51 0.002871
52 0.002954
53 0.002927
54 0.002954
55 0.002995
56 0.002960
57 0.003009
58 0.003014
59 0.002979
60 0.003053
61 0.003034
62 0.003021
63 0.003093
64 0.003069
65 0.003082
66 0.003119
67 0.003084
68 0.003109
69 0.003112
70 0.003075
71 0.003120
72 0.003100
73 0.003071
74 0.003123
75 0.003092
76 0.003098
77 0.003150
78 0.003146
79 0.003187
80 0.003223
81 0.003219
82 0.003280
83 0.003296
84 0.003292
85 0.003370
86 0.003362
87 0.003364
88 0.003407
89 0.003390
90 0.003408
91 0.003432
92 0.003415
93 0.003450
94 0.003455
95 0.003440
96 0.003491
97 0.003482
98 0.003481
99 0.003526
100 0.003515
101 0.003531
102 0.003560
103 0.003550
104 0.003583
105 0.003607
106 0.003608
107 0.003652
108 0.003649
109 0.003645
110 0.003686
111 0.003676
112 0.003684
113 0.003711
114 0.003701
115 0.003721
116 0.003734
117 0.003724
118 0.003756
119 0.003756
120 0.003749
121 0.003787
122 0.003779
123 0.003787
124 0.003818
125 0.003813
126 0.003831
127 0.003848
128 0.003843
129 0.003869
130 0.003875
131 0.003870
132 0.003904
133 0.003899
134 0.003899
135 0.003922
136 0.003912
137 0.003919
138 0.003931
139 0.003921
140 0.003937
141 0.003941
142 0.003934
143 0.003956
144 0.003951
145 0.003947
146 0.003965
147 0.003956
148 0.003957
149 0.003966
150 0.003955
151 0.003961
152 0.003961
153 0.003951
154 0.003960
155 0.003953
156 0.003943
157 0.003953
158 0.003941
159 0.003935
160 0.003938
161 0.003925
162 0.003921
163 0.003912
164 0.003892
165 0.003887
166 0.003873
167 0.003854
168 0.003850
169 0.003830
170 0.003813
171 0.003804
172 0.003785
173 0.003770
174 0.003756
175 0.003736
176 0.003724
177 0.003708
178 0.003692
179 0.003685
180 0.003673
181 0.003661
182 0.003655
183 0.003645
184 0.003638
185 0.003632
186 0.003623
187 0.003616
188 0.003607
189 0.003597
190 0.003589
191 0.003580
192 0.003572
193 0.003565
194 0.003560
195 0.003557
196 0.003556
197 0.003556
198 0.003553
199 0.003551
200 0.003546
201 0.003536
202 0.003525
203 0.003515
204 0.003501
205 0.003489
206 0.003475
207 0.003456
208 0.003442
209 0.003424
210 0.003408
211 0.003399
212 0.003382
213 0.003369
214 0.003360
215 0.003341
216 0.003331
217 0.003319
218 0.003300
219 0.003291
220 0.003277
221 0.003260
222 0.003251
223 0.003235
224 0.003224
225 0.003218
226 0.003199
227 0.003194
228 0.003186
229 0.003163
230 0.003150
231 0.003129
232 0.003103
233 0.003088
234 0.003064
235 0.003047
236 0.003040
237 0.003018
238 0.003012
239 0.003012
240 0.002993
241 0.002996
242 0.002993
243 0.002981
244 0.002983
245 0.002974
246 0.002966
247 0.002972
248 0.002960
249 0.002962
250 0.002971
251 0.002952
252 0.002960
253 0.002963
254 0.002950
255 0.002963
256 0.002958
257 0.002952
258 0.002961
259 0.002945
260 0.002940
261 0.002943
262 0.002913
263 0.002914
264 0.002909
265 0.002880
266 0.002877
267 0.002858
268 0.002829
269 0.002822
270 0.002790
271 0.002768
272 0.002757
273 0.002713
274 0.002697
275 0.002683
276 0.002638
277 0.002628
278 0.002604
279 0.002568
280 0.002558
281 0.002525
282 0.002498
283 0.002490
284 0.002447
285 0.002431
286 0.002422
287 0.002373
288 0.002378
289 0.002384
290 0.002374
291 0.002401
292 0.002404
293 0.002434
294 0.002685
295 0.003040
296 0.003438
297 0.003814
298 0.004034
299 0.004268
300 0.004382
301 0.004359
302 0.004333
303 0.004212
304 0.004018
305 0.003863
306 0.003640
307 0.003490
308 0.003402
309 0.003259
310 0.003217
311 0.003170
312 0.003063
313 0.003041
314 0.002988
315 0.002916
316 0.002902
317 0.002837
318 0.002789
319 0.002777
320 0.002692
321 0.002668
322 0.002655
323 0.002562
324 0.002556
325 0.002523
326 0.002455
327 0.002451
328 0.002396
329 0.002348
330 0.002346
331 0.002271
