0 0.313057
1 0.000001
2 0.000332
3 0.000332
4 0.000333
5 0.000333
6 0.000333
7 0.000410
8 0.000511
9 0.000512
10 0.000607
11 0.000650
12 0.000652
13 0.001023
14 0.001055
15 0.001079
16 0.001186
17 0.001192
18 0.001302
19 0.001467
20 0.001477
21 0.001622
22 0.001712
23 0.001725
24 0.001924
25 0.001969
26 0.002007
27 0.002220
28 0.002242
29 0.002336
30 0.002507
31 0.002531
32 0.002673
33 0.002783
34 0.002792
35 0.002966
36 0.003003
37 0.002995
38 0.003167
39 0.003144
40 0.003174
41 0.003295
42 0.003271
43 0.003340
44 0.003405
45 0.003376
46 0.003478
47 0.003494
48 0.003463
49 0.003596
50 0.003569
51 0.003567
52 0.003661
53 0.003622
54 0.003648
55 0.003688
56 0.003641
57 0.003686
58 0.003680
59 0.003624
60 0.003681
61 0.003620
62 0.003548
63 0.003551
64 0.003450
65 0.003413
66 0.003426
67 0.003400
68 0.003477
69 0.003540
70 0.003562
71 0.003674
72 0.003715
73 0.003745
74 0.003853
75 0.003838
76 0.003859
77 0.003927
78 0.003929
79 0.003993
80 0.004054
81 0.004077
82 0.004155
83 0.004160
84 0.004120
85 0.004164
86 0.004106
87 0.004089
88 0.004137
89 0.004129
90 0.004149
91 0.004168
92 0.004165
93 0.004220
94 0.004253
95 0.004271
96 0.004369
97 0.004403
98 0.004445
99 0.004536
100 0.004576
101 0.004643
102 0.004716
103 0.004729
104 0.004770
105 0.004778
106 0.004759
107 0.004794
108 0.004775
109 0.004754
110 0.004782
111 0.004756
112 0.004749
113 0.004761
114 0.004733
115 0.004735
116 0.004731
117 0.004705
118 0.004716
119 0.004670
120 0.004638
121 0.004673
122 0.004681
123 0.004707
124 0.004759
125 0.004784
126 0.004834
127 0.004874
128 0.004881
129 0.004921
130 0.004932
131 0.004932
132 0.004955
133 0.004940
134 0.004918
135 0.004902
136 0.004872
137 0.004864
138 0.004864
139 0.004836
140 0.004847
141 0.004865
142 0.004885
143 0.004928
144 0.004959
145 0.004994
146 0.005042
147 0.005075
148 0.005115
149 0.005149
150 0.005159
151 0.005169
152 0.005169
153 0.005159
154 0.005160
155 0.005153
156 0.005147
157 0.005152
158 0.005144
159 0.005139
160 0.005140
161 0.005136
162 0.005139
163 0.005137
164 0.005133
165 0.005125
166 0.005108
167 0.005093
168 0.005080
169 0.005060
170 0.005036
171 0.005018
172 0.005002
173 0.004985
174 0.004969
175 0.004959
176 0.004948
177 0.004942
178 0.004943
179 0.004939
180 0.004941
181 0.004943
182 0.004938
183 0.004942
184 0.004940
185 0.004932
186 0.004933
187 0.004921
188 0.004913
189 0.004910
190 0.004891
191 0.004896
192 0.004913
193 0.004921
194 0.004955
195 0.004978
196 0.004991
197 0.005023
198 0.005039
199 0.005066
200 0.005101
201 0.005106
202 0.005131
203 0.005162
204 0.005162
205 0.005202
206 0.005227
207 0.005225
208 0.005244
209 0.005230
210 0.005209
211 0.005208
212 0.005178
213 0.005180
214 0.005206
215 0.005194
216 0.005238
217 0.005271
218 0.005266
219 0.005306
220 0.005323
221 0.005335
222 0.005390
223 0.005398
224 0.005428
225 0.005477
226 0.005466
227 0.005515
228 0.005569
229 0.005560
230 0.005606
231 0.005613
232 0.005590
233 0.005619
234 0.005598
235 0.005594
236 0.005624
237 0.005578
238 0.005592
239 0.005615
240 0.005556
241 0.005585
242 0.005584
243 0.005542
244 0.005563
245 0.005527
246 0.005502
247 0.005525
248 0.005465
249 0.005466
250 0.005495
251 0.005408
252 0.005437
253 0.005438
254 0.005375
255 0.005406
256 0.005380
257 0.005343
258 0.005378
259 0.005315
260 0.005305
261 0.005338
262 0.005239
263 0.005261
264 0.005269
265 0.005182
266 0.005217
267 0.005192
268 0.005134
269 0.005170
270 0.005104
271 0.005078
272 0.005112
273 0.004999
274 0.005009
275 0.005025
276 0.004901
277 0.004936
278 0.004911
279 0.004824
280 0.004861
281 0.004789
282 0.004739
283 0.004773
284 0.004644
285 0.004634
286 0.004657
287 0.004482
288 0.004514
289 0.004489
290 0.004360
291 0.004393
292 0.004323
293 0.004263
294 0.004326
295 0.004212
296 0.004213
297 0.004282
298 0.004097
299 0.004155
300 0.004167
301 0.004006
302 0.004065
303 0.003993
304 0.003878
305 0.003931
306 0.003777
307 0.003727
308 0.003786
309 0.003548
310 0.003571
311 0.003583
312 0.003331
313 0.003382
314 0.003298
315 0.003109
316 0.003154
317 0.002965
318 0.002846
319 0.002882
320 0.002576
321 0.002535
322 0.002533
323 0.002170
324 0.002187
325 0.002078
326 0.001810
327 0.001821
328 0.001633
329 0.001515
330 0.001519
331 0.001375
