0 0.361342
1 0.000001
2 0.000732
3 0.000729
4 0.000727
5 0.000724
6 0.000722
7 0.000720
8 0.000718
9 0.001341
10 0.001711
11 0.001698
12 0.001686
13 0.002113
14 0.002153
15 0.002407
16 0.002456
17 0.002651
18 0.002736
19 0.002874
20 0.002993
21 0.003079
22 0.003229
23 0.003265
24 0.003444
25 0.003440
26 0.003635
27 0.003632
28 0.003777
29 0.003806
30 0.003907
31 0.003982
32 0.004061
33 0.004144
34 0.004166
35 0.004272
36 0.004259
37 0.004386
38 0.004363
39 0.004471
40 0.004471
41 0.004559
42 0.004577
43 0.004621
44 0.004662
45 0.004678
46 0.004750
47 0.004744
48 0.004826
49 0.004801
50 0.004886
51 0.004868
52 0.004938
53 0.004937
54 0.004992
55 0.005114
56 0.005240
57 0.005385
58 0.005491
59 0.005666
60 0.005755
61 0.005941
62 0.006022
63 0.006195
64 0.006285
65 0.006424
66 0.006522
67 0.006615
68 0.006641
69 0.006610
70 0.006608
71 0.006546
72 0.006547
73 0.006468
74 0.006469
75 0.006395
76 0.006372
77 0.006312
78 0.006276
79 0.006232
80 0.006185
81 0.006155
82 0.006097
83 0.006080
84 0.006012
85 0.006005
86 0.005940
87 0.005925
88 0.005877
89 0.005855
90 0.005825
91 0.005807
92 0.005793
93 0.005766
94 0.005763
95 0.005733
96 0.005739
97 0.005708
98 0.005707
99 0.005679
100 0.005675
101 0.005659
102 0.005654
103 0.005651
104 0.005642
105 0.005642
106 0.005644
107 0.005675
108 0.005690
109 0.005732
110 0.005767
111 0.005823
112 0.005854
113 0.005880
114 0.005894
115 0.005901
116 0.005887
117 0.005860
118 0.005842
119 0.005818
120 0.005799
121 0.005771
122 0.005754
123 0.005734
124 0.005723
125 0.005713
126 0.005705
127 0.005697
128 0.005691
129 0.005684
130 0.005676
131 0.005667
132 0.005661
133 0.005652
134 0.005645
135 0.005637
136 0.005637
137 0.005639
138 0.005639
139 0.005634
140 0.005625
141 0.005615
142 0.005589
143 0.005570
144 0.005536
145 0.005517
146 0.005486
147 0.005470
148 0.005451
149 0.005431
150 0.005407
151 0.005384
152 0.005368
153 0.005342
154 0.005331
155 0.005300
156 0.005291
157 0.005258
158 0.005246
159 0.005217
160 0.005201
161 0.005176
162 0.005154
163 0.005135
164 0.005105
165 0.005091
166 0.005055
167 0.005048
168 0.005004
169 0.004996
170 0.004958
171 0.004945
172 0.004912
173 0.004889
174 0.004865
175 0.004836
176 0.004819
177 0.004780
178 0.004772
179 0.004722
180 0.004715
181 0.004664
182 0.004650
183 0.004608
184 0.004587
185 0.004554
186 0.004524
187 0.004502
188 0.004460
189 0.004443
190 0.004388
191 0.004381
192 0.004318
193 0.004308
194 0.004254
195 0.004233
196 0.004192
197 0.004163
198 0.004134
199 0.004095
200 0.004076
201 0.004022
202 0.004012
203 0.003942
204 0.003932
205 0.003865
206 0.003845
207 0.003789
208 0.003757
209 0.003714
210 0.003668
211 0.003634
212 0.003575
213 0.003557
214 0.003487
215 0.003479
216 0.003406
217 0.003394
218 0.003335
219 0.003312
220 0.003266
221 0.003231
222 0.003200
223 0.003154
224 0.003134
225 0.003079
226 0.003071
227 0.003008
228 0.003003
229 0.002952
230 0.002938
231 0.002902
232 0.002882
233 0.002859
234 0.002839
235 0.002830
236 0.002816
237 0.002816
238 0.002811
239 0.002812
240 0.002821
241 0.002824
242 0.002844
243 0.002856
244 0.002882
245 0.002908
246 0.002934
247 0.002978
248 0.003001
249 0.003072
250 0.003086
251 0.003182
252 0.003199
253 0.003280
254 0.003309
255 0.003370
256 0.003410
257 0.003458
258 0.003515
259 0.003550
260 0.003619
261 0.003637
262 0.003713
263 0.003724
264 0.003804
265 0.003828
266 0.003896
267 0.003936
268 0.003994
269 0.004041
270 0.004078
271 0.004135
272 0.004158
273 0.004224
274 0.004236
275 0.004316
276 0.004343
277 0.004417
278 0.004456
279 0.004515
280 0.004562
281 0.004609
282 0.004668
283 0.004705
284 0.004766
285 0.004774
286 0.004832
287 0.004855
288 0.004932
289 0.004973
290 0.005047
291 0.005102
292 0.005168
293 0.005235
294 0.005293
295 0.005351
296 0.005381
297 0.005444
298 0.005468
299 0.005531
300 0.005556
301 0.005610
302 0.005641
303 0.005686
304 0.005722
305 0.005751
306 0.005781
307 0.005794
308 0.005833
309 0.005852
310 0.005901
311 0.005917
312 0.005960
313 0.005980
314 0.006013
315 0.006038
316 0.006065
317 0.006094
318 0.006118
319 0.006146
320 0.006158
321 0.006186
322 0.006192
323 0.006213
324 0.006217
325 0.006231
326 0.006236
327 0.006238
328 0.006238
329 0.006246
330 0.006249
331 0.006241
