0 0.336299
1 0.000001
2 0.000615
3 0.000616
4 0.000616
5 0.000718
6 0.000972
7 0.001091
8 0.001230
9 0.001668
10 0.001946
11 0.002125
12 0.002178
13 0.002611
14 0.002678
15 0.003025
16 0.003121
17 0.003409
18 0.003565
19 0.003798
20 0.004016
21 0.004189
22 0.004435
23 0.004507
24 0.004766
25 0.004778
26 0.005052
27 0.005057
28 0.005258
29 0.005302
30 0.005439
31 0.005518
32 0.005600
33 0.005709
34 0.005735
35 0.005867
36 0.005837
37 0.005983
38 0.005924
39 0.006016
40 0.005933
41 0.005929
42 0.005843
43 0.005778
44 0.005806
45 0.005874
46 0.005999
47 0.006043
48 0.006201
49 0.006234
50 0.006411
51 0.006457
52 0.006605
53 0.006677
54 0.006800
55 0.006876
56 0.006866
57 0.006861
58 0.006851
59 0.006937
60 0.006965
61 0.007104
62 0.007118
63 0.007219
64 0.007250
65 0.007356
66 0.007443
67 0.007552
68 0.007619
69 0.007604
70 0.007619
71 0.007573
72 0.007591
73 0.007541
74 0.007567
75 0.007518
76 0.007516
77 0.007472
78 0.007439
79 0.007385
80 0.007359
81 0.007414
82 0.007464
83 0.007552
84 0.007598
85 0.007721
86 0.007799
87 0.007938
88 0.008052
89 0.008169
90 0.008291
91 0.008512
92 0.008835
93 0.009253
94 0.009898
95 0.010617
96 0.011343
97 0.011861
98 0.012192
99 0.012214
100 0.011932
101 0.011283
102 0.010319
103 0.009124
104 0.008459
105 0.008503
106 0.008549
107 0.008603
108 0.008632
109 0.008650
110 0.008665
111 0.008684
112 0.008657
113 0.008609
114 0.008601
115 0.008587
116 0.008549
117 0.008499
118 0.008482
119 0.008471
120 0.008443
121 0.008431
122 0.008415
123 0.008413
124 0.008404
125 0.008409
126 0.008410
127 0.008437
128 0.008507
129 0.008584
130 0.008671
131 0.008729
132 0.008827
133 0.008883
134 0.008969
135 0.009018
136 0.009109
137 0.009181
138 0.009236
139 0.009270
140 0.009278
141 0.009324
142 0.009358
143 0.009476
144 0.009523
145 0.009609
146 0.009602
147 0.009641
148 0.009651
149 0.009676
150 0.009694
151 0.009716
152 0.009775
153 0.009759
154 0.009773
155 0.009684
156 0.009699
157 0.009601
158 0.009604
159 0.009525
160 0.009505
161 0.009447
162 0.009400
163 0.009361
164 0.009283
165 0.009274
166 0.009166
167 0.009186
168 0.009046
169 0.009067
170 0.008951
171 0.008945
172 0.008861
173 0.008832
174 0.008794
175 0.008734
176 0.008731
177 0.008631
178 0.008666
179 0.008522
180 0.008574
181 0.008427
182 0.008457
183 0.008348
184 0.008343
185 0.008285
186 0.008226
187 0.008189
188 0.008063
189 0.008086
190 0.007921
191 0.008000
192 0.007784
193 0.007857
194 0.007686
195 0.007709
196 0.007608
197 0.007576
198 0.007536
199 0.007422
200 0.007436
201 0.007221
202 0.007286
203 0.006941
204 0.007021
205 0.006678
206 0.006668
207 0.006370
208 0.006240
209 0.006001
210 0.005738
211 0.005567
212 0.005160
213 0.005059
214 0.004489
215 0.004435
216 0.003781
217 0.003669
218 0.003120
219 0.002882
220 0.002537
221 0.002370
222 0.002209
223 0.002193
224 0.002189
225 0.002275
226 0.002304
227 0.002397
228 0.002405
229 0.002439
230 0.002469
231 0.002547
232 0.002567
233 0.002596
234 0.002662
235 0.002705
236 0.002749
237 0.002758
238 0.002923
239 0.002940
240 0.003004
241 0.003020
242 0.003107
243 0.003123
244 0.003161
245 0.003231
246 0.003290
247 0.003331
248 0.003337
249 0.003420
250 0.003416
251 0.003514
252 0.003506
253 0.003581
254 0.003580
255 0.003613
256 0.003652
257 0.003701
258 0.003725
259 0.003728
260 0.003783
261 0.003777
262 0.003852
263 0.003838
264 0.003900
265 0.003888
266 0.003919
267 0.003934
268 0.003974
269 0.003985
270 0.003988
271 0.004035
272 0.004036
273 0.004071
274 0.004053
275 0.004121
276 0.004104
277 0.004132
278 0.004133
279 0.004165
280 0.004167
281 0.004171
282 0.004196
283 0.004197
284 0.004218
285 0.004201
286 0.004247
287 0.004228
288 0.004251
289 0.004242
290 0.004267
291 0.004260
292 0.004263
293 0.004275
294 0.004278
295 0.004292
296 0.004282
297 0.004307
298 0.004292
299 0.004316
300 0.004306
301 0.004327
302 0.004320
303 0.004325
304 0.004330
305 0.004334
306 0.004341
307 0.004335
308 0.004349
309 0.004338
310 0.004355
311 0.004343
312 0.004360
313 0.004351
314 0.004355
315 0.004354
316 0.004357
317 0.004358
318 0.004354
319 0.004361
320 0.004355
321 0.004362
322 0.004353
323 0.004363
324 0.004357
325 0.004360
326 0.004357
327 0.004358
328 0.004356
329 0.004354
330 0.004354
331 0.004349
