0 0.361342
1 0.000001
2 0.000488
3 0.000486
4 0.000486
5 0.000485
6 0.000483
7 0.000483
8 0.000482
9 0.000481
10 0.000480
11 0.000479
12 0.000477
13 0.001103
14 0.001142
15 0.001136
16 0.001131
17 0.001125
18 0.001247
19 0.001427
20 0.001420
21 0.001539
22 0.001603
23 0.001593
24 0.001751
25 0.001764
26 0.001771
27 0.001927
28 0.001913
29 0.001960
30 0.002065
31 0.002049
32 0.002132
33 0.002190
34 0.002173
35 0.002290
36 0.002304
37 0.002292
38 0.002428
39 0.002409
40 0.002431
41 0.002524
42 0.002503
43 0.002557
44 0.002610
45 0.002589
46 0.002690
47 0.002713
48 0.002691
49 0.002801
50 0.002783
51 0.002787
52 0.002868
53 0.002845
54 0.002877
55 0.002924
56 0.002901
57 0.002958
58 0.002975
59 0.002952
60 0.003044
61 0.003033
62 0.003026
63 0.003098
64 0.003075
65 0.003091
66 0.003135
67 0.003112
68 0.003157
69 0.003179
70 0.003157
71 0.003216
72 0.003211
73 0.003196
74 0.003262
75 0.003240
76 0.003249
77 0.003296
78 0.003275
79 0.003300
80 0.003319
81 0.003332
82 0.003425
83 0.003472
84 0.003499
85 0.003610
86 0.003637
87 0.003686
88 0.003783
89 0.003812
90 0.003878
91 0.003950
92 0.003977
93 0.004065
94 0.004117
95 0.004141
96 0.004240
97 0.004268
98 0.004301
99 0.004385
100 0.004394
101 0.004411
102 0.004425
103 0.004390
104 0.004401
105 0.004389
106 0.004348
107 0.004367
108 0.004335
109 0.004299
110 0.004318
111 0.004278
112 0.004256
113 0.004256
114 0.004213
115 0.004206
116 0.004191
117 0.004152
118 0.004157
119 0.004130
120 0.004094
121 0.004108
122 0.004072
123 0.004049
124 0.004050
125 0.004015
126 0.004004
127 0.003993
128 0.003960
129 0.003960
130 0.003940
131 0.003910
132 0.003921
133 0.003894
134 0.003876
135 0.003884
136 0.003862
137 0.003857
138 0.003857
139 0.003836
140 0.003839
141 0.003831
142 0.003814
143 0.003825
144 0.003813
145 0.003799
146 0.003806
147 0.003788
148 0.003782
149 0.003783
150 0.003768
151 0.003770
152 0.003767
153 0.003756
154 0.003767
155 0.003760
156 0.003750
157 0.003761
158 0.003756
159 0.003762
160 0.003779
161 0.003783
162 0.003798
163 0.003814
164 0.003826
165 0.003854
166 0.003874
167 0.003886
168 0.003908
169 0.003912
170 0.003918
171 0.003929
172 0.003926
173 0.003923
174 0.003914
175 0.003899
176 0.003893
177 0.003884
178 0.003872
179 0.003866
180 0.003853
181 0.003840
182 0.003835
183 0.003824
184 0.003817
185 0.003812
186 0.003805
187 0.003803
188 0.003799
189 0.003795
190 0.003792
191 0.003789
192 0.003786
193 0.003783
194 0.003779
195 0.003776
196 0.003772
197 0.003769
198 0.003765
199 0.003762
200 0.003759
201 0.003754
202 0.003752
203 0.003752
204 0.003750
205 0.003753
206 0.003754
207 0.003750
208 0.003750
209 0.003746
210 0.003740
211 0.003738
212 0.003725
213 0.003715
214 0.003708
215 0.003689
216 0.003681
217 0.003672
218 0.003655
219 0.003649
220 0.003640
221 0.003630
222 0.003628
223 0.003612
224 0.003602
225 0.003598
226 0.003579
227 0.003575
228 0.003570
229 0.003553
230 0.003550
231 0.003541
232 0.003528
233 0.003526
234 0.003511
235 0.003501
236 0.003500
237 0.003479
238 0.003474
239 0.003471
240 0.003448
241 0.003447
242 0.003439
243 0.003420
244 0.003420
245 0.003405
246 0.003392
247 0.003391
248 0.003369
249 0.003363
250 0.003363
251 0.003334
252 0.003333
253 0.003326
254 0.003303
255 0.003303
256 0.003289
257 0.003272
258 0.003272
259 0.003250
260 0.003240
261 0.003242
262 0.003211
263 0.003210
264 0.003205
265 0.003177
266 0.003179
267 0.003166
268 0.003144
269 0.003145
270 0.003121
271 0.003108
272 0.003108
273 0.003075
274 0.003070
275 0.003068
276 0.003033
277 0.003035
278 0.003023
279 0.002998
280 0.003001
281 0.002978
282 0.002961
283 0.002962
284 0.002927
285 0.002920
286 0.002919
287 0.002877
288 0.002879
289 0.002868
290 0.002835
291 0.002836
292 0.002814
293 0.002793
294 0.002796
295 0.002764
296 0.002754
297 0.002758
298 0.002714
299 0.002716
300 0.002709
301 0.002672
302 0.002674
303 0.002654
304 0.002626
305 0.002628
306 0.002594
307 0.002577
308 0.002578
309 0.002532
310 0.002528
311 0.002521
312 0.002476
313 0.002477
314 0.002458
315 0.002425
316 0.002424
317 0.002392
318 0.002372
319 0.002373
320 0.002329
321 0.002322
322 0.002320
323 0.002271
324 0.002274
325 0.002259
326 0.002224
327 0.002227
328 0.002200
329 0.002178
330 0.002181
331 0.002144
