0 0.361342
1 0.000001
2 0.000143
3 0.000143
4 0.000142
5 0.000143
6 0.000142
7 0.000143
8 0.000142
9 0.000143
10 0.000142
11 0.000142
12 0.000143
13 0.000115
14 0.000114
15 0.000113
16 0.000114
17 0.000113
18 0.000107
19 0.000098
20 0.000098
21 0.000098
22 0.000098
23 0.000098
24 0.000262
25 0.000291
26 0.000290
27 0.000289
28 0.000289
29 0.000286
30 0.000279
31 0.000279
32 0.000278
33 0.000278
34 0.000277
35 0.000357
36 0.000378
37 0.000377
38 0.000375
39 0.000374
40 0.000392
41 0.000438
42 0.000437
43 0.000436
44 0.000435
45 0.000434
46 0.000480
47 0.000497
48 0.000495
49 0.000494
50 0.000493
51 0.000504
52 0.000551
53 0.000550
54 0.000548
55 0.000547
56 0.000545
57 0.000584
58 0.000604
59 0.000602
60 0.000601
61 0.000599
62 0.000590
63 0.000556
64 0.000554
65 0.000553
66 0.000551
67 0.000550
68 0.000579
69 0.000598
70 0.000597
71 0.000595
72 0.000593
73 0.000595
74 0.000644
75 0.000641
76 0.000640
77 0.000639
78 0.000637
79 0.000662
80 0.000685
81 0.000683
82 0.000681
83 0.000680
84 0.000678
85 0.000727
86 0.000725
87 0.000723
88 0.000721
89 0.000719
90 0.000718
91 0.000719
92 0.000716
93 0.000715
94 0.000713
95 0.000711
96 0.000752
97 0.000752
98 0.000751
99 0.000747
100 0.000746
101 0.000762
102 0.000789
103 0.000786
104 0.000783
105 0.000782
106 0.000779
107 0.000817
108 0.000822
109 0.000818
110 0.000817
111 0.000815
112 0.000812
113 0.000813
114 0.000810
115 0.000807
116 0.000805
117 0.000804
118 0.000837
119 0.000843
120 0.000841
121 0.000840
122 0.000836
123 0.000846
124 0.000875
125 0.000871
126 0.000871
127 0.000867
128 0.000866
129 0.000867
130 0.000865
131 0.000863
132 0.000861
133 0.000859
134 0.000865
135 0.000896
136 0.000894
137 0.000891
138 0.000889
139 0.000888
140 0.000911
141 0.000922
142 0.000919
143 0.000917
144 0.000915
145 0.000913
146 0.000912
147 0.000910
148 0.000908
149 0.000905
150 0.000903
151 0.000923
152 0.000935
153 0.000933
154 0.000930
155 0.000929
156 0.000929
157 0.000959
158 0.000958
159 0.000955
160 0.000953
161 0.000951
162 0.000952
163 0.000952
164 0.000949
165 0.000947
166 0.000945
167 0.000943
168 0.000974
169 0.000972
170 0.000970
171 0.000968
172 0.000966
173 0.000969
174 0.000971
175 0.000970
176 0.000968
177 0.000966
178 0.000964
179 0.000991
180 0.000992
181 0.000990
182 0.000988
183 0.000987
184 0.000988
185 0.000992
186 0.000989
187 0.000989
188 0.000987
189 0.000985
190 0.001009
191 0.001012
192 0.001011
193 0.001009
194 0.001008
195 0.001009
196 0.001012
197 0.001010
198 0.001010
199 0.001009
200 0.001009
201 0.001030
202 0.001035
203 0.001034
204 0.001033
205 0.001032
206 0.001032
207 0.001035
208 0.001033
209 0.001032
210 0.001032
211 0.001031
212 0.001049
213 0.001055
214 0.001054
215 0.001054
216 0.001053
217 0.001053
218 0.001055
219 0.001054
220 0.001053
221 0.001053
222 0.001051
223 0.001067
224 0.001074
225 0.001074
226 0.001073
227 0.001073
228 0.001073
229 0.001076
230 0.001076
231 0.001076
232 0.001076
233 0.001075
234 0.001089
235 0.001097
236 0.001097
237 0.001096
238 0.001096
239 0.001095
240 0.001097
241 0.001096
242 0.001096
243 0.001096
244 0.001097
245 0.001107
246 0.001116
247 0.001116
248 0.001117
249 0.001117
250 0.001118
251 0.001119
252 0.001120
253 0.001120
254 0.001120
255 0.001121
256 0.001130
257 0.001139
258 0.001141
259 0.001141
260 0.001142
261 0.001143
262 0.001144
263 0.001144
264 0.001145
265 0.001145
266 0.001146
267 0.001152
268 0.001162
269 0.001162
270 0.001162
271 0.001163
272 0.001163
273 0.001163
274 0.001163
275 0.001164
276 0.001164
277 0.001164
278 0.001168
279 0.001177
280 0.001177
281 0.001177
282 0.001178
283 0.001178
284 0.001178
285 0.001178
286 0.001178
287 0.001179
288 0.001179
289 0.001182
290 0.001191
291 0.001192
292 0.001193
293 0.001194
294 0.001194
295 0.001195
296 0.001196
297 0.001198
298 0.001199
299 0.001200
300 0.001202
301 0.001210
302 0.001211
303 0.001211
304 0.001212
305 0.001213
306 0.001214
307 0.001216
308 0.001216
309 0.001217
310 0.001218
311 0.001219
312 0.001223
313 0.001225
314 0.001227
315 0.001229
316 0.001231
317 0.001235
318 0.001237
319 0.001238
320 0.001240
321 0.001241
322 0.001242
323 0.001245
324 0.001247
325 0.001248
326 0.001250
327 0.001251
328 0.001253
329 0.001255
330 0.001256
331 0.001258
