0 0.346434
1 0.000001
2 0.000069
3 0.000069
4 0.000069
5 0.000069
6 0.000069
7 0.000069
8 0.000069
9 0.000069
10 0.000069
11 0.000069
12 0.000069
13 0.000069
14 0.000069
15 0.000069
16 0.000069
17 0.000069
18 0.000069
19 0.000069
20 0.000069
21 0.000069
22 0.000091
23 0.000159
24 0.000159
25 0.000159
26 0.000159
27 0.000159
28 0.000159
29 0.000174
30 0.000203
31 0.000203
32 0.000203
33 0.000204
34 0.000204
35 0.000204
36 0.000222
37 0.000248
38 0.000248
39 0.000248
40 0.000248
41 0.000248
42 0.000248
43 0.000270
44 0.000291
45 0.000291
46 0.000292
47 0.000292
48 0.000292
49 0.000292
50 0.000317
51 0.000335
52 0.000335
53 0.000335
54 0.000336
55 0.000336
56 0.000336
57 0.000364
58 0.000379
59 0.000379
60 0.000379
61 0.000379
62 0.000380
63 0.000380
64 0.000412
65 0.000423
66 0.000423
67 0.000423
68 0.000423
69 0.000424
70 0.000424
71 0.000459
72 0.000467
73 0.000467
74 0.000467
75 0.000468
76 0.000469
77 0.000469
78 0.000507
79 0.000511
80 0.000511
81 0.000512
82 0.000513
83 0.000513
84 0.000514
85 0.000555
86 0.000556
87 0.000557
88 0.000557
89 0.000558
90 0.000559
91 0.000563
92 0.000600
93 0.000601
94 0.000602
95 0.000603
96 0.000604
97 0.000605
98 0.000612
99 0.000647
100 0.000648
101 0.000649
102 0.000650
103 0.000651
104 0.000652
105 0.000662
106 0.000694
107 0.000694
108 0.000695
109 0.000696
110 0.000697
111 0.000698
112 0.000712
113 0.000739
114 0.000740
115 0.000741
116 0.000742
117 0.000742
118 0.000743
119 0.000760
120 0.000784
121 0.000784
122 0.000785
123 0.000785
124 0.000786
125 0.000786
126 0.000807
127 0.000826
128 0.000826
129 0.000827
130 0.000827
131 0.000827
132 0.000826
133 0.000848
134 0.000864
135 0.000864
136 0.000865
137 0.000864
138 0.000865
139 0.000865
140 0.000890
141 0.000902
142 0.000903
143 0.000903
144 0.000903
145 0.000903
146 0.000903
147 0.000930
148 0.000939
149 0.000940
150 0.000939
151 0.000939
152 0.000939
153 0.000940
154 0.000969
155 0.000976
156 0.000976
157 0.000976
158 0.000976
159 0.000977
160 0.000978
161 0.001011
162 0.001015
163 0.001016
164 0.001017
165 0.001018
166 0.001020
167 0.001022
168 0.001058
169 0.001060
170 0.001062
171 0.001064
172 0.001065
173 0.001067
174 0.001072
175 0.001106
176 0.001107
177 0.001109
178 0.001111
179 0.001113
180 0.001116
181 0.001123
182 0.001154
183 0.001156
184 0.001158
185 0.001160
186 0.001161
187 0.001163
188 0.001174
189 0.001201
190 0.001203
191 0.001205
192 0.001207
193 0.001209
194 0.001210
195 0.001224
196 0.001248
197 0.001250
198 0.001252
199 0.001253
200 0.001255
201 0.001257
202 0.001273
203 0.001294
204 0.001296
205 0.001297
206 0.001299
207 0.001301
208 0.001303
209 0.001321
210 0.001339
211 0.001341
212 0.001343
213 0.001344
214 0.001346
215 0.001347
216 0.001367
217 0.001382
218 0.001384
219 0.001385
220 0.001386
221 0.001387
222 0.001387
223 0.001409
224 0.001421
225 0.001421
226 0.001422
227 0.001422
228 0.001423
229 0.001424
230 0.001447
231 0.001456
232 0.001458
233 0.001459
234 0.001460
235 0.001462
236 0.001463
237 0.001489
238 0.001495
239 0.001496
240 0.001497
241 0.001498
242 0.001498
243 0.001499
244 0.001526
245 0.001529
246 0.001529
247 0.001529
248 0.001529
249 0.001529
250 0.001529
251 0.001558
252 0.001558
253 0.001557
254 0.001557
255 0.001556
256 0.001556
257 0.001558
258 0.001583
259 0.001582
260 0.001581
261 0.001579
262 0.001578
263 0.001576
264 0.001579
265 0.001600
266 0.001598
267 0.001596
268 0.001594
269 0.001591
270 0.001589
271 0.001593
272 0.001610
273 0.001608
274 0.001606
275 0.001603
276 0.001601
277 0.001598
278 0.001605
279 0.001619
280 0.001617
281 0.001614
282 0.001612
283 0.001609
284 0.001607
285 0.001615
286 0.001626
287 0.001623
288 0.001621
289 0.001619
290 0.001617
291 0.001616
292 0.001626
293 0.001638
294 0.001639
295 0.001640
296 0.001642
297 0.001644
298 0.001647
299 0.001664
300 0.001678
301 0.001684
302 0.001691
303 0.001698
304 0.001707
305 0.001718
306 0.001745
307 0.001767
308 0.001782
309 0.001800
310 0.001821
311 0.001844
312 0.001869
313 0.001915
314 0.001954
315 0.001990
316 0.002031
317 0.002071
318 0.002109
319 0.002145
320 0.002196
321 0.002225
322 0.002244
323 0.002255
324 0.002260
325 0.002261
326 0.002258
327 0.002269
328 0.002256
329 0.002237
330 0.002206
331 0.002145
