0 0.336299
1 0.000001
2 0.000410
3 0.000411
4 0.000411
5 0.000411
6 0.000411
7 0.000516
8 0.000649
9 0.000649
10 0.000769
11 0.000822
12 0.000821
13 0.001267
14 0.001301
15 0.001326
16 0.001455
17 0.001455
18 0.001580
19 0.001767
20 0.001768
21 0.001929
22 0.002024
23 0.002026
24 0.002244
25 0.002281
26 0.002310
27 0.002536
28 0.002543
29 0.002631
30 0.002801
31 0.002806
32 0.002939
33 0.003034
34 0.003020
35 0.003187
36 0.003215
37 0.003205
38 0.003398
39 0.003375
40 0.003409
41 0.003539
42 0.003513
43 0.003589
44 0.003662
45 0.003634
46 0.003748
47 0.003771
48 0.003742
49 0.003890
50 0.003864
51 0.003866
52 0.003972
53 0.003935
54 0.003970
55 0.004023
56 0.003981
57 0.004040
58 0.004038
59 0.003978
60 0.004040
61 0.003980
62 0.003923
63 0.003958
64 0.003878
65 0.003879
66 0.003948
67 0.003942
68 0.004012
69 0.004058
70 0.004057
71 0.004156
72 0.004177
73 0.004188
74 0.004302
75 0.004308
76 0.004348
77 0.004433
78 0.004439
79 0.004504
80 0.004563
81 0.004572
82 0.004646
83 0.004638
84 0.004586
85 0.004643
86 0.004611
87 0.004616
88 0.004678
89 0.004677
90 0.004725
91 0.004775
92 0.004772
93 0.004830
94 0.004850
95 0.004846
96 0.004927
97 0.004942
98 0.004969
99 0.005055
100 0.005073
101 0.005108
102 0.005140
103 0.005108
104 0.005125
105 0.005121
106 0.005087
107 0.005113
108 0.005091
109 0.005068
110 0.005099
111 0.005068
112 0.005057
113 0.005066
114 0.005033
115 0.005031
116 0.005018
117 0.004977
118 0.004976
119 0.004953
120 0.004941
121 0.004997
122 0.005009
123 0.005034
124 0.005082
125 0.005097
126 0.005140
127 0.005189
128 0.005219
129 0.005285
130 0.005337
131 0.005381
132 0.005460
133 0.005495
134 0.005541
135 0.005635
136 0.005732
137 0.005876
138 0.006050
139 0.006245
140 0.006529
141 0.006868
142 0.007199
143 0.007556
144 0.007855
145 0.008078
146 0.008257
147 0.008334
148 0.008329
149 0.008231
150 0.008000
151 0.007680
152 0.007252
153 0.006726
154 0.006162
155 0.005682
156 0.005693
157 0.005720
158 0.005738
159 0.005761
160 0.005786
161 0.005799
162 0.005810
163 0.005817
164 0.005823
165 0.005832
166 0.005840
167 0.005834
168 0.005810
169 0.005789
170 0.005785
171 0.005781
172 0.005774
173 0.005758
174 0.005735
175 0.005714
176 0.005703
177 0.005698
178 0.005694
179 0.005678
180 0.005672
181 0.005666
182 0.005655
183 0.005657
184 0.005653
185 0.005645
186 0.005654
187 0.005648
188 0.005649
189 0.005662
190 0.005666
191 0.005698
192 0.005741
193 0.005765
194 0.005809
195 0.005844
196 0.005867
197 0.005913
198 0.005945
199 0.005975
200 0.006019
201 0.006031
202 0.006066
203 0.006115
204 0.006126
205 0.006176
206 0.006207
207 0.006208
208 0.006237
209 0.006238
210 0.006241
211 0.006275
212 0.006278
213 0.006317
214 0.006379
215 0.006382
216 0.006435
217 0.006464
218 0.006447
219 0.006479
220 0.006479
221 0.006478
222 0.006512
223 0.006495
224 0.006506
225 0.006543
226 0.006514
227 0.006555
228 0.006587
229 0.006545
230 0.006568
231 0.006550
232 0.006507
233 0.006524
234 0.006481
235 0.006459
236 0.006475
237 0.006407
238 0.006407
239 0.006417
240 0.006335
241 0.006354
242 0.006339
243 0.006278
244 0.006296
245 0.006251
246 0.006215
247 0.006236
248 0.006162
249 0.006155
250 0.006176
251 0.006070
252 0.006094
253 0.006085
254 0.006006
255 0.006030
256 0.005992
257 0.005943
258 0.005971
259 0.005902
260 0.005893
261 0.005929
262 0.005822
263 0.005849
264 0.005860
265 0.005764
266 0.005804
267 0.005776
268 0.005715
269 0.005756
270 0.005685
271 0.005662
272 0.005706
273 0.005588
274 0.005608
275 0.005638
276 0.005512
277 0.005565
278 0.005549
279 0.005456
280 0.005501
281 0.005424
282 0.005375
283 0.005431
284 0.005306
285 0.005317
286 0.005370
287 0.005196
288 0.005257
289 0.005253
290 0.005128
291 0.005194
292 0.005130
293 0.005069
294 0.005147
295 0.005015
296 0.005017
297 0.005099
298 0.004881
299 0.004949
300 0.004965
301 0.004778
302 0.004852
303 0.004772
304 0.004640
305 0.004712
306 0.004537
307 0.004477
308 0.004544
309 0.004250
310 0.004269
311 0.004275
312 0.003966
313 0.004020
314 0.003912
315 0.003679
316 0.003728
317 0.003496
318 0.003349
319 0.003386
320 0.003017
321 0.002963
322 0.002955
323 0.002519
324 0.002536
325 0.002403
326 0.002079
327 0.002090
328 0.001850
329 0.001691
330 0.001695
331 0.001523
