0 0.339972
1 0.000001
2 0.000190
3 0.000189
4 0.000189
5 0.000189
6 0.000189
7 0.000274
8 0.000399
9 0.000399
10 0.000399
11 0.000399
12 0.000399
13 0.000645
14 0.000662
15 0.000662
16 0.000662
17 0.000661
18 0.000768
19 0.000929
20 0.000929
21 0.000929
22 0.000929
23 0.000928
24 0.001116
25 0.001146
26 0.001146
27 0.001146
28 0.001146
29 0.001229
30 0.001397
31 0.001397
32 0.001397
33 0.001397
34 0.001397
35 0.001582
36 0.001628
37 0.001627
38 0.001627
39 0.001627
40 0.001689
41 0.001859
42 0.001860
43 0.001860
44 0.001860
45 0.001861
46 0.002029
47 0.002090
48 0.002091
49 0.002092
50 0.002092
51 0.002138
52 0.002319
53 0.002321
54 0.002323
55 0.002326
56 0.002328
57 0.002475
58 0.002548
59 0.002546
60 0.002542
61 0.002537
62 0.002560
63 0.002743
64 0.002735
65 0.002728
66 0.002721
67 0.002713
68 0.002829
69 0.002903
70 0.002894
71 0.002884
72 0.002874
73 0.002879
74 0.003059
75 0.003047
76 0.003036
77 0.003024
78 0.003012
79 0.003102
80 0.003180
81 0.003173
82 0.003169
83 0.003168
84 0.003169
85 0.003356
86 0.003359
87 0.003358
88 0.003357
89 0.003356
90 0.003441
91 0.003539
92 0.003538
93 0.003536
94 0.003530
95 0.003523
96 0.003687
97 0.003699
98 0.003698
99 0.003698
100 0.003699
101 0.003769
102 0.003875
103 0.003878
104 0.003881
105 0.003880
106 0.003873
107 0.004007
108 0.004018
109 0.004007
110 0.003995
111 0.003983
112 0.004027
113 0.004126
114 0.004112
115 0.004097
116 0.004085
117 0.004070
118 0.004179
119 0.004194
120 0.004179
121 0.004164
122 0.004148
123 0.004173
124 0.004266
125 0.004249
126 0.004233
127 0.004216
128 0.004198
129 0.004282
130 0.004305
131 0.004298
132 0.004295
133 0.004290
134 0.004314
135 0.004423
136 0.004420
137 0.004422
138 0.004418
139 0.004408
140 0.004480
141 0.004513
142 0.004514
143 0.004515
144 0.004515
145 0.004534
146 0.004646
147 0.004651
148 0.004649
149 0.004640
150 0.004630
151 0.004694
152 0.004732
153 0.004723
154 0.004713
155 0.004703
156 0.004703
157 0.004802
158 0.004793
159 0.004784
160 0.004775
161 0.004766
162 0.004819
163 0.004861
164 0.004853
165 0.004844
166 0.004836
167 0.004827
168 0.004926
169 0.004917
170 0.004908
171 0.004900
172 0.004899
173 0.004948
174 0.005001
175 0.005005
176 0.005011
177 0.005016
178 0.005012
179 0.005104
180 0.005118
181 0.005126
182 0.005131
183 0.005134
184 0.005177
185 0.005234
186 0.005228
187 0.005223
188 0.005219
189 0.005216
190 0.005292
191 0.005303
192 0.005302
193 0.005299
194 0.005297
195 0.005322
196 0.005378
197 0.005375
198 0.005373
199 0.005370
200 0.005365
201 0.005427
202 0.005445
203 0.005452
204 0.005460
205 0.005470
206 0.005505
207 0.005576
208 0.005582
209 0.005599
210 0.005620
211 0.005641
212 0.005721
213 0.005765
214 0.005787
215 0.005797
216 0.005807
217 0.005834
218 0.005905
219 0.005918
220 0.005929
221 0.005941
222 0.005953
223 0.006014
224 0.006050
225 0.006064
226 0.006077
227 0.006090
228 0.006112
229 0.006186
230 0.006199
231 0.006214
232 0.006228
233 0.006241
234 0.006295
235 0.006334
236 0.006347
237 0.006361
238 0.006374
239 0.006393
240 0.006465
241 0.006478
242 0.006492
243 0.006505
244 0.006518
245 0.006563
246 0.006606
247 0.006623
248 0.006639
249 0.006654
250 0.006670
251 0.006741
252 0.006757
253 0.006771
254 0.006784
255 0.006798
256 0.006833
257 0.006873
258 0.006884
259 0.006894
260 0.006902
261 0.006912
262 0.006964
263 0.006974
264 0.006980
265 0.006985
266 0.006991
267 0.007017
268 0.007056
269 0.007071
270 0.007088
271 0.007105
272 0.007122
273 0.007175
274 0.007199
275 0.007220
276 0.007242
277 0.007265
278 0.007300
279 0.007351
280 0.007376
281 0.007403
282 0.007432
283 0.007462
284 0.007520
285 0.007560
286 0.007594
287 0.007628
288 0.007662
289 0.007703
290 0.007757
291 0.007791
292 0.007825
293 0.007860
294 0.007894
295 0.007949
296 0.007992
297 0.008029
298 0.008066
299 0.008103
300 0.008148
301 0.008216
302 0.008259
303 0.008300
304 0.008339
305 0.008378
306 0.008424
307 0.008465
308 0.008499
309 0.008534
310 0.008570
311 0.008608
312 0.008652
313 0.008686
314 0.008721
315 0.008756
316 0.008793
317 0.008835
318 0.008877
319 0.008916
320 0.008952
321 0.008988
322 0.009025
323 0.009065
324 0.009105
325 0.009145
326 0.009185
327 0.009225
328 0.009263
329 0.009297
330 0.009268
331 0.009218
