0 0.345441
1 0.000001
2 0.000148
3 0.000148
4 0.000148
5 0.000148
6 0.000148
7 0.000284
8 0.000439
9 0.000439
10 0.000438
11 0.000438
12 0.000437
13 0.000704
14 0.000721
15 0.000720
16 0.000719
17 0.000717
18 0.000828
19 0.000993
20 0.000990
21 0.000987
22 0.000985
23 0.000982
24 0.001214
25 0.001246
26 0.001241
27 0.001237
28 0.001232
29 0.001316
30 0.001485
31 0.001479
32 0.001473
33 0.001466
34 0.001460
35 0.001656
36 0.001699
37 0.001691
38 0.001683
39 0.001675
40 0.001732
41 0.001901
42 0.001891
43 0.001881
44 0.001871
45 0.001862
46 0.002022
47 0.002073
48 0.002061
49 0.002050
50 0.002038
51 0.002072
52 0.002238
53 0.002224
54 0.002211
55 0.002198
56 0.002186
57 0.002315
58 0.002371
59 0.002357
60 0.002342
61 0.002328
62 0.002342
63 0.002502
64 0.002486
65 0.002470
66 0.002455
67 0.002440
68 0.002541
69 0.002601
70 0.002584
71 0.002567
72 0.002550
73 0.002546
74 0.002699
75 0.002681
76 0.002663
77 0.002644
78 0.002626
79 0.002701
80 0.002762
81 0.002742
82 0.002723
83 0.002704
84 0.002685
85 0.002829
86 0.002808
87 0.002787
88 0.002768
89 0.002748
90 0.002800
91 0.002861
92 0.002837
93 0.002814
94 0.002790
95 0.002767
96 0.002877
97 0.002859
98 0.002833
99 0.002808
100 0.002782
101 0.002811
102 0.002866
103 0.002839
104 0.002812
105 0.002787
106 0.002761
107 0.002845
108 0.002835
109 0.002809
110 0.002783
111 0.002758
112 0.002772
113 0.002824
114 0.002798
115 0.002772
116 0.002746
117 0.002721
118 0.002785
119 0.002783
120 0.002760
121 0.002738
122 0.002717
123 0.002725
124 0.002782
125 0.002763
126 0.002743
127 0.002723
128 0.002702
129 0.002752
130 0.002755
131 0.002731
132 0.002707
133 0.002682
134 0.002677
135 0.002726
136 0.002703
137 0.002679
138 0.002656
139 0.002633
140 0.002667
141 0.002673
142 0.002650
143 0.002628
144 0.002606
145 0.002596
146 0.002645
147 0.002626
148 0.002607
149 0.002591
150 0.002575
151 0.002606
152 0.002622
153 0.002606
154 0.002590
155 0.002573
156 0.002560
157 0.002608
158 0.002588
159 0.002567
160 0.002547
161 0.002528
162 0.002544
163 0.002556
164 0.002538
165 0.002519
166 0.002502
167 0.002485
168 0.002530
169 0.002513
170 0.002497
171 0.002482
172 0.002466
173 0.002480
174 0.002497
175 0.002485
176 0.002472
177 0.002461
178 0.002450
179 0.002491
180 0.002483
181 0.002472
182 0.002461
183 0.002450
184 0.002461
185 0.002482
186 0.002472
187 0.002461
188 0.002451
189 0.002441
190 0.002475
191 0.002472
192 0.002462
193 0.002452
194 0.002443
195 0.002451
196 0.002475
197 0.002466
198 0.002457
199 0.002448
200 0.002440
201 0.002469
202 0.002470
203 0.002461
204 0.002453
205 0.002445
206 0.002449
207 0.002474
208 0.002466
209 0.002457
210 0.002450
211 0.002442
212 0.002466
213 0.002470
214 0.002463
215 0.002455
216 0.002447
217 0.002448
218 0.002473
219 0.002465
220 0.002457
221 0.002449
222 0.002441
223 0.002460
224 0.002465
225 0.002458
226 0.002449
227 0.002442
228 0.002439
229 0.002464
230 0.002456
231 0.002448
232 0.002441
233 0.002433
234 0.002448
235 0.002455
236 0.002448
237 0.002440
238 0.002433
239 0.002429
240 0.002455
241 0.002448
242 0.002442
243 0.002435
244 0.002429
245 0.002441
246 0.002450
247 0.002445
248 0.002439
249 0.002433
250 0.002428
251 0.002453
252 0.002448
253 0.002442
254 0.002437
255 0.002431
256 0.002439
257 0.002449
258 0.002444
259 0.002438
260 0.002432
261 0.002427
262 0.002447
263 0.002443
264 0.002437
265 0.002431
266 0.002425
267 0.002430
268 0.002440
269 0.002434
270 0.002427
271 0.002422
272 0.002416
273 0.002431
274 0.002429
275 0.002422
276 0.002416
277 0.002410
278 0.002412
279 0.002422
280 0.002416
281 0.002410
282 0.002404
283 0.002398
284 0.002411
285 0.002410
286 0.002405
287 0.002399
288 0.002394
289 0.002394
290 0.002405
291 0.002399
292 0.002394
293 0.002388
294 0.002383
295 0.002393
296 0.002393
297 0.002388
298 0.002382
299 0.002377
300 0.002375
301 0.002385
302 0.002380
303 0.002374
304 0.002369
305 0.002363
306 0.002369
307 0.002370
308 0.002364
309 0.002359
310 0.002353
311 0.002350
312 0.002359
313 0.002353
314 0.002348
315 0.002343
316 0.002338
317 0.002342
318 0.002343
319 0.002338
320 0.002333
321 0.002328
322 0.002324
323 0.002333
324 0.002328
325 0.002323
326 0.002318
327 0.002314
328 0.002316
329 0.002318
330 0.002314
331 0.002309
