0 0.361342
1 0.000001
2 0.000244
3 0.000244
4 0.000243
5 0.000243
6 0.000243
7 0.000243
8 0.000243
9 0.000243
10 0.000242
11 0.000242
12 0.000241
13 0.000241
14 0.000241
15 0.000241
16 0.000240
17 0.000240
18 0.000240
19 0.000240
20 0.000239
21 0.000239
22 0.000239
23 0.000239
24 0.000530
25 0.000574
26 0.000572
27 0.000571
28 0.000569
29 0.000568
30 0.000566
31 0.000565
32 0.000563
33 0.000562
34 0.000561
35 0.000686
36 0.000715
37 0.000713
38 0.000711
39 0.000709
40 0.000734
41 0.000806
42 0.000803
43 0.000800
44 0.000798
45 0.000795
46 0.000864
47 0.000887
48 0.000884
49 0.000881
50 0.000878
51 0.000894
52 0.000966
53 0.000962
54 0.000959
55 0.000955
56 0.000952
57 0.001009
58 0.001034
59 0.001031
60 0.001027
61 0.001023
62 0.001031
63 0.001102
64 0.001098
65 0.001093
66 0.001089
67 0.001085
68 0.001131
69 0.001160
70 0.001155
71 0.001150
72 0.001146
73 0.001146
74 0.001217
75 0.001212
76 0.001207
77 0.001202
78 0.001198
79 0.001234
80 0.001265
81 0.001259
82 0.001254
83 0.001250
84 0.001244
85 0.001313
86 0.001308
87 0.001302
88 0.001297
89 0.001292
90 0.001326
91 0.001365
92 0.001360
93 0.001354
94 0.001348
95 0.001343
96 0.001401
97 0.001400
98 0.001395
99 0.001389
100 0.001383
101 0.001404
102 0.001437
103 0.001431
104 0.001425
105 0.001420
106 0.001414
107 0.001463
108 0.001465
109 0.001459
110 0.001453
111 0.001448
112 0.001462
113 0.001496
114 0.001490
115 0.001484
116 0.001478
117 0.001473
118 0.001519
119 0.001525
120 0.001519
121 0.001514
122 0.001508
123 0.001517
124 0.001552
125 0.001546
126 0.001540
127 0.001534
128 0.001529
129 0.001562
130 0.001570
131 0.001565
132 0.001559
133 0.001553
134 0.001559
135 0.001598
136 0.001592
137 0.001586
138 0.001581
139 0.001575
140 0.001602
141 0.001613
142 0.001608
143 0.001603
144 0.001597
145 0.001598
146 0.001633
147 0.001628
148 0.001622
149 0.001617
150 0.001612
151 0.001636
152 0.001650
153 0.001645
154 0.001640
155 0.001634
156 0.001632
157 0.001667
158 0.001662
159 0.001656
160 0.001657
161 0.001662
162 0.001692
163 0.001720
164 0.001726
165 0.001732
166 0.001739
167 0.001745
168 0.001794
169 0.001800
170 0.001807
171 0.001814
172 0.001821
173 0.001849
174 0.001879
175 0.001887
176 0.001893
177 0.001901
178 0.001908
179 0.001953
180 0.001963
181 0.001969
182 0.001976
183 0.001983
184 0.002006
185 0.002039
186 0.002045
187 0.002052
188 0.002058
189 0.002064
190 0.002105
191 0.002116
192 0.002121
193 0.002127
194 0.002131
195 0.002150
196 0.002181
197 0.002185
198 0.002187
199 0.002189
200 0.002188
201 0.002213
202 0.002213
203 0.002205
204 0.002196
205 0.002188
206 0.002188
207 0.002206
208 0.002196
209 0.002187
210 0.002176
211 0.002167
212 0.002182
213 0.002180
214 0.002171
215 0.002160
216 0.002150
217 0.002146
218 0.002162
219 0.002152
220 0.002142
221 0.002132
222 0.002121
223 0.002131
224 0.002132
225 0.002121
226 0.002110
227 0.002100
228 0.002094
229 0.002109
230 0.002099
231 0.002089
232 0.002079
233 0.002070
234 0.002077
235 0.002078
236 0.002069
237 0.002059
238 0.002050
239 0.002042
240 0.002058
241 0.002048
242 0.002039
243 0.002030
244 0.002021
245 0.002026
246 0.002028
247 0.002020
248 0.002011
249 0.002002
250 0.001994
251 0.002008
252 0.002000
253 0.001991
254 0.001983
255 0.001975
256 0.001977
257 0.001981
258 0.001973
259 0.001965
260 0.001958
261 0.001950
262 0.001962
263 0.001957
264 0.001949
265 0.001943
266 0.001936
267 0.001938
268 0.001943
269 0.001938
270 0.001932
271 0.001927
272 0.001922
273 0.001932
274 0.001929
275 0.001924
276 0.001919
277 0.001914
278 0.001914
279 0.001921
280 0.001917
281 0.001912
282 0.001907
283 0.001903
284 0.001911
285 0.001910
286 0.001906
287 0.001902
288 0.001898
289 0.001897
290 0.001904
291 0.001899
292 0.001895
293 0.001890
294 0.001886
295 0.001892
296 0.001892
297 0.001888
298 0.001884
299 0.001881
300 0.001879
301 0.001887
302 0.001883
303 0.001880
304 0.001877
305 0.001874
306 0.001880
307 0.001882
308 0.001879
309 0.001876
310 0.001873
311 0.001872
312 0.001879
313 0.001877
314 0.001875
315 0.001874
316 0.001874
317 0.001881
318 0.001885
319 0.001886
320 0.001887
321 0.001888
322 0.001890
323 0.001900
324 0.001902
325 0.001903
326 0.001906
327 0.001909
328 0.001918
329 0.001926
330 0.001929
331 0.001933
