0 0.322441
1 0.000001
2 0.000211
3 0.000258
4 0.000533
5 0.000635
6 0.000862
7 0.001011
8 0.001183
9 0.001380
10 0.001498
11 0.001740
12 0.001804
13 0.002118
14 0.002158
15 0.002419
16 0.002475
17 0.002675
18 0.002773
19 0.002928
20 0.003053
21 0.003143
22 0.003309
23 0.003354
24 0.003535
25 0.003531
26 0.003738
27 0.003733
28 0.003878
29 0.003910
30 0.004023
31 0.004087
32 0.004161
33 0.004264
34 0.004301
35 0.004411
36 0.004388
37 0.004505
38 0.004456
39 0.004543
40 0.004512
41 0.004573
42 0.004583
43 0.004626
44 0.004658
45 0.004650
46 0.004679
47 0.004636
48 0.004685
49 0.004628
50 0.004684
51 0.004658
52 0.004746
53 0.004783
54 0.004858
55 0.004914
56 0.004968
57 0.005042
58 0.005060
59 0.005117
60 0.005099
61 0.005173
62 0.005153
63 0.005211
64 0.005207
65 0.005251
66 0.005270
67 0.005302
68 0.005338
69 0.005355
70 0.005416
71 0.005442
72 0.005505
73 0.005495
74 0.005552
75 0.005548
76 0.005590
77 0.005598
78 0.005626
79 0.005645
80 0.005659
81 0.005690
82 0.005697
83 0.005748
84 0.005749
85 0.005806
86 0.005804
87 0.005846
88 0.005854
89 0.005882
90 0.005891
91 0.005902
92 0.005915
93 0.005916
94 0.005940
95 0.005934
96 0.005964
97 0.005953
98 0.005975
99 0.005964
100 0.005974
101 0.005967
102 0.005968
103 0.005964
104 0.005955
105 0.005953
106 0.005935
107 0.005936
108 0.005911
109 0.005901
110 0.005862
111 0.005842
112 0.005807
113 0.005777
114 0.005742
115 0.005709
116 0.005674
117 0.005635
118 0.005604
119 0.005568
120 0.005549
121 0.005522
122 0.005505
123 0.005487
124 0.005472
125 0.005452
126 0.005433
127 0.005412
128 0.005394
129 0.005377
130 0.005366
131 0.005364
132 0.005361
133 0.005355
134 0.005341
135 0.005317
136 0.005292
137 0.005262
138 0.005227
139 0.005191
140 0.005152
141 0.005125
142 0.005091
143 0.005067
144 0.005031
145 0.005006
146 0.004970
147 0.004944
148 0.004908
149 0.004882
150 0.004855
151 0.004830
152 0.004811
153 0.004774
154 0.004739
155 0.004679
156 0.004643
157 0.004592
158 0.004570
159 0.004540
160 0.004530
161 0.004516
162 0.004506
163 0.004495
164 0.004479
165 0.004479
166 0.004463
167 0.004477
168 0.004454
169 0.004469
170 0.004456
171 0.004465
172 0.004456
173 0.004449
174 0.004433
175 0.004406
176 0.004392
177 0.004351
178 0.004332
179 0.004267
180 0.004242
181 0.004170
182 0.004131
183 0.004062
184 0.004016
185 0.003958
186 0.003901
187 0.003853
188 0.003787
189 0.003749
190 0.003675
191 0.003647
192 0.003573
193 0.003596
194 0.003596
195 0.003634
196 0.003819
197 0.004636
198 0.005531
199 0.006197
200 0.006631
201 0.006676
202 0.006544
203 0.006114
204 0.005716
205 0.005287
206 0.005060
207 0.004865
208 0.004729
209 0.004594
210 0.004472
211 0.004381
212 0.004254
213 0.004190
214 0.004046
215 0.004008
216 0.003859
217 0.003819
218 0.003699
219 0.003638
220 0.003537
221 0.003459
222 0.003385
223 0.003279
224 0.003228
225 0.003108
226 0.003083
227 0.002936
228 0.002920
229 0.002794
230 0.002756
231 0.002648
232 0.002585
233 0.002501
234 0.002402
235 0.002336
236 0.002211
237 0.002170
238 0.002015
239 0.001989
240 0.001826
241 0.001795
242 0.001661
243 0.001601
244 0.001496
245 0.001344
246 0.001211
247 0.001214
248 0.001216
249 0.000885
250 0.000823
251 0.000822
252 0.000660
253 0.000226
254 0.000229
255 0.000241
256 0.000231
257 0.000253
258 0.000253
259 0.000253
260 0.000253
261 0.000253
262 0.000253
263 0.000254
264 0.000253
265 0.000254
266 0.000253
267 0.000253
268 0.000254
269 0.000748
270 0.001145
271 0.001151
272 0.001159
273 0.001335
274 0.001360
275 0.001486
276 0.001505
277 0.001618
278 0.001653
279 0.001734
280 0.001796
281 0.001862
282 0.001935
283 0.001972
284 0.002066
285 0.002084
286 0.002184
287 0.002196
288 0.002296
289 0.002321
290 0.002398
291 0.002445
292 0.002512
293 0.002572
294 0.002618
295 0.002701
296 0.002735
297 0.002830
298 0.002853
299 0.002955
300 0.002983
301 0.003068
302 0.003113
303 0.003188
304 0.003249
305 0.003311
306 0.003387
307 0.003430
308 0.003511
309 0.003536
310 0.003628
311 0.003645
312 0.003727
313 0.003781
314 0.003885
315 0.003995
316 0.004149
317 0.004363
318 0.004643
319 0.005066
320 0.005477
321 0.005881
322 0.006103
323 0.006290
324 0.006258
325 0.006034
326 0.005425
327 0.004789
328 0.004016
329 0.003541
330 0.003538
331 0.003532
