0 0.336299
1 0.000001
2 0.000205
3 0.000205
4 0.000205
5 0.000206
6 0.000206
7 0.000205
8 0.000205
9 0.000206
10 0.000206
11 0.000206
12 0.000206
13 0.000316
14 0.000325
15 0.000325
16 0.000325
17 0.000325
18 0.000359
19 0.000412
20 0.000412
21 0.000412
22 0.000411
23 0.000411
24 0.000618
25 0.000652
26 0.000652
27 0.000652
28 0.000652
29 0.000678
30 0.000730
31 0.000730
32 0.000729
33 0.000730
34 0.000730
35 0.000854
36 0.000886
37 0.000886
38 0.000886
39 0.000887
40 0.000921
41 0.001014
42 0.001015
43 0.001016
44 0.001016
45 0.001016
46 0.001109
47 0.001143
48 0.001144
49 0.001145
50 0.001146
51 0.001172
52 0.001272
53 0.001273
54 0.001275
55 0.001277
56 0.001278
57 0.001362
58 0.001405
59 0.001407
60 0.001408
61 0.001409
62 0.001425
63 0.001529
64 0.001527
65 0.001525
66 0.001521
67 0.001517
68 0.001583
69 0.001625
70 0.001621
71 0.001616
72 0.001612
73 0.001615
74 0.001714
75 0.001708
76 0.001703
77 0.001697
78 0.001691
79 0.001743
80 0.001786
81 0.001780
82 0.001773
83 0.001767
84 0.001760
85 0.001856
86 0.001849
87 0.001842
88 0.001835
89 0.001828
90 0.001867
91 0.001912
92 0.001905
93 0.001897
94 0.001890
95 0.001882
96 0.001963
97 0.001961
98 0.001953
99 0.001944
100 0.001936
101 0.001963
102 0.002009
103 0.001999
104 0.001990
105 0.001981
106 0.001971
107 0.002035
108 0.002036
109 0.002025
110 0.002015
111 0.002004
112 0.002020
113 0.002061
114 0.002047
115 0.002033
116 0.002019
117 0.002003
118 0.002045
119 0.002041
120 0.002022
121 0.002004
122 0.001985
123 0.001984
124 0.002014
125 0.001992
126 0.001971
127 0.001952
128 0.001937
129 0.001976
130 0.001989
131 0.001987
132 0.001986
133 0.001985
134 0.001996
135 0.002045
136 0.002044
137 0.002043
138 0.002043
139 0.002042
140 0.002083
141 0.002103
142 0.002103
143 0.002104
144 0.002104
145 0.002113
146 0.002165
147 0.002167
148 0.002168
149 0.002170
150 0.002171
151 0.002207
152 0.002231
153 0.002233
154 0.002235
155 0.002236
156 0.002241
157 0.002295
158 0.002297
159 0.002299
160 0.002301
161 0.002303
162 0.002332
163 0.002354
164 0.002347
165 0.002337
166 0.002324
167 0.002311
168 0.002350
169 0.002340
170 0.002331
171 0.002324
172 0.002319
173 0.002337
174 0.002360
175 0.002357
176 0.002356
177 0.002357
178 0.002358
179 0.002403
180 0.002406
181 0.002406
182 0.002406
183 0.002405
184 0.002422
185 0.002448
186 0.002446
187 0.002444
188 0.002442
189 0.002441
190 0.002479
191 0.002485
192 0.002488
193 0.002490
194 0.002493
195 0.002511
196 0.002543
197 0.002547
198 0.002552
199 0.002556
200 0.002558
201 0.002590
202 0.002596
203 0.002590
204 0.002583
205 0.002574
206 0.002576
207 0.002596
208 0.002588
209 0.002580
210 0.002572
211 0.002563
212 0.002581
213 0.002581
214 0.002573
215 0.002565
216 0.002558
217 0.002557
218 0.002577
219 0.002569
220 0.002562
221 0.002554
222 0.002545
223 0.002559
224 0.002561
225 0.002553
226 0.002544
227 0.002536
228 0.002531
229 0.002548
230 0.002538
231 0.002529
232 0.002519
233 0.002508
234 0.002513
235 0.002513
236 0.002503
237 0.002496
238 0.002492
239 0.002491
240 0.002516
241 0.002518
242 0.002522
243 0.002525
244 0.002528
245 0.002543
246 0.002558
247 0.002561
248 0.002565
249 0.002569
250 0.002573
251 0.002603
252 0.002609
253 0.002616
254 0.002623
255 0.002631
256 0.002650
257 0.002671
258 0.002680
259 0.002691
260 0.002702
261 0.002714
262 0.002744
263 0.002755
264 0.002764
265 0.002772
266 0.002781
267 0.002800
268 0.002827
269 0.002845
270 0.002868
271 0.002895
272 0.002926
273 0.002978
274 0.003018
275 0.003060
276 0.003108
277 0.003162
278 0.003231
279 0.003317
280 0.003402
281 0.003489
282 0.003576
283 0.003663
284 0.003765
285 0.003854
286 0.003936
287 0.004011
288 0.004076
289 0.004131
290 0.004187
291 0.004223
292 0.004250
293 0.004264
294 0.004267
295 0.004268
296 0.004249
297 0.004211
298 0.004158
299 0.004090
300 0.004011
301 0.003928
302 0.003818
303 0.003697
304 0.003563
305 0.003419
306 0.003273
307 0.003122
308 0.002970
309 0.002865
310 0.002867
311 0.002871
312 0.002880
313 0.002884
314 0.002888
315 0.002893
316 0.002899
317 0.002907
318 0.002913
319 0.002918
320 0.002921
321 0.002925
322 0.002928
323 0.002932
324 0.002933
325 0.002934
326 0.002935
327 0.002937
328 0.002940
329 0.002943
330 0.002944
331 0.002946
