0 0.361342
1 0.000001
2 0.000067
3 0.000067
4 0.000067
5 0.000067
6 0.000067
7 0.000067
8 0.000067
9 0.000067
10 0.000067
11 0.000067
12 0.000123
13 0.000158
14 0.000158
15 0.000165
16 0.000202
17 0.000202
18 0.000202
19 0.000233
20 0.000246
21 0.000246
22 0.000256
23 0.000289
24 0.000289
25 0.000289
26 0.000322
27 0.000331
28 0.000331
29 0.000345
30 0.000373
31 0.000373
32 0.000373
33 0.000409
34 0.000414
35 0.000414
36 0.000431
37 0.000455
38 0.000455
39 0.000455
40 0.000494
41 0.000495
42 0.000495
43 0.000515
44 0.000535
45 0.000535
46 0.000537
47 0.000574
48 0.000574
49 0.000574
50 0.000596
51 0.000613
52 0.000613
53 0.000617
54 0.000651
55 0.000651
56 0.000651
57 0.000675
58 0.000688
59 0.000688
60 0.000696
61 0.000725
62 0.000725
63 0.000725
64 0.000752
65 0.000761
66 0.000761
67 0.000772
68 0.000797
69 0.000797
70 0.000797
71 0.000826
72 0.000832
73 0.000832
74 0.000845
75 0.000867
76 0.000867
77 0.000867
78 0.000898
79 0.000901
80 0.000901
81 0.000916
82 0.000934
83 0.000935
84 0.000935
85 0.000967
86 0.000967
87 0.000967
88 0.000985
89 0.000999
90 0.000999
91 0.001002
92 0.001031
93 0.001031
94 0.001031
95 0.001051
96 0.001062
97 0.001063
98 0.001068
99 0.001093
100 0.001093
101 0.001093
102 0.001115
103 0.001123
104 0.001123
105 0.001131
106 0.001153
107 0.001153
108 0.001153
109 0.001176
110 0.001182
111 0.001182
112 0.001192
113 0.001211
114 0.001211
115 0.001212
116 0.001236
117 0.001240
118 0.001241
119 0.001253
120 0.001270
121 0.001270
122 0.001271
123 0.001297
124 0.001299
125 0.001300
126 0.001313
127 0.001327
128 0.001328
129 0.001330
130 0.001355
131 0.001355
132 0.001356
133 0.001371
134 0.001382
135 0.001383
136 0.001387
137 0.001408
138 0.001409
139 0.001410
140 0.001426
141 0.001435
142 0.001435
143 0.001441
144 0.001460
145 0.001460
146 0.001461
147 0.001478
148 0.001485
149 0.001485
150 0.001492
151 0.001509
152 0.001510
153 0.001511
154 0.001530
155 0.001535
156 0.001537
157 0.001546
158 0.001560
159 0.001562
160 0.001563
161 0.001584
162 0.001587
163 0.001588
164 0.001599
165 0.001611
166 0.001612
167 0.001613
168 0.001633
169 0.001634
170 0.001635
171 0.001646
172 0.001655
173 0.001656
174 0.001658
175 0.001674
176 0.001674
177 0.001674
178 0.001684
179 0.001691
180 0.001690
181 0.001693
182 0.001706
183 0.001707
184 0.001706
185 0.001717
186 0.001721
187 0.001720
188 0.001722
189 0.001733
190 0.001731
191 0.001730
192 0.001739
193 0.001740
194 0.001738
195 0.001741
196 0.001748
197 0.001746
198 0.001744
199 0.001755
200 0.001761
201 0.001764
202 0.001774
203 0.001785
204 0.001789
205 0.001793
206 0.001810
207 0.001814
208 0.001819
209 0.001829
210 0.001840
211 0.001845
212 0.001850
213 0.001866
214 0.001871
215 0.001877
216 0.001888
217 0.001899
218 0.001904
219 0.001911
220 0.001926
221 0.001932
222 0.001938
223 0.001951
224 0.001960
225 0.001966
226 0.001975
227 0.001989
228 0.001996
229 0.002003
230 0.002017
231 0.002027
232 0.002035
233 0.002045
234 0.002059
235 0.002067
236 0.002075
237 0.002091
238 0.002101
239 0.002110
240 0.002122
241 0.002136
242 0.002146
243 0.002155
244 0.002171
245 0.002181
246 0.002192
247 0.002205
248 0.002218
249 0.002229
250 0.002240
251 0.002257
252 0.002268
253 0.002280
254 0.002294
255 0.002309
256 0.002321
257 0.002335
258 0.002351
259 0.002365
260 0.002378
261 0.002395
262 0.002410
263 0.002425
264 0.002441
265 0.002457
266 0.002472
267 0.002485
268 0.002502
269 0.002516
270 0.002532
271 0.002548
272 0.002565
273 0.002583
274 0.002600
275 0.002618
276 0.002635
277 0.002653
278 0.002669
279 0.002686
280 0.002703
281 0.002721
282 0.002737
283 0.002755
284 0.002774
285 0.002792
286 0.002811
287 0.002831
288 0.002851
289 0.002869
290 0.002890
291 0.002910
292 0.002927
293 0.002940
294 0.002956
295 0.002968
296 0.002975
297 0.002986
298 0.002996
299 0.003003
300 0.003011
301 0.003022
302 0.003031
303 0.003035
304 0.003044
305 0.003054
306 0.003059
307 0.003066
308 0.003075
309 0.003080
310 0.003081
311 0.003087
312 0.003095
313 0.003094
314 0.003099
315 0.003105
316 0.003108
317 0.003106
318 0.003112
319 0.003119
320 0.003114
321 0.003118
322 0.003124
323 0.003124
324 0.003121
325 0.003126
326 0.003132
327 0.003124
328 0.003128
329 0.003133
330 0.003130
331 0.003125
