0 0.361342
1 0.000001
2 0.000286
3 0.000286
4 0.000285
5 0.000285
6 0.000285
7 0.000257
8 0.000227
9 0.000227
10 0.000205
11 0.000196
12 0.000196
13 0.000552
14 0.000579
15 0.000574
16 0.000557
17 0.000555
18 0.000633
19 0.000754
20 0.000749
21 0.000829
22 0.000873
23 0.000869
24 0.000977
25 0.000988
26 0.000996
27 0.001100
28 0.001094
29 0.001129
30 0.001205
31 0.001199
32 0.001137
33 0.001106
34 0.001101
35 0.001177
36 0.001192
37 0.001188
38 0.001284
39 0.001278
40 0.001298
41 0.001367
42 0.001360
43 0.001404
44 0.001448
45 0.001440
46 0.001435
47 0.001431
48 0.001423
49 0.001503
50 0.001498
51 0.001508
52 0.001574
53 0.001565
54 0.001596
55 0.001640
56 0.001631
57 0.001624
58 0.001617
59 0.001609
60 0.001680
61 0.001680
62 0.001682
63 0.001746
64 0.001738
65 0.001732
66 0.001728
67 0.001720
68 0.001761
69 0.001785
70 0.001777
71 0.001832
72 0.001836
73 0.001829
74 0.001822
75 0.001813
76 0.001825
77 0.001868
78 0.001859
79 0.001888
80 0.001913
81 0.001905
82 0.001904
83 0.001897
84 0.001889
85 0.001947
86 0.001939
87 0.001935
88 0.001942
89 0.001935
90 0.001956
91 0.001983
92 0.001976
93 0.001981
94 0.001980
95 0.001974
96 0.002023
97 0.002021
98 0.002018
99 0.002024
100 0.002021
101 0.002041
102 0.002071
103 0.002067
104 0.002068
105 0.002067
106 0.002065
107 0.002106
108 0.002110
109 0.002108
110 0.002112
111 0.002108
112 0.002121
113 0.002150
114 0.002149
115 0.002152
116 0.002155
117 0.002154
118 0.002188
119 0.002196
120 0.002194
121 0.002196
122 0.002196
123 0.002207
124 0.002236
125 0.002238
126 0.002241
127 0.002244
128 0.002245
129 0.002273
130 0.002286
131 0.002288
132 0.002292
133 0.002294
134 0.002302
135 0.002328
136 0.002329
137 0.002330
138 0.002331
139 0.002331
140 0.002349
141 0.002359
142 0.002360
143 0.002360
144 0.002361
145 0.002365
146 0.002388
147 0.002391
148 0.002395
149 0.002400
150 0.002404
151 0.002417
152 0.002427
153 0.002430
154 0.002435
155 0.002438
156 0.002442
157 0.002455
158 0.002463
159 0.002472
160 0.002482
161 0.002487
162 0.002494
163 0.002501
164 0.002507
165 0.002513
166 0.002520
167 0.002528
168 0.002538
169 0.002548
170 0.002557
171 0.002569
172 0.002580
173 0.002588
174 0.002593
175 0.002597
176 0.002597
177 0.002598
178 0.002599
179 0.002593
180 0.002601
181 0.002609
182 0.002610
183 0.002619
184 0.002622
185 0.002626
186 0.002631
187 0.002630
188 0.002634
189 0.002637
190 0.002633
191 0.002638
192 0.002644
193 0.002641
194 0.002645
195 0.002644
196 0.002635
197 0.002629
198 0.002615
199 0.002603
200 0.002598
201 0.002581
202 0.002575
203 0.002572
204 0.002553
205 0.002547
206 0.002537
207 0.002521
208 0.002520
209 0.002508
210 0.002497
211 0.002495
212 0.002476
213 0.002465
214 0.002459
215 0.002435
216 0.002429
217 0.002421
218 0.002402
219 0.002404
220 0.002398
221 0.002390
222 0.002393
223 0.002379
224 0.002374
225 0.002377
226 0.002357
227 0.002359
228 0.002360
229 0.002343
230 0.002350
231 0.002349
232 0.002341
233 0.002355
234 0.002355
235 0.002356
236 0.002371
237 0.002359
238 0.002365
239 0.002380
240 0.002363
241 0.002375
242 0.002376
243 0.002364
244 0.002374
245 0.002368
246 0.002368
247 0.002379
248 0.002360
249 0.002358
250 0.002360
251 0.002325
252 0.002324
253 0.002314
254 0.002284
255 0.002282
256 0.002263
257 0.002242
258 0.002239
259 0.002210
260 0.002196
261 0.002195
262 0.002157
263 0.002155
264 0.002149
265 0.002118
266 0.002121
267 0.002108
268 0.002089
269 0.002094
270 0.002073
271 0.002065
272 0.002071
273 0.002039
274 0.002039
275 0.002040
276 0.002007
277 0.002011
278 0.002001
279 0.001975
280 0.001980
281 0.001959
282 0.001944
283 0.001948
284 0.001914
285 0.001909
286 0.001911
287 0.001872
288 0.001876
289 0.001868
290 0.001839
291 0.001843
292 0.001824
293 0.001805
294 0.001807
295 0.001774
296 0.001764
297 0.001766
298 0.001725
299 0.001728
300 0.001722
301 0.001685
302 0.001689
303 0.001671
304 0.001647
305 0.001650
306 0.001620
307 0.001606
308 0.001609
309 0.001569
310 0.001568
311 0.001564
312 0.001525
313 0.001528
314 0.001513
315 0.001487
316 0.001490
317 0.001465
318 0.001449
319 0.001452
320 0.001419
321 0.001415
322 0.001414
323 0.001375
324 0.001378
325 0.001368
326 0.001343
327 0.001346
328 0.001328
329 0.001313
330 0.001315
331 0.001288
