0 0.316361
1 0.000001
2 0.000066
3 0.000066
4 0.000093
5 0.000184
6 0.000183
7 0.000238
8 0.000300
9 0.000300
10 0.000381
11 0.000416
12 0.000416
13 0.000521
14 0.000529
15 0.000548
16 0.000641
17 0.000641
18 0.000685
19 0.000751
20 0.000751
21 0.000823
22 0.000865
23 0.000865
24 0.000957
25 0.000972
26 0.000983
27 0.001077
28 0.001078
29 0.001113
30 0.001184
31 0.001184
32 0.001240
33 0.001283
34 0.001282
35 0.001361
36 0.001380
37 0.001383
38 0.001476
39 0.001477
40 0.001505
41 0.001578
42 0.001580
43 0.001629
44 0.001677
45 0.001680
46 0.001751
47 0.001779
48 0.001782
49 0.001871
50 0.001877
51 0.001898
52 0.001973
53 0.001977
54 0.002018
55 0.002072
56 0.002076
57 0.002136
58 0.002170
59 0.002175
60 0.002255
61 0.002266
62 0.002264
63 0.002318
64 0.002301
65 0.002314
66 0.002362
67 0.002363
68 0.002409
69 0.002440
70 0.002439
71 0.002500
72 0.002512
73 0.002516
74 0.002579
75 0.002576
76 0.002597
77 0.002649
78 0.002653
79 0.002694
80 0.002731
81 0.002737
82 0.002794
83 0.002817
84 0.002826
85 0.002901
86 0.002914
87 0.002944
88 0.003010
89 0.003031
90 0.003081
91 0.003138
92 0.003162
93 0.003227
94 0.003267
95 0.003289
96 0.003365
97 0.003373
98 0.003370
99 0.003405
100 0.003392
101 0.003400
102 0.003419
103 0.003404
104 0.003422
105 0.003425
106 0.003410
107 0.003437
108 0.003429
109 0.003419
110 0.003445
111 0.003428
112 0.003426
113 0.003436
114 0.003418
115 0.003422
116 0.003420
117 0.003402
118 0.003413
119 0.003401
120 0.003381
121 0.003394
122 0.003372
123 0.003355
124 0.003363
125 0.003376
126 0.003405
127 0.003436
128 0.003453
129 0.003492
130 0.003518
131 0.003536
132 0.003584
133 0.003604
134 0.003625
135 0.003655
136 0.003662
137 0.003687
138 0.003716
139 0.003734
140 0.003770
141 0.003795
142 0.003823
143 0.003866
144 0.003893
145 0.003923
146 0.003970
147 0.004005
148 0.004033
149 0.004056
150 0.004073
151 0.004124
152 0.004177
153 0.004229
154 0.004297
155 0.004364
156 0.004438
157 0.004538
158 0.004640
159 0.004749
160 0.004868
161 0.004984
162 0.005107
163 0.005230
164 0.005347
165 0.005348
166 0.005310
167 0.005259
168 0.005202
169 0.005133
170 0.005056
171 0.004969
172 0.004875
173 0.004769
174 0.004633
175 0.004487
176 0.004343
177 0.004217
178 0.004158
179 0.004150
180 0.004145
181 0.004138
182 0.004128
183 0.004121
184 0.004109
185 0.004093
186 0.004084
187 0.004068
188 0.004057
189 0.004052
190 0.004037
191 0.004030
192 0.004026
193 0.004013
194 0.004012
195 0.004005
196 0.003993
197 0.003991
198 0.003993
199 0.004011
200 0.004028
201 0.004022
202 0.004025
203 0.004032
204 0.004019
205 0.004034
206 0.004044
207 0.004040
208 0.004053
209 0.004049
210 0.004046
211 0.004056
212 0.004041
213 0.004040
214 0.004047
215 0.004023
216 0.004032
217 0.004035
218 0.004019
219 0.004031
220 0.004025
221 0.004016
222 0.004026
223 0.004007
224 0.003991
225 0.003988
226 0.003958
227 0.003965
228 0.003973
229 0.003952
230 0.003970
231 0.003973
232 0.003963
233 0.003981
234 0.003973
235 0.003978
236 0.004002
237 0.003987
238 0.004005
239 0.004030
240 0.004011
241 0.004044
242 0.004063
243 0.004061
244 0.004101
245 0.004114
246 0.004134
247 0.004186
248 0.004191
249 0.004231
250 0.004274
251 0.004243
252 0.004276
253 0.004288
254 0.004258
255 0.004279
256 0.004253
257 0.004211
258 0.004205
259 0.004144
260 0.004113
261 0.004102
262 0.004019
263 0.004001
264 0.003974
265 0.003896
266 0.003882
267 0.003836
268 0.003777
269 0.003767
270 0.003718
271 0.003700
272 0.003710
273 0.003652
274 0.003654
275 0.003658
276 0.003596
277 0.003607
278 0.003594
279 0.003554
280 0.003567
281 0.003530
282 0.003506
283 0.003519
284 0.003463
285 0.003458
286 0.003467
287 0.003396
288 0.003410
289 0.003400
290 0.003349
291 0.003363
292 0.003332
293 0.003303
294 0.003318
295 0.003269
296 0.003261
297 0.003276
298 0.003209
299 0.003221
300 0.003219
301 0.003167
302 0.003181
303 0.003160
304 0.003129
305 0.003143
306 0.003106
307 0.003095
308 0.003107
309 0.003056
310 0.003059
311 0.003060
312 0.003020
313 0.003029
314 0.003022
315 0.003006
316 0.003017
317 0.002989
318 0.002981
319 0.002991
320 0.003034
321 0.003052
322 0.003052
323 0.003101
324 0.003108
325 0.003128
326 0.003165
327 0.003173
328 0.003203
329 0.003231
330 0.003240
331 0.003281
