0 0.316361
1 0.000001
2 0.000100
3 0.000126
4 0.000275
5 0.000330
6 0.000450
7 0.000531
8 0.000623
9 0.000729
10 0.000793
11 0.000923
12 0.000961
13 0.001114
14 0.001141
15 0.001295
16 0.001335
17 0.001456
18 0.001519
19 0.001614
20 0.001702
21 0.001773
22 0.001878
23 0.001919
24 0.002046
25 0.002069
26 0.002210
27 0.002240
28 0.002363
29 0.002414
30 0.002512
31 0.002586
32 0.002663
33 0.002755
34 0.002810
35 0.002924
36 0.002959
37 0.003092
38 0.003121
39 0.003244
40 0.003289
41 0.003388
42 0.003408
43 0.003440
44 0.003482
45 0.003532
46 0.003616
47 0.003646
48 0.003742
49 0.003757
50 0.003851
51 0.003871
52 0.003961
53 0.004007
54 0.004084
55 0.004149
56 0.004215
57 0.004301
58 0.004364
59 0.004480
60 0.004542
61 0.004684
62 0.004751
63 0.004878
64 0.004951
65 0.005036
66 0.005046
67 0.005064
68 0.005082
69 0.005082
70 0.005106
71 0.005090
72 0.005124
73 0.005102
74 0.005130
75 0.005106
76 0.005115
77 0.005096
78 0.005091
79 0.005079
80 0.005060
81 0.005049
82 0.005013
83 0.005012
84 0.005048
85 0.005127
86 0.005172
87 0.005249
88 0.005304
89 0.005377
90 0.005427
91 0.005464
92 0.005517
93 0.005570
94 0.005639
95 0.005702
96 0.005785
97 0.005849
98 0.005945
99 0.006010
100 0.006056
101 0.006141
102 0.006262
103 0.006394
104 0.006550
105 0.006746
106 0.006977
107 0.007231
108 0.007487
109 0.007759
110 0.007940
111 0.007873
112 0.007758
113 0.007617
114 0.007443
115 0.007242
116 0.006997
117 0.006678
118 0.006373
119 0.006200
120 0.006185
121 0.006171
122 0.006150
123 0.006129
124 0.006096
125 0.006069
126 0.006045
127 0.006024
128 0.006006
129 0.005988
130 0.005981
131 0.005955
132 0.005950
133 0.005979
134 0.006007
135 0.006000
136 0.006006
137 0.006014
138 0.006031
139 0.006043
140 0.006038
141 0.006047
142 0.006027
143 0.006034
144 0.006004
145 0.006020
146 0.006001
147 0.006010
148 0.005996
149 0.005988
150 0.005949
151 0.005920
152 0.005921
153 0.005908
154 0.005934
155 0.005915
156 0.005946
157 0.005932
158 0.005971
159 0.005971
160 0.006006
161 0.006030
162 0.006065
163 0.006114
164 0.006153
165 0.006239
166 0.006283
167 0.006369
168 0.006349
169 0.006398
170 0.006362
171 0.006355
172 0.006272
173 0.006203
174 0.006123
175 0.006027
176 0.005956
177 0.005836
178 0.005779
179 0.005643
180 0.005607
181 0.005521
182 0.005515
183 0.005453
184 0.005431
185 0.005384
186 0.005349
187 0.005324
188 0.005261
189 0.005253
190 0.005170
191 0.005178
192 0.005081
193 0.005088
194 0.005011
195 0.004998
196 0.004944
197 0.004914
198 0.004882
199 0.004833
200 0.004822
201 0.004756
202 0.004762
203 0.004680
204 0.004693
205 0.004625
206 0.004623
207 0.004572
208 0.004554
209 0.004529
210 0.004511
211 0.004510
212 0.004467
213 0.004474
214 0.004548
215 0.004570
216 0.004648
217 0.004676
218 0.004743
219 0.004783
220 0.004843
221 0.004895
222 0.004946
223 0.005008
224 0.005050
225 0.005122
226 0.005156
227 0.005237
228 0.005270
229 0.005342
230 0.005384
231 0.005448
232 0.005498
233 0.005558
234 0.005619
235 0.005673
236 0.005744
237 0.005792
238 0.005872
239 0.005918
240 0.005998
241 0.006048
242 0.006122
243 0.006179
244 0.006247
245 0.006310
246 0.006373
247 0.006443
248 0.006499
249 0.006573
250 0.006627
251 0.006704
252 0.006760
253 0.006833
254 0.006893
255 0.006963
256 0.007027
257 0.007093
258 0.007160
259 0.007225
260 0.007294
261 0.007358
262 0.007428
263 0.007492
264 0.007561
265 0.007627
266 0.007695
267 0.007762
268 0.007830
269 0.007896
270 0.007965
271 0.008030
272 0.008100
273 0.008162
274 0.008236
275 0.008296
276 0.008369
277 0.008430
278 0.008501
279 0.008564
280 0.008631
281 0.008696
282 0.008757
283 0.008830
284 0.008887
285 0.008968
286 0.009016
287 0.009100
288 0.009147
289 0.009226
290 0.009280
291 0.009351
292 0.009415
293 0.009477
294 0.009551
295 0.009602
296 0.009688
297 0.009726
298 0.009823
299 0.009854
300 0.009950
301 0.009994
302 0.010079
303 0.010140
304 0.010215
305 0.010294
306 0.010351
307 0.010447
308 0.010479
309 0.010589
310 0.010595
311 0.010713
312 0.010735
313 0.010838
314 0.010880
315 0.010960
316 0.011023
317 0.011078
318 0.011167
319 0.011191
320 0.011310
321 0.011300
322 0.011437
323 0.011416
324 0.011541
325 0.011547
326 0.011638
327 0.011675
328 0.011729
329 0.011801
330 0.011812
331 0.011924
