0 0.313057
1 0.000001
2 0.000498
3 0.000499
4 0.000499
5 0.000574
6 0.000767
7 0.000862
8 0.000975
9 0.001341
10 0.001583
11 0.001734
12 0.001789
13 0.002169
14 0.002245
15 0.002560
16 0.002667
17 0.002943
18 0.003110
19 0.003350
20 0.003581
21 0.003780
22 0.004051
23 0.004169
24 0.004445
25 0.004466
26 0.004708
27 0.004710
28 0.004897
29 0.004935
30 0.005056
31 0.005121
32 0.005187
33 0.005279
34 0.005295
35 0.005409
36 0.005370
37 0.005487
38 0.005413
39 0.005484
40 0.005408
41 0.005394
42 0.005265
43 0.005142
44 0.005075
45 0.005068
46 0.005219
47 0.005308
48 0.005501
49 0.005577
50 0.005731
51 0.005734
52 0.005851
53 0.005923
54 0.006057
55 0.006154
56 0.006172
57 0.006158
58 0.006086
59 0.006140
60 0.006139
61 0.006207
62 0.006220
63 0.006336
64 0.006415
65 0.006560
66 0.006673
67 0.006817
68 0.006963
69 0.007045
70 0.007106
71 0.007089
72 0.007124
73 0.007077
74 0.007101
75 0.007063
76 0.007070
77 0.007035
78 0.007025
79 0.007001
80 0.006924
81 0.006935
82 0.006978
83 0.007074
84 0.007142
85 0.007255
86 0.007289
87 0.007341
88 0.007348
89 0.007353
90 0.007301
91 0.007253
92 0.007243
93 0.007203
94 0.007227
95 0.007276
96 0.007363
97 0.007436
98 0.007534
99 0.007614
100 0.007678
101 0.007692
102 0.007690
103 0.007679
104 0.007669
105 0.007668
106 0.007655
107 0.007653
108 0.007649
109 0.007651
110 0.007638
111 0.007607
112 0.007577
113 0.007536
114 0.007488
115 0.007451
116 0.007415
117 0.007389
118 0.007368
119 0.007365
120 0.007360
121 0.007366
122 0.007360
123 0.007362
124 0.007349
125 0.007337
126 0.007317
127 0.007295
128 0.007305
129 0.007339
130 0.007405
131 0.007437
132 0.007504
133 0.007544
134 0.007610
135 0.007641
136 0.007694
137 0.007747
138 0.007792
139 0.007809
140 0.007779
141 0.007756
142 0.007713
143 0.007752
144 0.007767
145 0.007855
146 0.007871
147 0.007940
148 0.007984
149 0.008060
150 0.008118
151 0.008170
152 0.008259
153 0.008307
154 0.008377
155 0.008334
156 0.008381
157 0.008329
158 0.008366
159 0.008327
160 0.008339
161 0.008317
162 0.008301
163 0.008284
164 0.008224
165 0.008228
166 0.008145
167 0.008183
168 0.008075
169 0.008113
170 0.008029
171 0.008042
172 0.007983
173 0.007962
174 0.007925
175 0.007868
176 0.007860
177 0.007767
178 0.007796
179 0.007663
180 0.007706
181 0.007564
182 0.007578
183 0.007460
184 0.007432
185 0.007352
186 0.007281
187 0.007240
188 0.007117
189 0.007110
190 0.006921
191 0.006940
192 0.006700
193 0.006717
194 0.006520
195 0.006497
196 0.006398
197 0.006367
198 0.006330
199 0.006233
200 0.006244
201 0.006058
202 0.006105
203 0.005804
204 0.005851
205 0.005560
206 0.005563
207 0.005330
208 0.005236
209 0.005050
210 0.004843
211 0.004712
212 0.004381
213 0.004307
214 0.003839
215 0.003802
216 0.003259
217 0.003171
218 0.002718
219 0.002533
220 0.002274
221 0.002134
222 0.002001
223 0.001985
224 0.001981
225 0.002083
226 0.002114
227 0.002204
228 0.002211
229 0.002245
230 0.002273
231 0.002344
232 0.002364
233 0.002392
234 0.002447
235 0.002481
236 0.002521
237 0.002528
238 0.002619
239 0.002621
240 0.002667
241 0.002677
242 0.002748
243 0.002758
244 0.002785
245 0.002822
246 0.002850
247 0.002879
248 0.002879
249 0.002945
250 0.002938
251 0.002981
252 0.002970
253 0.003030
254 0.003024
255 0.003047
256 0.003061
257 0.003082
258 0.003098
259 0.003096
260 0.003140
261 0.003133
262 0.003164
263 0.003148
264 0.003199
265 0.003187
266 0.003210
267 0.003216
268 0.003238
269 0.003245
270 0.003249
271 0.003285
272 0.003289
273 0.003325
274 0.003317
275 0.003370
276 0.003361
277 0.003388
278 0.003392
279 0.003419
280 0.003429
281 0.003439
282 0.003461
283 0.003464
284 0.003484
285 0.003474
286 0.003510
287 0.003497
288 0.003520
289 0.003513
290 0.003531
291 0.003526
292 0.003529
293 0.003536
294 0.003536
295 0.003549
296 0.003541
297 0.003555
298 0.003540
299 0.003557
300 0.003544
301 0.003555
302 0.003546
303 0.003546
304 0.003543
305 0.003540
306 0.003541
307 0.003531
308 0.003530
309 0.003514
310 0.003521
311 0.003504
312 0.003510
313 0.003499
314 0.003498
315 0.003491
316 0.003487
317 0.003481
318 0.003472
319 0.003469
320 0.003457
321 0.003457
322 0.003444
323 0.003444
324 0.003433
325 0.003428
326 0.003416
327 0.003408
328 0.003396
329 0.003383
330 0.003374
331 0.003362
