0 0.345441
1 0.000001
2 0.000444
3 0.000579
4 0.001318
5 0.001580
6 0.002164
7 0.002542
8 0.002969
9 0.003450
10 0.003721
11 0.004294
12 0.004415
13 0.005067
14 0.005110
15 0.005699
16 0.005782
17 0.006216
18 0.006382
19 0.006672
20 0.006913
21 0.007071
22 0.007378
23 0.007416
24 0.007780
25 0.007717
26 0.008100
27 0.008027
28 0.008286
29 0.008276
30 0.008424
31 0.008469
32 0.008496
33 0.008552
34 0.008471
35 0.008565
36 0.008409
37 0.008540
38 0.008361
39 0.008444
40 0.008303
41 0.008339
42 0.008290
43 0.008293
44 0.008266
45 0.008169
46 0.008157
47 0.008017
48 0.008041
49 0.007881
50 0.007939
51 0.007841
52 0.007884
53 0.007798
54 0.007753
55 0.007681
56 0.007613
57 0.007586
58 0.007504
59 0.007529
60 0.007453
61 0.007518
62 0.007443
63 0.007487
64 0.007439
65 0.007461
66 0.007445
67 0.007447
68 0.007456
69 0.007436
70 0.007466
71 0.007428
72 0.007478
73 0.007428
74 0.007472
75 0.007427
76 0.007450
77 0.007422
78 0.007423
79 0.007414
80 0.007401
81 0.007412
82 0.007389
83 0.007420
84 0.007383
85 0.007427
86 0.007390
87 0.007416
88 0.007390
89 0.007395
90 0.007378
91 0.007365
92 0.007358
93 0.007330
94 0.007332
95 0.007295
96 0.007310
97 0.007270
98 0.007280
99 0.007248
100 0.007245
101 0.007220
102 0.007204
103 0.007183
104 0.007157
105 0.007143
106 0.007110
107 0.007105
108 0.007066
109 0.007065
110 0.007029
111 0.007023
112 0.006994
113 0.006977
114 0.006954
115 0.006931
116 0.006911
117 0.006881
118 0.006865
119 0.006828
120 0.006802
121 0.006743
122 0.006693
123 0.006620
124 0.006557
125 0.006488
126 0.006424
127 0.006360
128 0.006296
129 0.006235
130 0.006170
131 0.006115
132 0.006053
133 0.005997
134 0.005937
135 0.005882
136 0.005825
137 0.005770
138 0.005714
139 0.005659
140 0.005606
141 0.005554
142 0.005500
143 0.005449
144 0.005395
145 0.005345
146 0.005293
147 0.005247
148 0.005199
149 0.005152
150 0.005108
151 0.005069
152 0.005042
153 0.005011
154 0.004996
155 0.004971
156 0.004950
157 0.004912
158 0.004886
159 0.004848
160 0.004816
161 0.004779
162 0.004740
163 0.004703
164 0.004661
165 0.004628
166 0.004584
167 0.004560
168 0.004530
169 0.004563
170 0.004589
171 0.004632
172 0.004663
173 0.004697
174 0.004719
175 0.004723
176 0.004720
177 0.004675
178 0.004629
179 0.004542
180 0.004480
181 0.004400
182 0.004360
183 0.004305
184 0.004269
185 0.004231
186 0.004199
187 0.004166
188 0.004124
189 0.004107
190 0.004065
191 0.004063
192 0.004019
193 0.004016
194 0.003979
195 0.003966
196 0.003935
197 0.003912
198 0.003884
199 0.003836
200 0.003803
201 0.003746
202 0.003721
203 0.003650
204 0.003625
205 0.003559
206 0.003531
207 0.003476
208 0.003441
209 0.003397
210 0.003353
211 0.003319
212 0.003266
213 0.003244
214 0.003180
215 0.003166
216 0.003097
217 0.003080
218 0.003021
219 0.003010
220 0.002995
221 0.002990
222 0.002986
223 0.002965
224 0.002966
225 0.002925
226 0.002949
227 0.002910
228 0.002938
229 0.002896
230 0.002894
231 0.002848
232 0.002816
233 0.002760
234 0.002696
235 0.002652
236 0.002571
237 0.002540
238 0.002442
239 0.002417
240 0.002314
241 0.002282
242 0.002193
243 0.002144
244 0.002070
245 0.002003
246 0.001944
247 0.001860
248 0.001814
249 0.001715
250 0.001689
251 0.001575
252 0.001551
253 0.001456
254 0.001417
255 0.001339
256 0.001286
257 0.001226
258 0.001156
259 0.001112
260 0.001028
261 0.001002
262 0.000900
263 0.000877
264 0.000730
265 0.000729
266 0.000727
267 0.000641
268 0.000515
269 0.000514
270 0.000513
271 0.000228
272 0.000282
273 0.000282
274 0.000282
275 0.000287
276 0.000303
277 0.000379
278 0.000440
279 0.000563
280 0.000652
281 0.000746
282 0.000862
283 0.000927
284 0.001068
285 0.001103
286 0.001495
287 0.001534
288 0.001676
289 0.001755
290 0.001983
291 0.002070
292 0.002189
293 0.002306
294 0.002392
295 0.002556
296 0.002618
297 0.002788
298 0.002816
299 0.002990
300 0.003025
301 0.003179
302 0.003233
303 0.003335
304 0.003418
305 0.003496
306 0.003592
307 0.003634
308 0.003761
309 0.003775
310 0.003901
311 0.003904
312 0.004013
313 0.004026
314 0.004103
315 0.004152
316 0.004217
317 0.004278
318 0.004314
319 0.004401
320 0.004428
321 0.004527
322 0.004541
323 0.004649
324 0.004668
325 0.004747
326 0.004784
327 0.004849
328 0.004896
329 0.004938
330 0.005005
331 0.005033
