0 0.361342
1 0.000001
2 0.000100
3 0.000101
4 0.000101
5 0.000101
6 0.000100
7 0.000101
8 0.000112
9 0.000236
10 0.000237
11 0.000288
12 0.000303
13 0.000334
14 0.000368
15 0.000379
16 0.000433
17 0.000433
18 0.000488
19 0.000497
20 0.000532
21 0.000559
22 0.000575
23 0.000621
24 0.000621
25 0.000679
26 0.000682
27 0.000721
28 0.000743
29 0.000762
30 0.000802
31 0.000804
32 0.000860
33 0.000861
34 0.000902
35 0.000918
36 0.000942
37 0.000975
38 0.000982
39 0.001031
40 0.001032
41 0.001076
42 0.001087
43 0.001114
44 0.001141
45 0.001151
46 0.001194
47 0.001195
48 0.001241
49 0.001247
50 0.001277
51 0.001299
52 0.001313
53 0.001350
54 0.001350
55 0.001398
56 0.001400
57 0.001433
58 0.001449
59 0.001467
60 0.001497
61 0.001500
62 0.001545
63 0.001545
64 0.001580
65 0.001592
66 0.001612
67 0.001638
68 0.001644
69 0.001683
70 0.001683
71 0.001719
72 0.001727
73 0.001750
74 0.001771
75 0.001781
76 0.001814
77 0.001815
78 0.001854
79 0.001859
80 0.001885
81 0.001902
82 0.001916
83 0.001945
84 0.001947
85 0.001988
86 0.001989
87 0.002017
88 0.002030
89 0.002046
90 0.002070
91 0.002075
92 0.002110
93 0.002111
94 0.002140
95 0.002149
96 0.002166
97 0.002186
98 0.002193
99 0.002223
100 0.002224
101 0.002254
102 0.002261
103 0.002282
104 0.002299
105 0.002310
106 0.002337
107 0.002340
108 0.002372
109 0.002377
110 0.002399
111 0.002413
112 0.002425
113 0.002446
114 0.002449
115 0.002477
116 0.002478
117 0.002498
118 0.002506
119 0.002515
120 0.002530
121 0.002532
122 0.002554
123 0.002553
124 0.002571
125 0.002574
126 0.002583
127 0.002591
128 0.002591
129 0.002604
130 0.002600
131 0.002614
132 0.002612
133 0.002621
134 0.002638
135 0.002652
136 0.002675
137 0.002684
138 0.002712
139 0.002722
140 0.002745
141 0.002761
142 0.002778
143 0.002801
144 0.002814
145 0.002842
146 0.002854
147 0.002879
148 0.002896
149 0.002916
150 0.002938
151 0.002954
152 0.002981
153 0.002997
154 0.003025
155 0.003044
156 0.003069
157 0.003093
158 0.003115
159 0.003144
160 0.003164
161 0.003195
162 0.003218
163 0.003245
164 0.003271
165 0.003297
166 0.003327
167 0.003351
168 0.003384
169 0.003411
170 0.003442
171 0.003472
172 0.003504
173 0.003537
174 0.003568
175 0.003605
176 0.003639
177 0.003675
178 0.003707
179 0.003741
180 0.003775
181 0.003810
182 0.003849
183 0.003888
184 0.003928
185 0.003966
186 0.004004
187 0.004041
188 0.004080
189 0.004119
190 0.004162
191 0.004202
192 0.004247
193 0.004290
194 0.004335
195 0.004375
196 0.004406
197 0.004437
198 0.004455
199 0.004478
200 0.004495
201 0.004516
202 0.004534
203 0.004550
204 0.004571
205 0.004581
206 0.004601
207 0.004606
208 0.004619
209 0.004628
210 0.004635
211 0.004646
212 0.004646
213 0.004660
214 0.004657
215 0.004667
216 0.004667
217 0.004671
218 0.004678
219 0.004673
220 0.004684
221 0.004670
222 0.004681
223 0.004674
224 0.004676
225 0.004679
226 0.004676
227 0.004697
228 0.004696
229 0.004722
230 0.004724
231 0.004731
232 0.004725
233 0.004702
234 0.004695
235 0.004666
236 0.004669
237 0.004647
238 0.004655
239 0.004653
240 0.004654
241 0.004666
242 0.004655
243 0.004676
244 0.004661
245 0.004680
246 0.004679
247 0.004689
248 0.004702
249 0.004698
250 0.004725
251 0.004703
252 0.004726
253 0.004712
254 0.004717
255 0.004717
256 0.004704
257 0.004719
258 0.004687
259 0.004706
260 0.004678
261 0.004683
262 0.004672
263 0.004656
264 0.004653
265 0.004597
266 0.004597
267 0.004554
268 0.004561
269 0.004531
270 0.004514
271 0.004515
272 0.004481
273 0.004497
274 0.004447
275 0.004458
276 0.004427
277 0.004411
278 0.004386
279 0.004337
280 0.004341
281 0.004277
282 0.004280
283 0.004226
284 0.004209
285 0.004190
286 0.004163
287 0.004176
288 0.004124
289 0.004148
290 0.004101
291 0.004107
292 0.004086
293 0.004066
294 0.004074
295 0.004027
296 0.004057
297 0.004006
298 0.004039
299 0.004023
300 0.004028
301 0.004044
302 0.003991
303 0.003990
304 0.003872
305 0.003846
306 0.003725
307 0.003608
308 0.003518
309 0.003405
310 0.003357
311 0.003217
312 0.003182
313 0.003071
314 0.003024
315 0.002967
316 0.002909
317 0.002897
318 0.002805
319 0.002808
320 0.002717
321 0.002700
322 0.002643
323 0.002590
324 0.002565
325 0.002478
326 0.002478
327 0.002371
328 0.002362
329 0.002290
330 0.002244
331 0.002207
