0 0.265460
1 0.000000
2 0.000398
3 0.000397
4 0.000396
5 0.000397
6 0.000396
7 0.000395
8 0.000395
9 0.000395
10 0.000394
11 0.000395
12 0.000393
13 0.000393
14 0.000393
15 0.000392
16 0.000393
17 0.000392
18 0.000392
19 0.000391
20 0.000390
21 0.000390
22 0.000390
23 0.000389
24 0.000883
25 0.000957
26 0.000955
27 0.000953
28 0.000952
29 0.000950
30 0.000947
31 0.000946
32 0.000944
33 0.000942
34 0.000940
35 0.001154
36 0.001205
37 0.001201
38 0.001199
39 0.001196
40 0.001238
41 0.001357
42 0.001353
43 0.001350
44 0.001346
45 0.001342
46 0.001461
47 0.001502
48 0.001497
49 0.001493
50 0.001489
51 0.001517
52 0.001642
53 0.001638
54 0.001633
55 0.001629
56 0.001624
57 0.001722
58 0.001768
59 0.001763
60 0.001758
61 0.001753
62 0.001769
63 0.001895
64 0.001890
65 0.001885
66 0.001881
67 0.001876
68 0.001958
69 0.002011
70 0.002005
71 0.002000
72 0.001994
73 0.001999
74 0.002124
75 0.002119
76 0.002111
77 0.002105
78 0.002098
79 0.002163
80 0.002218
81 0.002208
82 0.002200
83 0.002191
84 0.002181
85 0.002302
86 0.002291
87 0.002280
88 0.002268
89 0.002256
90 0.002301
91 0.002353
92 0.002339
93 0.002325
94 0.002310
95 0.002296
96 0.002391
97 0.002384
98 0.002369
99 0.002355
100 0.002341
101 0.002372
102 0.002423
103 0.002409
104 0.002395
105 0.002382
106 0.002369
107 0.002446
108 0.002447
109 0.002434
110 0.002421
111 0.002408
112 0.002430
113 0.002484
114 0.002472
115 0.002460
116 0.002448
117 0.002438
118 0.002504
119 0.002511
120 0.002501
121 0.002491
122 0.002481
123 0.002496
124 0.002553
125 0.002543
126 0.002534
127 0.002525
128 0.002516
129 0.002572
130 0.002586
131 0.002578
132 0.002570
133 0.002562
134 0.002571
135 0.002631
136 0.002624
137 0.002617
138 0.002611
139 0.002604
140 0.002651
141 0.002672
142 0.002666
143 0.002659
144 0.002652
145 0.002656
146 0.002716
147 0.002709
148 0.002702
149 0.002693
150 0.002685
151 0.002722
152 0.002744
153 0.002734
154 0.002725
155 0.002715
156 0.002711
157 0.002768
158 0.002757
159 0.002746
160 0.002733
161 0.002720
162 0.002743
163 0.002760
164 0.002745
165 0.002729
166 0.002713
167 0.002697
168 0.002747
169 0.002730
170 0.002713
171 0.002696
172 0.002680
173 0.002693
174 0.002709
175 0.002692
176 0.002675
177 0.002658
178 0.002643
179 0.002682
180 0.002670
181 0.002656
182 0.002649
183 0.002648
184 0.002677
185 0.002724
186 0.002743
187 0.002762
188 0.002782
189 0.002802
190 0.002873
191 0.002902
192 0.002924
193 0.002946
194 0.002968
195 0.003011
196 0.003074
197 0.003099
198 0.003124
199 0.003149
200 0.003175
201 0.003249
202 0.003288
203 0.003317
204 0.003345
205 0.003374
206 0.003419
207 0.003495
208 0.003526
209 0.003558
210 0.003590
211 0.003624
212 0.003704
213 0.003756
214 0.003792
215 0.003829
216 0.003866
217 0.003917
218 0.004009
219 0.004050
220 0.004091
221 0.004135
222 0.004179
223 0.004269
224 0.004340
225 0.004390
226 0.004440
227 0.004492
228 0.004554
229 0.004670
230 0.004728
231 0.004788
232 0.004851
233 0.004917
234 0.005029
235 0.005131
236 0.005207
237 0.005277
238 0.005323
239 0.005354
240 0.005425
241 0.005423
242 0.005423
243 0.005424
244 0.005427
245 0.005488
246 0.005566
247 0.005630
248 0.005708
249 0.005787
250 0.005867
251 0.006028
252 0.006116
253 0.006206
254 0.006291
255 0.006362
256 0.006460
257 0.006578
258 0.006658
259 0.006741
260 0.006829
261 0.006920
262 0.007093
263 0.007201
264 0.007307
265 0.007416
266 0.007528
267 0.007677
268 0.007848
269 0.007974
270 0.008105
271 0.008241
272 0.008381
273 0.008602
274 0.008767
275 0.008928
276 0.009099
277 0.009276
278 0.009490
279 0.009747
280 0.009953
281 0.010174
282 0.010409
283 0.010664
284 0.011003
285 0.011310
286 0.011617
287 0.011952
288 0.012301
289 0.012697
290 0.013157
291 0.013585
292 0.013972
293 0.014293
294 0.014536
295 0.014462
296 0.014193
297 0.013860
298 0.013503
299 0.013137
300 0.012766
301 0.012412
302 0.011958
303 0.011463
304 0.010976
305 0.010561
306 0.010254
307 0.009980
308 0.009721
309 0.009497
310 0.009325
311 0.009228
312 0.009199
313 0.009134
314 0.009082
315 0.009039
316 0.008999
317 0.008986
318 0.008963
319 0.008923
320 0.008882
321 0.008839
322 0.008799
323 0.008789
324 0.008739
325 0.008687
326 0.008623
327 0.008541
328 0.008459
329 0.008360
330 0.008236
331 0.008083
