0 0.339972
1 0.000001
2 0.000379
3 0.000379
4 0.000455
5 0.000798
6 0.000797
7 0.001038
8 0.001324
9 0.001322
10 0.001697
11 0.001858
12 0.001857
13 0.002260
14 0.002290
15 0.002372
16 0.002793
17 0.002792
18 0.002976
19 0.003252
20 0.003251
21 0.003545
22 0.003716
23 0.003718
24 0.004115
25 0.004179
26 0.004227
27 0.004636
28 0.004645
29 0.004797
30 0.005085
31 0.005066
32 0.005288
33 0.005448
34 0.005419
35 0.005715
36 0.005760
37 0.005735
38 0.006085
39 0.006037
40 0.006092
41 0.006335
42 0.006325
43 0.006516
44 0.006704
45 0.006700
46 0.006968
47 0.007059
48 0.007032
49 0.007371
50 0.007381
51 0.007454
52 0.007739
53 0.007743
54 0.007851
55 0.007995
56 0.007948
57 0.008121
58 0.008176
59 0.008122
60 0.008337
61 0.008307
62 0.008285
63 0.008477
64 0.008410
65 0.008442
66 0.008574
67 0.008559
68 0.008713
69 0.008820
70 0.008793
71 0.008959
72 0.009006
73 0.009027
74 0.009275
75 0.009253
76 0.009286
77 0.009417
78 0.009379
79 0.009468
80 0.009540
81 0.009506
82 0.009643
83 0.009661
84 0.009627
85 0.009807
86 0.009774
87 0.009822
88 0.009982
89 0.010007
90 0.010088
91 0.010226
92 0.010242
93 0.010383
94 0.010419
95 0.010405
96 0.010567
97 0.010575
98 0.010592
99 0.010728
100 0.010719
101 0.010768
102 0.010885
103 0.010922
104 0.011075
105 0.011181
106 0.011264
107 0.011493
108 0.011580
109 0.011639
110 0.011824
111 0.011874
112 0.011973
113 0.012124
114 0.012178
115 0.012314
116 0.012432
117 0.012489
118 0.012652
119 0.012734
120 0.012796
121 0.012975
122 0.013031
123 0.013117
124 0.013272
125 0.013337
126 0.013458
127 0.013576
128 0.013632
129 0.013759
130 0.013832
131 0.013870
132 0.013996
133 0.014025
134 0.014076
135 0.014204
136 0.014274
137 0.014381
138 0.014510
139 0.014600
140 0.014749
141 0.014882
142 0.015000
143 0.015192
144 0.015337
145 0.015479
146 0.015665
147 0.015804
148 0.015965
149 0.016145
150 0.016295
151 0.016490
152 0.016694
153 0.016851
154 0.017021
155 0.017164
156 0.017311
157 0.017469
158 0.017608
159 0.017766
160 0.017931
161 0.018077
162 0.018229
163 0.018393
164 0.018554
165 0.018699
166 0.018533
167 0.018405
168 0.018256
169 0.018317
170 0.018192
171 0.017980
172 0.017871
173 0.018245
174 0.018637
175 0.018993
176 0.019273
177 0.019526
178 0.019227
179 0.018829
180 0.018546
181 0.018369
182 0.018280
183 0.018356
184 0.018568
185 0.018347
186 0.018197
187 0.018019
188 0.017889
189 0.017936
190 0.017758
191 0.017966
192 0.018567
193 0.018968
194 0.019389
195 0.019694
196 0.019902
197 0.020156
198 0.020126
199 0.019553
200 0.019205
201 0.018750
202 0.018405
203 0.018117
204 0.017724
205 0.017504
206 0.017267
207 0.017392
208 0.017237
209 0.016978
210 0.016736
211 0.016566
212 0.016272
213 0.016062
214 0.015912
215 0.015653
216 0.016001
217 0.016331
218 0.016461
219 0.016653
220 0.016683
221 0.016697
222 0.016908
223 0.016876
224 0.017069
225 0.017216
226 0.016949
227 0.016823
228 0.016640
229 0.016291
230 0.016364
231 0.016343
232 0.016312
233 0.016405
234 0.016172
235 0.016087
236 0.015899
237 0.015677
238 0.015752
239 0.015778
240 0.015488
241 0.015144
242 0.014675
243 0.014267
244 0.014152
245 0.013841
246 0.013397
247 0.012828
248 0.012218
249 0.012181
250 0.012110
251 0.011841
252 0.011902
253 0.011817
254 0.011681
255 0.011856
256 0.011845
257 0.011849
258 0.011885
259 0.011580
260 0.011611
261 0.011771
262 0.011648
263 0.011794
264 0.011914
265 0.011815
266 0.012005
267 0.012061
268 0.012005
269 0.012200
270 0.012217
271 0.012360
272 0.012639
273 0.012371
274 0.012281
275 0.012202
276 0.011792
277 0.011753
278 0.011574
279 0.011258
280 0.011223
281 0.010949
282 0.010735
283 0.010702
284 0.010320
285 0.010197
286 0.010141
287 0.009684
288 0.009641
289 0.009481
290 0.009120
291 0.009074
292 0.008809
293 0.008545
294 0.008495
295 0.008122
296 0.007958
297 0.007903
298 0.007420
299 0.007345
300 0.007195
301 0.006792
302 0.006745
303 0.006502
304 0.006196
305 0.006132
306 0.005786
307 0.005584
308 0.005519
309 0.005079
310 0.004978
311 0.004861
312 0.004442
313 0.004389
314 0.004192
315 0.003896
316 0.003857
317 0.003585
318 0.003399
319 0.003379
320 0.003045
321 0.002980
322 0.002956
323 0.002590
324 0.002595
325 0.002479
326 0.002201
327 0.002205
328 0.001997
329 0.001817
330 0.001819
331 0.001541
