0 0.361342
1 0.000001
2 0.000339
3 0.000339
4 0.000339
5 0.000339
6 0.000339
7 0.000340
8 0.000340
9 0.000341
10 0.000340
11 0.000340
12 0.000341
13 0.000341
14 0.000341
15 0.000341
16 0.000342
17 0.000342
18 0.000718
19 0.000780
20 0.000784
21 0.000789
22 0.000790
23 0.000791
24 0.000794
25 0.001031
26 0.001047
27 0.001051
28 0.001054
29 0.001058
30 0.001064
31 0.001073
32 0.001275
33 0.001280
34 0.001286
35 0.001290
36 0.001370
37 0.001481
38 0.001490
39 0.001497
40 0.001506
41 0.001643
42 0.001685
43 0.001699
44 0.001714
45 0.001759
46 0.001903
47 0.001922
48 0.001945
49 0.001967
50 0.002084
51 0.002180
52 0.002212
53 0.002250
54 0.002282
55 0.002477
56 0.002510
57 0.002537
58 0.002563
59 0.002630
60 0.002726
61 0.002746
62 0.002827
63 0.002821
64 0.002871
65 0.002876
66 0.002889
67 0.002908
68 0.002793
69 0.002641
70 0.002500
71 0.002464
72 0.002388
73 0.002329
74 0.002263
75 0.002188
76 0.002156
77 0.002097
78 0.002099
79 0.002068
80 0.002083
81 0.002097
82 0.002108
83 0.002134
84 0.002133
85 0.002171
86 0.002170
87 0.002198
88 0.002210
89 0.002223
90 0.002245
91 0.002247
92 0.002279
93 0.002279
94 0.002306
95 0.002313
96 0.002332
97 0.002350
98 0.002356
99 0.002384
100 0.002383
101 0.002411
102 0.002415
103 0.002433
104 0.002447
105 0.002456
106 0.002481
107 0.002481
108 0.002508
109 0.002509
110 0.002525
111 0.002535
112 0.002542
113 0.002559
114 0.002559
115 0.002587
116 0.002586
117 0.002602
118 0.002607
119 0.002616
120 0.002628
121 0.002631
122 0.002650
123 0.002651
124 0.002671
125 0.002676
126 0.002687
127 0.002698
128 0.002702
129 0.002720
130 0.002722
131 0.002742
132 0.002748
133 0.002761
134 0.002772
135 0.002781
136 0.002798
137 0.002803
138 0.002825
139 0.002831
140 0.002848
141 0.002859
142 0.002871
143 0.002888
144 0.002898
145 0.002920
146 0.002930
147 0.002950
148 0.002963
149 0.002979
150 0.002997
151 0.003009
152 0.003030
153 0.003042
154 0.003063
155 0.003077
156 0.003095
157 0.003113
158 0.003130
159 0.003151
160 0.003166
161 0.003188
162 0.003205
163 0.003225
164 0.003244
165 0.003264
166 0.003285
167 0.003303
168 0.003314
169 0.003318
170 0.003319
171 0.003319
172 0.003327
173 0.003334
174 0.003338
175 0.003341
176 0.003343
177 0.003342
178 0.003339
179 0.003331
180 0.003320
181 0.003308
182 0.003289
183 0.003271
184 0.003245
185 0.003220
186 0.003189
187 0.003162
188 0.003139
189 0.003118
190 0.003110
191 0.003102
192 0.003110
193 0.003114
194 0.003120
195 0.003126
196 0.003130
197 0.003141
198 0.003140
199 0.003151
200 0.003153
201 0.003161
202 0.003166
203 0.003170
204 0.003181
205 0.003180
206 0.003192
207 0.003191
208 0.003201
209 0.003205
210 0.003210
211 0.003220
212 0.003218
213 0.003232
214 0.003227
215 0.003239
216 0.003241
217 0.003248
218 0.003256
219 0.003255
220 0.003271
221 0.003261
222 0.003277
223 0.003274
224 0.003282
225 0.003287
226 0.003286
227 0.003300
228 0.003286
229 0.003303
230 0.003296
231 0.003307
232 0.003311
233 0.003308
234 0.003317
235 0.003300
236 0.003314
237 0.003296
238 0.003304
239 0.003300
240 0.003298
241 0.003307
242 0.003293
243 0.003310
244 0.003288
245 0.003301
246 0.003289
247 0.003286
248 0.003288
249 0.003271
250 0.003287
251 0.003255
252 0.003271
253 0.003253
254 0.003253
255 0.003251
256 0.003236
257 0.003253
258 0.003222
259 0.003243
260 0.003218
261 0.003225
262 0.003217
263 0.003205
264 0.003209
265 0.003147
266 0.003167
267 0.003189
268 0.003210
269 0.003155
270 0.003116
271 0.003137
272 0.003159
273 0.003180
274 0.003057
275 0.003069
276 0.003090
277 0.003112
278 0.003080
279 0.002992
280 0.003013
281 0.003036
282 0.003056
283 0.002952
284 0.002924
285 0.002942
286 0.002960
287 0.002961
288 0.002814
289 0.002833
290 0.002856
291 0.002876
292 0.002796
293 0.002714
294 0.002732
295 0.002755
296 0.002773
297 0.002591
298 0.002582
299 0.002602
300 0.002620
301 0.002575
302 0.002424
303 0.002439
304 0.002459
305 0.002477
306 0.002328
307 0.002261
308 0.002276
309 0.002293
310 0.002288
311 0.001991
312 0.002001
313 0.001994
314 0.002005
315 0.002014
316 0.002025
317 0.001978
318 0.001625
319 0.001632
320 0.001640
321 0.001646
322 0.001653
323 0.001660
324 0.001532
325 0.001064
326 0.001066
327 0.001069
328 0.001073
329 0.001075
330 0.001079
331 0.001082
