0 0.345441
1 0.000001
2 0.000296
3 0.000296
4 0.000431
5 0.000879
6 0.000876
7 0.001142
8 0.001443
9 0.001437
10 0.001822
11 0.001979
12 0.001968
13 0.002463
14 0.002482
15 0.002552
16 0.002969
17 0.002944
18 0.003122
19 0.003397
20 0.003364
21 0.003641
22 0.003780
23 0.003741
24 0.004105
25 0.004122
26 0.004121
27 0.004475
28 0.004423
29 0.004514
30 0.004743
31 0.004685
32 0.004860
33 0.004973
34 0.004912
35 0.005159
36 0.005169
37 0.005114
38 0.005399
39 0.005325
40 0.005346
41 0.005524
42 0.005446
43 0.005533
44 0.005616
45 0.005535
46 0.005681
47 0.005670
48 0.005574
49 0.005753
50 0.005657
51 0.005609
52 0.005721
53 0.005615
54 0.005623
55 0.005661
56 0.005557
57 0.005613
58 0.005586
59 0.005484
60 0.005587
61 0.005517
62 0.005463
63 0.005567
64 0.005487
65 0.005473
66 0.005504
67 0.005405
68 0.005420
69 0.005398
70 0.005305
71 0.005357
72 0.005296
73 0.005219
74 0.005290
75 0.005219
76 0.005204
77 0.005251
78 0.005183
79 0.005187
80 0.005172
81 0.005092
82 0.005118
83 0.005075
84 0.005005
85 0.005063
86 0.004999
87 0.004966
88 0.005005
89 0.004957
90 0.004964
91 0.004979
92 0.004934
93 0.004967
94 0.004956
95 0.004915
96 0.004971
97 0.004939
98 0.004919
99 0.004965
100 0.004930
101 0.004934
102 0.004957
103 0.004924
104 0.004949
105 0.004949
106 0.004918
107 0.004962
108 0.004943
109 0.004921
110 0.004963
111 0.004931
112 0.004926
113 0.004949
114 0.004917
115 0.004929
116 0.004930
117 0.004900
118 0.004928
119 0.004914
120 0.004889
121 0.004929
122 0.004904
123 0.004898
124 0.004923
125 0.004900
126 0.004909
127 0.004917
128 0.004895
129 0.004916
130 0.004910
131 0.004887
132 0.004919
133 0.004896
134 0.004883
135 0.004901
136 0.004876
137 0.004874
138 0.004878
139 0.004853
140 0.004861
141 0.004853
142 0.004830
143 0.004849
144 0.004831
145 0.004815
146 0.004831
147 0.004809
148 0.004804
149 0.004808
150 0.004786
151 0.004788
152 0.004781
153 0.004759
154 0.004766
155 0.004749
156 0.004730
157 0.004739
158 0.004718
159 0.004706
160 0.004708
161 0.004687
162 0.004684
163 0.004678
164 0.004659
165 0.004662
166 0.004650
167 0.004631
168 0.004638
169 0.004620
170 0.004608
171 0.004607
172 0.004589
173 0.004581
174 0.004574
175 0.004557
176 0.004553
177 0.004540
178 0.004521
179 0.004516
180 0.004492
181 0.004466
182 0.004449
183 0.004415
184 0.004386
185 0.004359
186 0.004325
187 0.004299
188 0.004271
189 0.004238
190 0.004215
191 0.004185
192 0.004155
193 0.004131
194 0.004101
195 0.004075
196 0.004051
197 0.004023
198 0.003998
199 0.003973
200 0.003946
201 0.003922
202 0.003896
203 0.003871
204 0.003847
205 0.003823
206 0.003798
207 0.003774
208 0.003750
209 0.003726
210 0.003703
211 0.003680
212 0.003656
213 0.003633
214 0.003611
215 0.003586
216 0.003565
217 0.003542
218 0.003518
219 0.003499
220 0.003477
221 0.003455
222 0.003437
223 0.003414
224 0.003394
225 0.003378
226 0.003358
227 0.003347
228 0.003336
229 0.003320
230 0.003314
231 0.003306
232 0.003295
233 0.003287
234 0.003270
235 0.003257
236 0.003248
237 0.003227
238 0.003215
239 0.003203
240 0.003180
241 0.003169
242 0.003153
243 0.003130
244 0.003119
245 0.003099
246 0.003081
247 0.003069
248 0.003046
249 0.003033
250 0.003024
251 0.003004
252 0.003010
253 0.003024
254 0.003032
255 0.003054
256 0.003067
257 0.003079
258 0.003101
259 0.003107
260 0.003119
261 0.003134
262 0.003121
263 0.003126
264 0.003121
265 0.003092
266 0.003077
267 0.003047
268 0.003009
269 0.002984
270 0.002944
271 0.002917
272 0.002904
273 0.002868
274 0.002855
275 0.002843
276 0.002811
277 0.002806
278 0.002792
279 0.002769
280 0.002763
281 0.002742
282 0.002725
283 0.002724
284 0.002699
285 0.002693
286 0.002695
287 0.002666
288 0.002668
289 0.002661
290 0.002639
291 0.002641
292 0.002626
293 0.002610
294 0.002612
295 0.002587
296 0.002578
297 0.002575
298 0.002534
299 0.002527
300 0.002514
301 0.002479
302 0.002473
303 0.002450
304 0.002421
305 0.002414
306 0.002382
307 0.002363
308 0.002358
309 0.002317
310 0.002308
311 0.002299
312 0.002260
313 0.002256
314 0.002238
315 0.002208
316 0.002205
317 0.002177
318 0.002157
319 0.002155
320 0.002116
321 0.002107
322 0.002102
323 0.002059
324 0.002057
325 0.002042
326 0.002008
327 0.002007
328 0.001992
329 0.001983
330 0.001997
331 0.001974
