0 0.356202
1 0.000001
2 0.000190
3 0.000189
4 0.000189
5 0.000189
6 0.000189
7 0.000189
8 0.000190
9 0.000189
10 0.000189
11 0.000189
12 0.000189
13 0.000190
14 0.000189
15 0.000189
16 0.000189
17 0.000190
18 0.000189
19 0.000189
20 0.000189
21 0.000189
22 0.000189
23 0.000189
24 0.000189
25 0.000189
26 0.000189
27 0.000189
28 0.000190
29 0.000189
30 0.000189
31 0.000189
32 0.000497
33 0.000732
34 0.000731
35 0.000731
36 0.000732
37 0.000732
38 0.000732
39 0.000732
40 0.000816
41 0.001048
42 0.001048
43 0.001048
44 0.001048
45 0.001048
46 0.001264
47 0.001343
48 0.001343
49 0.001343
50 0.001343
51 0.001409
52 0.001674
53 0.001675
54 0.001674
55 0.001675
56 0.001674
57 0.001855
58 0.001945
59 0.001944
60 0.002117
61 0.002136
62 0.002163
63 0.002337
64 0.002338
65 0.002414
66 0.002546
67 0.002546
68 0.002677
69 0.002764
70 0.002764
71 0.002952
72 0.002990
73 0.003005
74 0.003224
75 0.003223
76 0.003296
77 0.003466
78 0.003465
79 0.003600
80 0.003716
81 0.003715
82 0.003985
83 0.004066
84 0.004066
85 0.004504
86 0.004503
87 0.004601
88 0.004926
89 0.004924
90 0.005114
91 0.005332
92 0.005329
93 0.005606
94 0.005722
95 0.005718
96 0.006075
97 0.006095
98 0.006151
99 0.006456
100 0.006448
101 0.006584
102 0.006789
103 0.006778
104 0.006985
105 0.007097
106 0.007081
107 0.007352
108 0.007376
109 0.007386
110 0.007648
111 0.007619
112 0.007688
113 0.007854
114 0.007810
115 0.007926
116 0.007976
117 0.007886
118 0.008005
119 0.007948
120 0.007828
121 0.007903
122 0.007707
123 0.007532
124 0.007371
125 0.006948
126 0.006480
127 0.005838
128 0.004976
129 0.003991
130 0.003343
131 0.003348
132 0.003368
133 0.003309
134 0.003355
135 0.003511
136 0.003613
137 0.003762
138 0.003936
139 0.004071
140 0.004220
141 0.004289
142 0.004344
143 0.004565
144 0.004670
145 0.004683
146 0.004785
147 0.004954
148 0.005205
149 0.005509
150 0.005789
151 0.006158
152 0.006478
153 0.006724
154 0.007026
155 0.007191
156 0.007323
157 0.007539
158 0.007672
159 0.007847
160 0.008078
161 0.008268
162 0.008535
163 0.008824
164 0.009087
165 0.009441
166 0.009776
167 0.010107
168 0.010552
169 0.010926
170 0.011334
171 0.011806
172 0.012239
173 0.012692
174 0.013047
175 0.013184
176 0.013275
177 0.013335
178 0.013380
179 0.013569
180 0.013751
181 0.013989
182 0.014335
183 0.014581
184 0.014646
185 0.014465
186 0.014175
187 0.013947
188 0.013719
189 0.013551
190 0.013478
191 0.013473
192 0.013466
193 0.013472
194 0.013468
195 0.013468
196 0.013474
197 0.013480
198 0.013486
199 0.013494
200 0.013505
201 0.013506
202 0.013518
203 0.013535
204 0.013529
205 0.013553
206 0.013576
207 0.013576
208 0.013596
209 0.013591
210 0.013585
211 0.013603
212 0.013577
213 0.013578
214 0.013592
215 0.013525
216 0.013457
217 0.013153
218 0.012564
219 0.011929
220 0.011321
221 0.010586
222 0.009764
223 0.008831
224 0.007771
225 0.006488
226 0.005201
227 0.005229
228 0.005218
229 0.005102
230 0.005158
231 0.005281
232 0.005400
233 0.005572
234 0.005716
235 0.005842
236 0.005919
237 0.005939
238 0.006106
239 0.006211
240 0.006146
241 0.006228
242 0.006404
243 0.006567
244 0.006823
245 0.007042
246 0.007280
247 0.007522
248 0.007641
249 0.007791
250 0.007915
251 0.007867
252 0.007966
253 0.008029
254 0.008006
255 0.008115
256 0.008150
257 0.008178
258 0.008312
259 0.008313
260 0.008391
261 0.008531
262 0.008474
263 0.008599
264 0.008700
265 0.008646
266 0.008788
267 0.008834
268 0.008828
269 0.008975
270 0.008952
271 0.008990
272 0.009100
273 0.008908
274 0.008868
275 0.008817
276 0.008527
277 0.008506
278 0.008386
279 0.008179
280 0.008189
281 0.008022
282 0.007902
283 0.007927
284 0.007690
285 0.007654
286 0.007674
287 0.007375
288 0.007421
289 0.007376
290 0.007164
291 0.007221
292 0.007072
293 0.006891
294 0.006871
295 0.006537
296 0.006375
297 0.006314
298 0.005872
299 0.005795
300 0.005652
301 0.005277
302 0.005213
303 0.004988
304 0.004726
305 0.004690
306 0.004399
307 0.004243
308 0.004218
309 0.003837
310 0.003775
311 0.003699
312 0.003332
313 0.003314
314 0.003147
315 0.002875
316 0.002861
317 0.002602
318 0.002426
319 0.002414
320 0.002058
321 0.001979
322 0.001941
323 0.001552
324 0.001543
325 0.001416
326 0.001156
327 0.001150
328 0.000968
329 0.000824
330 0.000820
331 0.001135
