0 0.351058
1 0.000001
2 0.000145
3 0.000146
4 0.000146
5 0.000145
6 0.000146
7 0.000145
8 0.000145
9 0.000145
10 0.000145
11 0.000146
12 0.000145
13 0.000144
14 0.000145
15 0.000144
16 0.000146
17 0.000145
18 0.000144
19 0.000144
20 0.000145
21 0.000144
22 0.000145
23 0.000144
24 0.000144
25 0.000144
26 0.000144
27 0.000144
28 0.000144
29 0.000144
30 0.000144
31 0.000143
32 0.000144
33 0.000144
34 0.000143
35 0.000143
36 0.000256
37 0.000416
38 0.000414
39 0.000414
40 0.000413
41 0.000413
42 0.000412
43 0.000412
44 0.000410
45 0.000411
46 0.000416
47 0.000555
48 0.000554
49 0.000552
50 0.000553
51 0.000551
52 0.000550
53 0.000565
54 0.000678
55 0.000677
56 0.000675
57 0.000674
58 0.000672
59 0.000670
60 0.000699
61 0.000815
62 0.000813
63 0.000811
64 0.000808
65 0.000806
66 0.000804
67 0.000846
68 0.000949
69 0.000948
70 0.000944
71 0.000941
72 0.000938
73 0.000936
74 0.000977
75 0.001048
76 0.001044
77 0.001041
78 0.001117
79 0.001121
80 0.001117
81 0.001152
82 0.001194
83 0.001189
84 0.001184
85 0.001266
86 0.001262
87 0.001257
88 0.001300
89 0.001335
90 0.001330
91 0.001332
92 0.001415
93 0.001408
94 0.001403
95 0.001454
96 0.001482
97 0.001476
98 0.001486
99 0.001557
100 0.001551
101 0.001544
102 0.001606
103 0.001629
104 0.001623
105 0.001638
106 0.001700
107 0.001693
108 0.001685
109 0.001748
110 0.001760
111 0.001752
112 0.001775
113 0.001826
114 0.001818
115 0.001811
116 0.001876
117 0.001879
118 0.001871
119 0.001897
120 0.001938
121 0.001931
122 0.001923
123 0.001988
124 0.001984
125 0.001975
126 0.002008
127 0.002037
128 0.002029
129 0.002024
130 0.002085
131 0.002077
132 0.002070
133 0.002103
134 0.002126
135 0.002118
136 0.002119
137 0.002170
138 0.002162
139 0.002154
140 0.002191
141 0.002206
142 0.002199
143 0.002204
144 0.002247
145 0.002239
146 0.002231
147 0.002271
148 0.002279
149 0.002272
150 0.002282
151 0.002317
152 0.002310
153 0.002303
154 0.002345
155 0.002348
156 0.002341
157 0.002354
158 0.002382
159 0.002375
160 0.002369
161 0.002413
162 0.002411
163 0.002404
164 0.002421
165 0.002443
166 0.002437
167 0.002431
168 0.002476
169 0.002470
170 0.002464
171 0.002484
172 0.002501
173 0.002495
174 0.002494
175 0.002533
176 0.002527
177 0.002522
178 0.002545
179 0.002557
180 0.002551
181 0.002554
182 0.002587
183 0.002582
184 0.002577
185 0.002603
186 0.002610
187 0.002606
188 0.002612
189 0.002640
190 0.002636
191 0.002632
192 0.002659
193 0.002664
194 0.002661
195 0.002672
196 0.002695
197 0.002692
198 0.002689
199 0.002719
200 0.002721
201 0.002719
202 0.002731
203 0.002750
204 0.002748
205 0.002747
206 0.002777
207 0.002777
208 0.002775
209 0.002791
210 0.002806
211 0.002804
212 0.002804
213 0.002833
214 0.002832
215 0.002831
216 0.002848
217 0.002861
218 0.002860
219 0.002863
220 0.002887
221 0.002886
222 0.002886
223 0.002904
224 0.002913
225 0.002912
226 0.002916
227 0.002936
228 0.002936
229 0.002935
230 0.002953
231 0.002958
232 0.002957
233 0.002961
234 0.002975
235 0.002973
236 0.002970
237 0.002987
238 0.002987
239 0.002984
240 0.002988
241 0.002998
242 0.002995
243 0.002992
244 0.003007
245 0.003006
246 0.003003
247 0.003009
248 0.003016
249 0.003014
250 0.003011
251 0.003026
252 0.003023
253 0.003020
254 0.003026
255 0.003031
256 0.003028
257 0.003026
258 0.003038
259 0.003034
260 0.003032
261 0.003038
262 0.003040
263 0.003038
264 0.003037
265 0.003044
266 0.003042
267 0.003039
268 0.003044
269 0.003045
270 0.003042
271 0.003041
272 0.003046
273 0.003043
274 0.003040
275 0.003044
276 0.003043
277 0.003040
278 0.003039
279 0.003041
280 0.003038
281 0.003035
282 0.003038
283 0.003035
284 0.003032
285 0.003031
286 0.003031
287 0.003028
288 0.003025
289 0.003026
290 0.003023
291 0.003020
292 0.003019
293 0.003017
294 0.003014
295 0.003011
296 0.003011
297 0.003008
298 0.003005
299 0.003003
300 0.003000
301 0.002998
302 0.002995
303 0.002992
304 0.002990
305 0.002988
306 0.002985
307 0.002983
308 0.002981
309 0.002979
310 0.002975
311 0.002973
312 0.002971
313 0.002967
314 0.002964
315 0.002963
316 0.002960
317 0.002954
318 0.002953
319 0.002951
320 0.002945
321 0.002942
322 0.002940
323 0.002936
324 0.002930
325 0.002928
326 0.002926
327 0.002917
328 0.002914
329 0.002912
330 0.002906
331 0.002898
