0 0.361342
1 0.000001
2 0.000030
3 0.000030
4 0.000030
5 0.000030
6 0.000030
7 0.000058
8 0.000090
9 0.000090
10 0.000123
11 0.000137
12 0.000137
13 0.000186
14 0.000189
15 0.000198
16 0.000247
17 0.000247
18 0.000271
19 0.000309
20 0.000309
21 0.000351
22 0.000376
23 0.000376
24 0.000438
25 0.000449
26 0.000456
27 0.000526
28 0.000526
29 0.000553
30 0.000608
31 0.000608
32 0.000656
33 0.000694
34 0.000694
35 0.000768
36 0.000786
37 0.000789
38 0.000882
39 0.000882
40 0.000909
41 0.000983
42 0.000982
43 0.001035
44 0.001088
45 0.001088
46 0.001169
47 0.001198
48 0.001197
49 0.001309
50 0.001312
51 0.001335
52 0.001431
53 0.001429
54 0.001483
55 0.001553
56 0.001552
57 0.001637
58 0.001679
59 0.001677
60 0.001797
61 0.001808
62 0.001825
63 0.001943
64 0.001941
65 0.001992
66 0.002080
67 0.002077
68 0.002163
69 0.002219
70 0.002216
71 0.002340
72 0.002361
73 0.002367
74 0.002510
75 0.002505
76 0.002548
77 0.002655
78 0.002650
79 0.002733
80 0.002803
81 0.002797
82 0.002918
83 0.002950
84 0.002943
85 0.003098
86 0.003090
87 0.003119
88 0.003232
89 0.003224
90 0.003286
91 0.003359
92 0.003351
93 0.003446
94 0.003482
95 0.003474
96 0.003598
97 0.003600
98 0.003616
99 0.003723
100 0.003717
101 0.003764
102 0.003837
103 0.003833
104 0.003909
105 0.003951
106 0.003949
107 0.004053
108 0.004068
109 0.004080
110 0.004186
111 0.004187
112 0.004226
113 0.004304
114 0.004306
115 0.004370
116 0.004421
117 0.004424
118 0.004513
119 0.004538
120 0.004546
121 0.004649
122 0.004655
123 0.004687
124 0.004764
125 0.004771
126 0.004825
127 0.004879
128 0.004887
129 0.004960
130 0.004992
131 0.005001
132 0.005094
133 0.005108
134 0.005137
135 0.005216
136 0.005231
137 0.005282
138 0.005343
139 0.005363
140 0.005434
141 0.005482
142 0.005506
143 0.005598
144 0.005635
145 0.005677
146 0.005771
147 0.005811
148 0.005879
149 0.005966
150 0.006011
151 0.006095
152 0.006172
153 0.006231
154 0.006338
155 0.006409
156 0.006476
157 0.006595
158 0.006664
159 0.006749
160 0.006855
161 0.006927
162 0.007025
163 0.007121
164 0.007200
165 0.007313
166 0.007405
167 0.007486
168 0.007606
169 0.007687
170 0.007776
171 0.007883
172 0.007962
173 0.008056
174 0.008152
175 0.008230
176 0.008326
177 0.008412
178 0.008488
179 0.008582
180 0.008669
181 0.008813
182 0.009104
183 0.009617
184 0.010326
185 0.011279
186 0.012579
187 0.014357
188 0.015565
189 0.016780
190 0.018507
191 0.019898
192 0.019743
193 0.019760
194 0.019608
195 0.019040
196 0.017882
197 0.015622
198 0.012193
199 0.009689
200 0.009220
201 0.009098
202 0.008987
203 0.008875
204 0.008720
205 0.008598
206 0.008462
207 0.008302
208 0.008173
209 0.008017
210 0.007860
211 0.007726
212 0.007552
213 0.007404
214 0.007269
215 0.007082
216 0.006946
217 0.006801
218 0.006624
219 0.006495
220 0.006343
221 0.006187
222 0.006071
223 0.005918
224 0.005796
225 0.005702
226 0.005566
227 0.005495
228 0.005447
229 0.005383
230 0.005383
231 0.005358
232 0.005314
233 0.005314
234 0.005269
235 0.005240
236 0.005241
237 0.005177
238 0.005166
239 0.005161
240 0.005085
241 0.005086
242 0.005060
243 0.004998
244 0.004996
245 0.004945
246 0.004900
247 0.004899
248 0.004823
249 0.004799
250 0.004797
251 0.004697
252 0.004697
253 0.004672
254 0.004593
255 0.004594
256 0.004544
257 0.004488
258 0.004491
259 0.004415
260 0.004386
261 0.004391
262 0.004286
263 0.004285
264 0.004272
265 0.004176
266 0.004184
267 0.004143
268 0.004075
269 0.004085
270 0.004011
271 0.003973
272 0.003984
273 0.003875
274 0.003868
275 0.003865
276 0.003743
277 0.003755
278 0.003718
279 0.003629
280 0.003641
281 0.003567
282 0.003509
283 0.003523
284 0.003406
285 0.003385
286 0.003391
287 0.003236
288 0.003247
289 0.003214
290 0.003095
291 0.003107
292 0.003027
293 0.002949
294 0.002959
295 0.002832
296 0.002792
297 0.002802
298 0.002625
299 0.002626
300 0.002593
301 0.002432
302 0.002439
303 0.002357
304 0.002247
305 0.002254
306 0.002117
307 0.002053
308 0.002058
309 0.001863
310 0.001848
311 0.001821
312 0.001628
313 0.001633
314 0.001549
315 0.001403
316 0.001407
317 0.001264
318 0.001170
319 0.001171
320 0.000860
321 0.000799
322 0.000798
323 0.000783
324 0.000785
325 0.000549
326 0.000013
327 0.000013
328 0.000013
329 0.000013
330 0.000013
331 0.000012
