0 0.339513
1 0.000001
2 0.000594
3 0.000592
4 0.000771
5 0.001433
6 0.001405
7 0.001793
8 0.002223
9 0.002160
10 0.002495
11 0.002583
12 0.002488
13 0.002895
14 0.002788
15 0.002739
16 0.003029
17 0.002953
18 0.003031
19 0.003169
20 0.003077
21 0.003195
22 0.003236
23 0.003177
24 0.003360
25 0.003351
26 0.003337
27 0.003508
28 0.003479
29 0.003517
30 0.003621
31 0.003600
32 0.003669
33 0.003720
34 0.003704
35 0.003787
36 0.003797
37 0.003785
38 0.003859
39 0.003844
40 0.003845
41 0.003874
42 0.003859
43 0.003860
44 0.003863
45 0.003853
46 0.003844
47 0.003837
48 0.003830
49 0.003798
50 0.003792
51 0.003778
52 0.003734
53 0.003733
54 0.003698
55 0.003653
56 0.003654
57 0.003583
58 0.003548
59 0.003551
60 0.003431
61 0.003420
62 0.003402
63 0.003263
64 0.003267
65 0.003201
66 0.003085
67 0.003090
68 0.002964
69 0.002883
70 0.002888
71 0.002778
72 0.002762
73 0.002735
74 0.002295
75 0.002298
76 0.002368
77 0.002575
78 0.002578
79 0.002266
80 0.001993
81 0.001995
82 0.001740
83 0.001663
84 0.001664
85 0.001774
86 0.001774
87 0.001797
88 0.001893
89 0.001891
90 0.001957
91 0.002042
92 0.002039
93 0.002158
94 0.002210
95 0.002205
96 0.002381
97 0.002387
98 0.002412
99 0.002574
100 0.002565
101 0.002636
102 0.002750
103 0.002739
104 0.002856
105 0.002920
106 0.002908
107 0.003068
108 0.003081
109 0.003087
110 0.003248
111 0.003233
112 0.003281
113 0.003392
114 0.003377
115 0.003464
116 0.003526
117 0.003510
118 0.003633
119 0.003650
120 0.003640
121 0.003782
122 0.003765
123 0.003790
124 0.003887
125 0.003870
126 0.003926
127 0.003982
128 0.003964
129 0.004049
130 0.004068
131 0.004051
132 0.004160
133 0.004147
134 0.004155
135 0.004236
136 0.004219
137 0.004254
138 0.004303
139 0.004289
140 0.004346
141 0.004367
142 0.004354
143 0.004428
144 0.004423
145 0.004421
146 0.004483
147 0.004467
148 0.004481
149 0.004516
150 0.004500
151 0.004528
152 0.004540
153 0.004526
154 0.004564
155 0.004560
156 0.004550
157 0.004586
158 0.004570
159 0.004567
160 0.004584
161 0.004567
162 0.004573
163 0.004577
164 0.004563
165 0.004574
166 0.004568
167 0.004553
168 0.004564
169 0.004548
170 0.004537
171 0.004536
172 0.004522
173 0.004515
174 0.004509
175 0.004497
176 0.004489
177 0.004478
178 0.004467
179 0.004451
180 0.004437
181 0.004422
182 0.004402
183 0.004389
184 0.004371
185 0.004350
186 0.004339
187 0.004313
188 0.004294
189 0.004283
190 0.004248
191 0.004233
192 0.004219
193 0.004175
194 0.004165
195 0.004141
196 0.004102
197 0.004093
198 0.004056
199 0.004027
200 0.004022
201 0.003973
202 0.003959
203 0.003955
204 0.003894
205 0.003895
206 0.003879
207 0.003832
208 0.003837
209 0.003803
210 0.003771
211 0.003777
212 0.003722
213 0.003708
214 0.003715
215 0.003635
216 0.003640
217 0.003629
218 0.003559
219 0.003568
220 0.003531
221 0.003479
222 0.003488
223 0.003422
224 0.003393
225 0.003403
226 0.003303
227 0.003300
228 0.003292
229 0.003186
230 0.003196
231 0.003155
232 0.003077
233 0.003085
234 0.003005
235 0.002955
236 0.002963
237 0.002843
238 0.002825
239 0.002823
240 0.002679
241 0.002686
242 0.002643
243 0.002529
244 0.002536
245 0.002447
246 0.002368
247 0.002375
248 0.002234
249 0.002195
250 0.002201
251 0.002007
252 0.002011
253 0.001968
254 0.001812
255 0.001815
256 0.001724
257 0.001621
258 0.001624
259 0.001470
260 0.001403
261 0.001406
262 0.001185
263 0.001172
264 0.001132
265 0.000933
266 0.000933
267 0.000835
268 0.000686
269 0.000688
270 0.000291
271 0.000143
272 0.000143
273 0.000143
274 0.000143
275 0.000123
276 0.000341
277 0.000341
278 0.000559
279 0.001002
280 0.001005
281 0.001357
282 0.001637
283 0.001640
284 0.002111
285 0.002234
286 0.002260
287 0.002815
288 0.002832
289 0.002989
290 0.003399
291 0.003431
292 0.003724
293 0.004027
294 0.004079
295 0.004497
296 0.004699
297 0.004775
298 0.005321
299 0.005439
300 0.005636
301 0.006104
302 0.006193
303 0.006457
304 0.006765
305 0.006830
306 0.007165
307 0.007379
308 0.007469
309 0.007896
310 0.008031
311 0.008144
312 0.008456
313 0.008466
314 0.008580
315 0.008772
316 0.008790
317 0.008949
318 0.009059
319 0.009063
320 0.009216
321 0.009248
322 0.009259
323 0.009390
324 0.009387
325 0.009411
326 0.009469
327 0.009459
328 0.009476
329 0.009487
330 0.009473
331 0.009455
