0 0.354739
1 0.000001
2 0.000359
3 0.000358
4 0.000357
5 0.000357
6 0.000356
7 0.000356
8 0.000355
9 0.000354
10 0.000353
11 0.000353
12 0.000352
13 0.000823
14 0.000853
15 0.000849
16 0.000845
17 0.000842
18 0.000933
19 0.001071
20 0.001066
21 0.001156
22 0.001205
23 0.001198
24 0.001319
25 0.001330
26 0.001336
27 0.001455
28 0.001446
29 0.001481
30 0.001563
31 0.001551
32 0.001616
33 0.001661
34 0.001649
35 0.001738
36 0.001751
37 0.001741
38 0.001846
39 0.001832
40 0.001850
41 0.001921
42 0.001906
43 0.001948
44 0.001989
45 0.001973
46 0.002037
47 0.002050
48 0.002034
49 0.002119
50 0.002105
51 0.002109
52 0.002172
53 0.002156
54 0.002181
55 0.002218
56 0.002201
57 0.002246
58 0.002259
59 0.002243
60 0.002305
61 0.002297
62 0.002292
63 0.002348
64 0.002331
65 0.002345
66 0.002379
67 0.002363
68 0.002393
69 0.002408
70 0.002392
71 0.002438
72 0.002434
73 0.002423
74 0.002474
75 0.002459
76 0.002464
77 0.002496
78 0.002481
79 0.002501
80 0.002517
81 0.002503
82 0.002536
83 0.002537
84 0.002523
85 0.002569
86 0.002555
87 0.002555
88 0.002586
89 0.002573
90 0.002586
91 0.002603
92 0.002591
93 0.002615
94 0.002619
95 0.002607
96 0.002643
97 0.002635
98 0.002632
99 0.002661
100 0.002650
101 0.002658
102 0.002676
103 0.002665
104 0.002684
105 0.002690
106 0.002680
107 0.002708
108 0.002704
109 0.002700
110 0.002727
111 0.002719
112 0.002724
113 0.002741
114 0.002733
115 0.002747
116 0.002755
117 0.002748
118 0.002769
119 0.002770
120 0.002764
121 0.002790
122 0.002784
123 0.002786
124 0.002804
125 0.002799
126 0.002808
127 0.002818
128 0.002813
129 0.002830
130 0.002833
131 0.002829
132 0.002851
133 0.002848
134 0.002850
135 0.002867
136 0.002864
137 0.002872
138 0.002883
139 0.002880
140 0.002893
141 0.002899
142 0.002897
143 0.002915
144 0.002915
145 0.002916
146 0.002933
147 0.002932
148 0.002938
149 0.002949
150 0.002948
151 0.002958
152 0.002965
153 0.002965
154 0.002978
155 0.002981
156 0.002982
157 0.002997
158 0.002998
159 0.003002
160 0.003013
161 0.003014
162 0.003022
163 0.003029
164 0.003031
165 0.003041
166 0.003046
167 0.003048
168 0.003060
169 0.003062
170 0.003067
171 0.003076
172 0.003079
173 0.003085
174 0.003093
175 0.003096
176 0.003104
177 0.003109
178 0.003113
179 0.003121
180 0.003126
181 0.003131
182 0.003139
183 0.003143
184 0.003149
185 0.003155
186 0.003161
187 0.003166
188 0.003172
189 0.003178
190 0.003182
191 0.003189
192 0.003195
193 0.003199
194 0.003205
195 0.003211
196 0.003215
197 0.003222
198 0.003226
199 0.003231
200 0.003239
201 0.003241
202 0.003248
203 0.003255
204 0.003255
205 0.003264
206 0.003270
207 0.003271
208 0.003280
209 0.003284
210 0.003287
211 0.003296
212 0.003296
213 0.003303
214 0.003312
215 0.003307
216 0.003317
217 0.003323
218 0.003317
219 0.003323
220 0.003321
221 0.003316
222 0.003321
223 0.003312
224 0.003310
225 0.003314
226 0.003297
227 0.003299
228 0.003298
229 0.003282
230 0.003285
231 0.003279
232 0.003266
233 0.003269
234 0.003256
235 0.003249
236 0.003252
237 0.003232
238 0.003230
239 0.003230
240 0.003205
241 0.003208
242 0.003200
243 0.003180
244 0.003181
245 0.003165
246 0.003150
247 0.003149
248 0.003119
249 0.003107
250 0.003102
251 0.003063
252 0.003059
253 0.003047
254 0.003016
255 0.003013
256 0.002993
257 0.002970
258 0.002967
259 0.002937
260 0.002921
261 0.002918
262 0.002876
263 0.002871
264 0.002862
265 0.002825
266 0.002824
267 0.002806
268 0.002779
269 0.002779
270 0.002749
271 0.002732
272 0.002733
273 0.002692
274 0.002685
275 0.002681
276 0.002638
277 0.002639
278 0.002623
279 0.002591
280 0.002593
281 0.002566
282 0.002545
283 0.002548
284 0.002506
285 0.002498
286 0.002498
287 0.002445
288 0.002446
289 0.002431
290 0.002390
291 0.002390
292 0.002361
293 0.002332
294 0.002333
295 0.002290
296 0.002274
297 0.002275
298 0.002215
299 0.002213
300 0.002201
301 0.002149
302 0.002150
303 0.002121
304 0.002084
305 0.002084
306 0.002039
307 0.002018
308 0.002019
309 0.001959
310 0.001954
311 0.001948
312 0.001890
313 0.001893
314 0.001869
315 0.001827
316 0.001830
317 0.001789
318 0.001762
319 0.001765
320 0.001705
321 0.001695
322 0.001695
323 0.001627
324 0.001635
325 0.001620
326 0.001576
327 0.001591
328 0.001564
329 0.001544
330 0.001568
331 0.001525
