0 0.348600
1 0.000001
2 0.000025
3 0.000025
4 0.000025
5 0.000025
6 0.000025
7 0.000025
8 0.000028
9 0.000069
10 0.000069
11 0.000068
12 0.000068
13 0.000068
14 0.000068
15 0.000076
16 0.000113
17 0.000113
18 0.000113
19 0.000113
20 0.000113
21 0.000113
22 0.000124
23 0.000158
24 0.000157
25 0.000157
26 0.000158
27 0.000157
28 0.000157
29 0.000172
30 0.000201
31 0.000200
32 0.000200
33 0.000200
34 0.000200
35 0.000200
36 0.000218
37 0.000243
38 0.000243
39 0.000242
40 0.000242
41 0.000242
42 0.000242
43 0.000263
44 0.000283
45 0.000283
46 0.000283
47 0.000283
48 0.000283
49 0.000282
50 0.000306
51 0.000323
52 0.000323
53 0.000322
54 0.000322
55 0.000321
56 0.000321
57 0.000348
58 0.000361
59 0.000361
60 0.000360
61 0.000360
62 0.000359
63 0.000359
64 0.000388
65 0.000397
66 0.000397
67 0.000396
68 0.000396
69 0.000395
70 0.000395
71 0.000426
72 0.000432
73 0.000432
74 0.000431
75 0.000430
76 0.000430
77 0.000429
78 0.000463
79 0.000465
80 0.000464
81 0.000464
82 0.000463
83 0.000462
84 0.000461
85 0.000498
86 0.000497
87 0.000496
88 0.000495
89 0.000494
90 0.000493
91 0.000495
92 0.000527
93 0.000527
94 0.000526
95 0.000525
96 0.000524
97 0.000523
98 0.000528
99 0.000556
100 0.000555
101 0.000554
102 0.000553
103 0.000552
104 0.000551
105 0.000558
106 0.000583
107 0.000582
108 0.000580
109 0.000580
110 0.000578
111 0.000577
112 0.000587
113 0.000608
114 0.000607
115 0.000606
116 0.000604
117 0.000603
118 0.000602
119 0.000614
120 0.000632
121 0.000630
122 0.000629
123 0.000628
124 0.000626
125 0.000626
126 0.000640
127 0.000654
128 0.000653
129 0.000652
130 0.000650
131 0.000649
132 0.000647
133 0.000664
134 0.000675
135 0.000674
136 0.000673
137 0.000671
138 0.000670
139 0.000669
140 0.000687
141 0.000695
142 0.000694
143 0.000692
144 0.000691
145 0.000689
146 0.000688
147 0.000708
148 0.000714
149 0.000712
150 0.000711
151 0.000709
152 0.000708
153 0.000707
154 0.000728
155 0.000731
156 0.000730
157 0.000728
158 0.000727
159 0.000725
160 0.000724
161 0.000746
162 0.000747
163 0.000746
164 0.000744
165 0.000743
166 0.000741
167 0.000740
168 0.000764
169 0.000762
170 0.000761
171 0.000759
172 0.000758
173 0.000756
174 0.000757
175 0.000778
176 0.000776
177 0.000775
178 0.000773
179 0.000771
180 0.000770
181 0.000771
182 0.000787
183 0.000786
184 0.000784
185 0.000782
186 0.000781
187 0.000779
188 0.000783
189 0.000799
190 0.000798
191 0.000796
192 0.000794
193 0.000793
194 0.000791
195 0.000797
196 0.000810
197 0.000808
198 0.000807
199 0.000805
200 0.000803
201 0.000802
202 0.000809
203 0.000821
204 0.000819
205 0.000817
206 0.000815
207 0.000814
208 0.000812
209 0.000821
210 0.000830
211 0.000828
212 0.000826
213 0.000825
214 0.000823
215 0.000822
216 0.000832
217 0.000839
218 0.000837
219 0.000835
220 0.000833
221 0.000832
222 0.000830
223 0.000842
224 0.000847
225 0.000845
226 0.000843
227 0.000842
228 0.000841
229 0.000839
230 0.000850
231 0.000853
232 0.000851
233 0.000850
234 0.000848
235 0.000846
236 0.000844
237 0.000858
238 0.000860
239 0.000858
240 0.000856
241 0.000855
242 0.000854
243 0.000852
244 0.000866
245 0.000866
246 0.000865
247 0.000863
248 0.000862
249 0.000860
250 0.000858
251 0.000874
252 0.000872
253 0.000871
254 0.000869
255 0.000868
256 0.000866
257 0.000866
258 0.000879
259 0.000878
260 0.000876
261 0.000875
262 0.000873
263 0.000872
264 0.000873
265 0.000884
266 0.000882
267 0.000880
268 0.000879
269 0.000877
270 0.000876
271 0.000878
272 0.000888
273 0.000887
274 0.000885
275 0.000884
276 0.000882
277 0.000880
278 0.000884
279 0.000892
280 0.000891
281 0.000889
282 0.000888
283 0.000887
284 0.000885
285 0.000890
286 0.000896
287 0.000895
288 0.000894
289 0.000892
290 0.000890
291 0.000889
292 0.000894
293 0.000899
294 0.000898
295 0.000896
296 0.000895
297 0.000894
298 0.000892
299 0.000898
300 0.000902
301 0.000901
302 0.000900
303 0.000898
304 0.000897
305 0.000896
306 0.000903
307 0.000906
308 0.000904
309 0.000903
310 0.000902
311 0.000900
312 0.000899
313 0.000906
314 0.000908
315 0.000906
316 0.000905
317 0.000904
318 0.000903
319 0.000901
320 0.000909
321 0.000910
322 0.000909
323 0.000908
324 0.000906
325 0.000905
326 0.000904
327 0.000913
328 0.000913
329 0.000911
330 0.000910
331 0.000909
