0 0.349421
1 0.000001
2 0.000469
3 0.000469
4 0.000677
5 0.001362
6 0.001364
7 0.001754
8 0.002202
9 0.002207
10 0.002755
11 0.002997
12 0.003008
13 0.003689
14 0.003753
15 0.003880
16 0.004451
17 0.004475
18 0.004741
19 0.005133
20 0.005163
21 0.005541
22 0.005776
23 0.005809
24 0.006266
25 0.006363
26 0.006433
27 0.006843
28 0.006858
29 0.006985
30 0.007228
31 0.007225
32 0.007395
33 0.007526
34 0.007530
35 0.007724
36 0.007777
37 0.007788
38 0.007960
39 0.007966
40 0.008001
41 0.008087
42 0.008093
43 0.008120
44 0.008148
45 0.008153
46 0.008142
47 0.008140
48 0.008142
49 0.008062
50 0.008061
51 0.008031
52 0.007912
53 0.007911
54 0.007815
55 0.007690
56 0.007680
57 0.007480
58 0.007369
59 0.007346
60 0.007015
61 0.006953
62 0.006866
63 0.006482
64 0.006440
65 0.006234
66 0.005905
67 0.005860
68 0.005504
69 0.005240
70 0.005163
71 0.004622
72 0.004448
73 0.004353
74 0.003770
75 0.003754
76 0.003555
77 0.003106
78 0.003111
79 0.002735
80 0.002404
81 0.002407
82 0.002098
83 0.002004
84 0.002006
85 0.002147
86 0.002147
87 0.002174
88 0.002279
89 0.002279
90 0.002354
91 0.002452
92 0.002450
93 0.002592
94 0.002657
95 0.002654
96 0.002874
97 0.002887
98 0.002923
99 0.003132
100 0.003126
101 0.003223
102 0.003375
103 0.003369
104 0.003526
105 0.003616
106 0.003609
107 0.003825
108 0.003852
109 0.003870
110 0.004089
111 0.004082
112 0.004156
113 0.004312
114 0.004305
115 0.004433
116 0.004529
117 0.004523
118 0.004700
119 0.004741
120 0.004744
121 0.004952
122 0.004948
123 0.005000
124 0.005151
125 0.005148
126 0.005246
127 0.005344
128 0.005342
129 0.005480
130 0.005530
131 0.005528
132 0.005701
133 0.005707
134 0.005740
135 0.005876
136 0.005875
137 0.005944
138 0.006035
139 0.006034
140 0.006134
141 0.006184
142 0.006183
143 0.006309
144 0.006323
145 0.006340
146 0.006453
147 0.006454
148 0.006498
149 0.006575
150 0.006578
151 0.006646
152 0.006693
153 0.006699
154 0.006783
155 0.006803
156 0.006813
157 0.006895
158 0.006897
159 0.006921
160 0.006975
161 0.006977
162 0.007013
163 0.007044
164 0.007046
165 0.007088
166 0.007100
167 0.007101
168 0.007144
169 0.007145
170 0.007153
171 0.007176
172 0.007178
173 0.007187
174 0.007197
175 0.007198
176 0.007203
177 0.007206
178 0.007207
179 0.007203
180 0.007204
181 0.007203
182 0.007193
183 0.007197
184 0.007191
185 0.007180
186 0.007185
187 0.007167
188 0.007159
189 0.007166
190 0.007128
191 0.007127
192 0.007127
193 0.007078
194 0.007084
195 0.007065
196 0.007023
197 0.007028
198 0.006986
199 0.006956
200 0.006962
201 0.006892
202 0.006879
203 0.006883
204 0.006783
205 0.006789
206 0.006763
207 0.006680
208 0.006686
209 0.006625
210 0.006564
211 0.006570
212 0.006471
213 0.006440
214 0.006447
215 0.006299
216 0.006301
217 0.006275
218 0.006148
219 0.006157
220 0.006086
221 0.005990
222 0.005999
223 0.005879
224 0.005823
225 0.005832
226 0.005651
227 0.005638
228 0.005618
229 0.005435
230 0.005444
231 0.005366
232 0.005225
233 0.005233
234 0.005091
235 0.004998
236 0.005005
237 0.004794
238 0.004756
239 0.004746
240 0.004496
241 0.004502
242 0.004423
243 0.004228
244 0.004234
245 0.004078
246 0.003941
247 0.003947
248 0.003710
249 0.003641
250 0.003646
251 0.003321
252 0.003325
253 0.003250
254 0.002989
255 0.002993
256 0.002830
257 0.002642
258 0.002645
259 0.002387
260 0.002278
261 0.002280
262 0.001922
263 0.001898
264 0.001833
265 0.001501
266 0.001502
267 0.001337
268 0.001090
269 0.001090
270 0.000404
271 0.000007
272 0.000007
273 0.000007
274 0.000007
275 0.000059
276 0.000585
277 0.000585
278 0.000960
279 0.001709
280 0.001707
281 0.002307
282 0.002762
283 0.002756
284 0.003546
285 0.003735
286 0.003756
287 0.004640
288 0.004624
289 0.004837
290 0.005447
291 0.005425
292 0.005797
293 0.006164
294 0.006133
295 0.006633
296 0.006789
297 0.006753
298 0.007352
299 0.007333
300 0.007413
301 0.007847
302 0.007805
303 0.007996
304 0.008253
305 0.008210
306 0.008485
307 0.008603
308 0.008565
309 0.008901
310 0.008902
311 0.008908
312 0.009176
313 0.009130
314 0.009193
315 0.009338
316 0.009298
317 0.009415
318 0.009488
319 0.009466
320 0.009608
321 0.009622
322 0.009618
323 0.009747
324 0.009741
325 0.009773
326 0.009861
327 0.009894
328 0.009960
329 0.010027
330 0.010073
331 0.010124
