0 0.320208
1 0.000001
2 0.000130
3 0.000130
4 0.000226
5 0.000272
6 0.000332
7 0.000427
8 0.000438
9 0.000578
10 0.000575
11 0.000690
12 0.000719
13 0.000784
14 0.000855
15 0.000872
16 0.000982
17 0.000973
18 0.001096
19 0.001105
20 0.001165
21 0.001208
22 0.001224
23 0.001300
24 0.001283
25 0.001387
26 0.001379
27 0.001440
28 0.001471
29 0.001503
30 0.001577
31 0.001581
32 0.001689
33 0.001692
34 0.001776
35 0.001810
36 0.001857
37 0.001922
38 0.001938
39 0.002038
40 0.002042
41 0.002128
42 0.002152
43 0.002209
44 0.002266
45 0.002290
46 0.002374
47 0.002379
48 0.002474
49 0.002491
50 0.002552
51 0.002597
52 0.002630
53 0.002707
54 0.002713
55 0.002807
56 0.002816
57 0.002883
58 0.002918
59 0.002953
60 0.003011
61 0.003015
62 0.003095
63 0.003093
64 0.003153
65 0.003172
66 0.003209
67 0.003258
68 0.003275
69 0.003352
70 0.003361
71 0.003435
72 0.003457
73 0.003506
74 0.003551
75 0.003576
76 0.003642
77 0.003650
78 0.003724
79 0.003738
80 0.003787
81 0.003819
82 0.003842
83 0.003888
84 0.003885
85 0.003945
86 0.003938
87 0.003974
88 0.003986
89 0.004003
90 0.004033
91 0.004031
92 0.004075
93 0.004069
94 0.004104
95 0.004109
96 0.004126
97 0.004146
98 0.004147
99 0.004182
100 0.004175
101 0.004207
102 0.004206
103 0.004223
104 0.004235
105 0.004238
106 0.004261
107 0.004254
108 0.004283
109 0.004278
110 0.004293
111 0.004299
112 0.004303
113 0.004319
114 0.004313
115 0.004336
116 0.004330
117 0.004344
118 0.004346
119 0.004352
120 0.004362
121 0.004360
122 0.004376
123 0.004371
124 0.004384
125 0.004384
126 0.004390
127 0.004396
128 0.004396
129 0.004407
130 0.004404
131 0.004414
132 0.004414
133 0.004419
134 0.004422
135 0.004423
136 0.004428
137 0.004428
138 0.004433
139 0.004433
140 0.004436
141 0.004437
142 0.004438
143 0.004440
144 0.004440
145 0.004441
146 0.004441
147 0.004441
148 0.004441
149 0.004440
150 0.004439
151 0.004440
152 0.004434
153 0.004436
154 0.004430
155 0.004429
156 0.004424
157 0.004420
158 0.004418
159 0.004409
160 0.004410
161 0.004396
162 0.004396
163 0.004387
164 0.004382
165 0.004378
166 0.004365
167 0.004368
168 0.004348
169 0.004351
170 0.004337
171 0.004332
172 0.004325
173 0.004312
174 0.004314
175 0.004291
176 0.004296
177 0.004275
178 0.004273
179 0.004262
180 0.004249
181 0.004249
182 0.004223
183 0.004230
184 0.004202
185 0.004203
186 0.004187
187 0.004175
188 0.004172
189 0.004146
190 0.004154
191 0.004118
192 0.004123
193 0.004101
194 0.004092
195 0.004084
196 0.004058
197 0.004067
198 0.004023
199 0.004034
200 0.004002
201 0.003997
202 0.003983
203 0.003959
204 0.003964
205 0.003918
206 0.003931
207 0.003889
208 0.003889
209 0.003868
210 0.003845
211 0.003844
212 0.003799
213 0.003813
214 0.003759
215 0.003764
216 0.003731
217 0.003712
218 0.003705
219 0.003662
220 0.003677
221 0.003604
222 0.003617
223 0.003575
224 0.003561
225 0.003542
226 0.003496
227 0.003507
228 0.003433
229 0.003450
230 0.003387
231 0.003377
232 0.003348
233 0.003307
234 0.003308
235 0.003226
236 0.003242
237 0.003166
238 0.003164
239 0.003115
240 0.003073
241 0.003063
242 0.002986
243 0.003001
244 0.002896
245 0.002900
246 0.002837
247 0.002802
248 0.002774
249 0.002689
250 0.002703
251 0.002580
252 0.002594
253 0.002502
254 0.002468
255 0.002425
256 0.002348
257 0.002346
258 0.002208
259 0.002218
260 0.002110
261 0.002087
262 0.002023
263 0.001950
264 0.001928
265 0.001790
266 0.001797
267 0.001669
268 0.001654
269 0.001574
270 0.001514
271 0.001482
272 0.001380
273 0.001384
274 0.001182
275 0.001176
276 0.001187
277 0.001194
278 0.001131
279 0.001076
280 0.001079
281 0.001098
282 0.001101
283 0.001116
284 0.001123
285 0.001134
286 0.001178
287 0.001356
288 0.003683
289 0.003653
290 0.008216
291 0.009175
292 0.011476
293 0.013632
294 0.014149
295 0.017182
296 0.016824
297 0.019695
298 0.019791
299 0.021371
300 0.022508
301 0.023211
302 0.025219
303 0.025446
304 0.028067
305 0.028700
306 0.030658
307 0.032053
308 0.033420
309 0.035333
310 0.036349
311 0.038539
312 0.039667
313 0.041454
314 0.042957
315 0.044477
316 0.046130
317 0.047676
318 0.049064
319 0.050767
320 0.051743
321 0.053499
322 0.054592
323 0.055850
324 0.057363
325 0.057351
326 0.059576
327 0.058351
328 0.060293
329 0.059575
330 0.059882
331 0.060267
