0 0.361343
1 0.000001
2 0.000392
3 0.000392
4 0.000391
5 0.000391
6 0.000390
7 0.000677
8 0.001006
9 0.001002
10 0.000999
11 0.000996
12 0.000993
13 0.001519
14 0.001549
15 0.001541
16 0.001532
17 0.001525
18 0.001722
19 0.002016
20 0.002003
21 0.001989
22 0.001976
23 0.001963
24 0.002331
25 0.002371
26 0.002352
27 0.002333
28 0.002316
29 0.002430
30 0.002673
31 0.002650
32 0.002628
33 0.002605
34 0.002584
35 0.002831
36 0.002873
37 0.002847
38 0.002822
39 0.002797
40 0.002850
41 0.003036
42 0.003008
43 0.002982
44 0.002956
45 0.002930
46 0.003082
47 0.003120
48 0.003093
49 0.003066
50 0.003041
51 0.003092
52 0.003373
53 0.003347
54 0.003322
55 0.003298
56 0.003275
57 0.003361
58 0.003393
59 0.003371
60 0.003350
61 0.003330
62 0.003343
63 0.003532
64 0.003514
65 0.003493
66 0.003474
67 0.003453
68 0.003491
69 0.003508
70 0.003487
71 0.003465
72 0.003444
73 0.003434
74 0.003569
75 0.003548
76 0.003528
77 0.003509
78 0.003490
79 0.003532
80 0.003567
81 0.003548
82 0.003531
83 0.003514
84 0.003497
85 0.003576
86 0.003559
87 0.003544
88 0.003528
89 0.003513
90 0.003535
91 0.003563
92 0.003548
93 0.003534
94 0.003520
95 0.003506
96 0.003551
97 0.003542
98 0.003529
99 0.003516
100 0.003503
101 0.003510
102 0.003529
103 0.003518
104 0.003507
105 0.003496
106 0.003486
107 0.003508
108 0.003503
109 0.003494
110 0.003485
111 0.003476
112 0.003476
113 0.003486
114 0.003479
115 0.003471
116 0.003464
117 0.003456
118 0.003462
119 0.003460
120 0.003453
121 0.003448
122 0.003441
123 0.003438
124 0.003439
125 0.003434
126 0.003429
127 0.003424
128 0.003420
129 0.003416
130 0.003412
131 0.003409
132 0.003406
133 0.003403
134 0.003398
135 0.003391
136 0.003388
137 0.003386
138 0.003384
139 0.003382
140 0.003371
141 0.003366
142 0.003365
143 0.003364
144 0.003362
145 0.003359
146 0.003342
147 0.003341
148 0.003341
149 0.003340
150 0.003340
151 0.003324
152 0.003314
153 0.003315
154 0.003314
155 0.003315
156 0.003312
157 0.003284
158 0.003284
159 0.003284
160 0.003285
161 0.003284
162 0.003449
163 0.003594
164 0.003594
165 0.003594
166 0.003595
167 0.003595
168 0.004236
169 0.004236
170 0.004237
171 0.004236
172 0.004237
173 0.004527
174 0.004860
175 0.004860
176 0.004860
177 0.004860
178 0.004860
179 0.005424
180 0.005465
181 0.005465
182 0.005464
183 0.005455
184 0.005679
185 0.006022
186 0.006026
187 0.006031
188 0.006035
189 0.006039
190 0.006529
191 0.006609
192 0.006612
193 0.006616
194 0.006619
195 0.006804
196 0.007169
197 0.007173
198 0.007176
199 0.007180
200 0.007183
201 0.007605
202 0.007712
203 0.007716
204 0.007718
205 0.007721
206 0.007858
207 0.008229
208 0.008231
209 0.008234
210 0.008237
211 0.008240
212 0.008597
213 0.008729
214 0.008732
215 0.008733
216 0.008735
217 0.008828
218 0.009200
219 0.009201
220 0.009201
221 0.009202
222 0.009202
223 0.009497
224 0.009644
225 0.009642
226 0.009641
227 0.009638
228 0.009692
229 0.010056
230 0.010052
231 0.010050
232 0.010048
233 0.010045
234 0.010278
235 0.010372
236 0.010262
237 0.010139
238 0.010016
239 0.009924
240 0.010144
241 0.010044
242 0.010004
243 0.009949
244 0.009866
245 0.009936
246 0.009985
247 0.009886
248 0.009791
249 0.009700
250 0.009655
251 0.009929
252 0.009873
253 0.009781
254 0.009693
255 0.009610
256 0.009654
257 0.009716
258 0.009680
259 0.009738
260 0.009848
261 0.009948
262 0.010283
263 0.010389
264 0.010469
265 0.010542
266 0.010611
267 0.010773
268 0.010984
269 0.011038
270 0.011088
271 0.011134
272 0.011176
273 0.011424
274 0.011489
275 0.011518
276 0.011544
277 0.011567
278 0.011665
279 0.011838
280 0.011856
281 0.011872
282 0.011886
283 0.011898
284 0.012078
285 0.012130
286 0.012137
287 0.012143
288 0.012147
289 0.012202
290 0.012346
291 0.012347
292 0.012333
293 0.012213
294 0.011974
295 0.011783
296 0.011527
297 0.011245
298 0.011035
299 0.010951
300 0.010928
301 0.010907
302 0.010654
303 0.010389
304 0.010137
305 0.009897
306 0.009734
307 0.009541
308 0.009319
309 0.009103
310 0.008892
311 0.008772
312 0.008826
313 0.008842
314 0.008769
315 0.008546
316 0.008281
317 0.008053
318 0.007807
319 0.007531
320 0.007246
321 0.006979
322 0.006796
323 0.006751
324 0.006764
325 0.007011
326 0.007307
327 0.007595
328 0.007904
329 0.008210
330 0.008310
331 0.008437
