0 0.349421
1 0.000001
2 0.000703
3 0.000911
4 0.002040
5 0.002431
6 0.003295
7 0.003846
8 0.004480
9 0.005169
10 0.005607
11 0.006410
12 0.006679
13 0.007572
14 0.007770
15 0.008578
16 0.008825
17 0.009439
18 0.009749
19 0.010163
20 0.010469
21 0.010701
22 0.011013
23 0.011147
24 0.011458
25 0.011521
26 0.011781
27 0.011823
28 0.011967
29 0.012000
30 0.012056
31 0.012051
32 0.012042
33 0.011967
34 0.011926
35 0.011752
36 0.011705
37 0.011398
38 0.011315
39 0.010916
40 0.010732
41 0.010306
42 0.009983
43 0.009555
44 0.009082
45 0.008704
46 0.008041
47 0.007679
48 0.006775
49 0.006504
50 0.005609
51 0.005400
52 0.004641
53 0.004274
54 0.003595
55 0.003292
56 0.002999
57 0.003121
58 0.003211
59 0.003369
60 0.003409
61 0.003661
62 0.003702
63 0.003975
64 0.004067
65 0.004319
66 0.004475
67 0.004679
68 0.004898
69 0.005043
70 0.005321
71 0.005403
72 0.005738
73 0.005782
74 0.006118
75 0.006182
76 0.006452
77 0.006571
78 0.006779
79 0.006948
80 0.007097
81 0.007314
82 0.007408
83 0.007667
84 0.007710
85 0.008006
86 0.008046
87 0.008284
88 0.008365
89 0.008551
90 0.008668
91 0.008804
92 0.008952
93 0.009042
94 0.009217
95 0.009266
96 0.009462
97 0.009493
98 0.009672
99 0.009718
100 0.009857
101 0.009930
102 0.010036
103 0.010127
104 0.010201
105 0.010299
106 0.010341
107 0.010442
108 0.010465
109 0.010560
110 0.010578
111 0.010645
112 0.010669
113 0.010713
114 0.010736
115 0.010762
116 0.010783
117 0.010793
118 0.010803
119 0.010807
120 0.010802
121 0.010804
122 0.010791
123 0.010790
124 0.010772
125 0.010761
126 0.010742
127 0.010712
128 0.010694
129 0.010640
130 0.010630
131 0.010546
132 0.010541
133 0.010434
134 0.010420
135 0.010319
136 0.010276
137 0.010184
138 0.010105
139 0.010030
140 0.009909
141 0.009856
142 0.009694
143 0.009672
144 0.009453
145 0.009432
146 0.009230
147 0.009170
148 0.008993
149 0.008884
150 0.008743
151 0.008573
152 0.008466
153 0.008235
154 0.008173
155 0.007871
156 0.007833
157 0.007499
158 0.007427
159 0.007137
160 0.006997
161 0.006755
162 0.006540
163 0.006352
164 0.006051
165 0.005922
166 0.005533
167 0.005471
168 0.004986
169 0.004916
170 0.004487
171 0.004329
172 0.003966
173 0.003712
174 0.003419
175 0.003063
176 0.002848
177 0.002384
178 0.002254
179 0.001676
180 0.001491
181 0.000011
182 0.000011
183 0.000010
184 0.000351
185 0.000877
186 0.001814
187 0.002560
188 0.003685
189 0.004132
190 0.005407
191 0.005613
192 0.006940
193 0.007133
194 0.008144
195 0.008486
196 0.009210
197 0.009668
198 0.010141
199 0.010691
200 0.010951
201 0.011572
202 0.011657
203 0.012320
204 0.012341
205 0.012878
206 0.012960
207 0.013325
208 0.013458
209 0.013666
210 0.013819
211 0.013917
212 0.014120
213 0.014167
214 0.014381
215 0.014389
216 0.014581
217 0.014611
218 0.014780
219 0.014891
220 0.015038
221 0.015148
222 0.015277
223 0.015441
224 0.015709
225 0.015889
226 0.016114
227 0.015993
228 0.016175
229 0.016172
230 0.016308
231 0.016065
232 0.015781
233 0.015448
234 0.015040
235 0.014746
236 0.014178
237 0.013961
238 0.013222
239 0.013056
240 0.012233
241 0.011992
242 0.011244
243 0.010835
244 0.010185
245 0.009583
246 0.009058
247 0.008240
248 0.007862
249 0.006803
250 0.006598
251 0.005271
252 0.005046
253 0.003860
254 0.003396
255 0.002374
256 0.001266
257 0.000010
258 0.000010
259 0.000010
260 0.001874
261 0.002410
262 0.003809
263 0.004030
264 0.005311
265 0.005626
266 0.006616
267 0.007098
268 0.007824
269 0.008445
270 0.008934
271 0.009668
272 0.009950
273 0.010772
274 0.010898
275 0.011744
276 0.011862
277 0.012497
278 0.012707
279 0.013157
280 0.013437
281 0.013734
282 0.014067
283 0.014239
284 0.014599
285 0.014676
286 0.015040
287 0.015080
288 0.015352
289 0.015410
290 0.015580
291 0.015647
292 0.015745
293 0.015801
294 0.015849
295 0.015876
296 0.015924
297 0.015906
298 0.015933
299 0.015823
300 0.015820
301 0.015671
302 0.015600
303 0.015434
304 0.015269
305 0.015114
306 0.014822
307 0.014681
308 0.014230
309 0.014159
310 0.013552
311 0.013473
312 0.012857
313 0.012647
314 0.012084
315 0.011706
316 0.011223
317 0.010647
318 0.010272
319 0.009469
320 0.009225
321 0.008165
322 0.007995
323 0.006818
324 0.006529
325 0.005475
326 0.004932
327 0.004029
328 0.003207
329 0.002485
330 0.001358
331 0.000848
