0 0.346421
1 0.000001
2 0.000748
3 0.000747
4 0.000746
5 0.000781
6 0.000896
7 0.000960
8 0.001040
9 0.001590
10 0.001944
11 0.002046
12 0.002073
13 0.002533
14 0.002590
15 0.002907
16 0.002987
17 0.003253
18 0.003376
19 0.003567
20 0.003743
21 0.003880
22 0.004092
23 0.004167
24 0.004428
25 0.004457
26 0.004740
27 0.004772
28 0.004997
29 0.005072
30 0.005243
31 0.005356
32 0.005476
33 0.005627
34 0.005699
35 0.005886
36 0.005913
37 0.006133
38 0.006145
39 0.006341
40 0.006378
41 0.006530
42 0.006603
43 0.006712
44 0.006818
45 0.006889
46 0.007026
47 0.007059
48 0.007223
49 0.007230
50 0.007404
51 0.007419
52 0.007554
53 0.007601
54 0.007701
55 0.007775
56 0.007846
57 0.007947
58 0.007989
59 0.008116
60 0.008132
61 0.008283
62 0.008303
63 0.008441
64 0.008488
65 0.008601
66 0.008671
67 0.008761
68 0.008854
69 0.008922
70 0.009037
71 0.009080
72 0.009212
73 0.009243
74 0.009374
75 0.009414
76 0.009523
77 0.009581
78 0.009672
79 0.009751
80 0.009825
81 0.009920
82 0.009977
83 0.010091
84 0.010123
85 0.010234
86 0.010262
87 0.010353
88 0.010393
89 0.010464
90 0.010518
91 0.010575
92 0.010639
93 0.010685
94 0.010759
95 0.010794
96 0.010878
97 0.010913
98 0.010994
99 0.011036
100 0.011107
101 0.011158
102 0.011222
103 0.011282
104 0.011341
105 0.011409
106 0.011462
107 0.011525
108 0.011560
109 0.011612
110 0.011644
111 0.011689
112 0.011728
113 0.011772
114 0.011814
115 0.011859
116 0.011900
117 0.011941
118 0.011986
119 0.012032
120 0.012076
121 0.012154
122 0.012234
123 0.012327
124 0.012280
125 0.012250
126 0.012212
127 0.012176
128 0.012156
129 0.012123
130 0.012092
131 0.012017
132 0.011979
133 0.011899
134 0.011863
135 0.011833
136 0.011837
137 0.011820
138 0.011813
139 0.011826
140 0.011807
141 0.011815
142 0.011779
143 0.011805
144 0.011757
145 0.011794
146 0.011741
147 0.011760
148 0.011756
149 0.011803
150 0.011821
151 0.011806
152 0.011783
153 0.011639
154 0.011571
155 0.011410
156 0.011362
157 0.011204
158 0.011148
159 0.011009
160 0.010933
161 0.010824
162 0.010728
163 0.010650
164 0.010534
165 0.010487
166 0.010347
167 0.010335
168 0.010167
169 0.010160
170 0.010023
171 0.009989
172 0.009878
173 0.009809
174 0.009725
175 0.009614
176 0.009556
177 0.009405
178 0.009380
179 0.009184
180 0.009171
181 0.008975
182 0.008938
183 0.008775
184 0.008697
185 0.008566
186 0.008443
187 0.008351
188 0.008182
189 0.008130
190 0.007911
191 0.007896
192 0.007639
193 0.007617
194 0.007400
195 0.007327
196 0.007150
197 0.007025
198 0.006893
199 0.006712
200 0.006627
201 0.006384
202 0.006348
203 0.006039
204 0.006013
205 0.005716
206 0.005643
207 0.005391
208 0.005252
209 0.005049
210 0.004839
211 0.004690
212 0.004406
213 0.004313
214 0.003953
215 0.003898
216 0.003438
217 0.003385
218 0.003146
219 0.002943
220 0.002572
221 0.002410
222 0.002260
223 0.001808
224 0.001595
225 0.001326
226 0.001274
227 0.000950
228 0.000805
229 0.000447
230 0.000395
231 0.000443
232 0.000578
233 0.000794
234 0.001046
235 0.001220
236 0.001549
237 0.001655
238 0.002050
239 0.002124
240 0.002717
241 0.002798
242 0.003098
243 0.003284
244 0.003595
245 0.003785
246 0.003949
247 0.004259
248 0.004390
249 0.004676
250 0.004714
251 0.005130
252 0.005170
253 0.005477
254 0.005572
255 0.005810
256 0.005955
257 0.006123
258 0.006317
259 0.006421
260 0.006659
261 0.006703
262 0.006988
263 0.007007
264 0.007274
265 0.007321
266 0.007532
267 0.007627
268 0.007786
269 0.007928
270 0.008041
271 0.008231
272 0.008298
273 0.008527
274 0.008555
275 0.008808
276 0.008841
277 0.009046
278 0.009118
279 0.009277
280 0.009387
281 0.009500
282 0.009640
283 0.009709
284 0.009879
285 0.009910
286 0.010121
287 0.010152
288 0.010350
289 0.010413
290 0.010580
291 0.010682
292 0.010821
293 0.010962
294 0.011081
295 0.011267
296 0.011370
297 0.011594
298 0.011684
299 0.011925
300 0.012032
301 0.012253
302 0.012401
303 0.012622
304 0.012839
305 0.013065
306 0.013323
307 0.013532
308 0.013808
309 0.013869
310 0.014020
311 0.014014
312 0.014113
313 0.014142
314 0.014231
315 0.014268
316 0.014389
317 0.014522
318 0.014634
319 0.014811
320 0.014893
321 0.015069
322 0.015175
323 0.015351
324 0.015456
325 0.015501
326 0.015337
327 0.015168
328 0.014985
329 0.014801
330 0.014633
331 0.014434
