0 0.361342
1 0.000001
2 0.000045
3 0.000045
4 0.000045
5 0.000072
6 0.000135
7 0.000167
8 0.000205
9 0.000254
10 0.000284
11 0.000351
12 0.000369
13 0.000457
14 0.000472
15 0.000564
16 0.000590
17 0.000673
18 0.000719
19 0.000788
20 0.000856
21 0.000911
22 0.001003
23 0.001041
24 0.001160
25 0.001181
26 0.001323
27 0.001349
28 0.001474
29 0.001526
30 0.001631
31 0.001711
32 0.001795
33 0.001906
34 0.001965
35 0.002108
36 0.002142
37 0.002319
38 0.002346
39 0.002517
40 0.002566
41 0.002711
42 0.002794
43 0.002909
44 0.003029
45 0.003113
46 0.003269
47 0.003321
48 0.003516
49 0.003542
50 0.003757
51 0.003795
52 0.003975
53 0.004050
54 0.004195
55 0.004308
56 0.004414
57 0.004560
58 0.004624
59 0.004799
60 0.004823
61 0.005027
62 0.005043
63 0.005216
64 0.005259
65 0.005393
66 0.005469
67 0.005567
68 0.005673
69 0.005740
70 0.005874
71 0.005914
72 0.006077
73 0.006104
74 0.006269
75 0.006310
76 0.006446
77 0.006514
78 0.006623
79 0.006715
80 0.006799
81 0.006915
82 0.006974
83 0.007112
84 0.007149
85 0.007305
86 0.007343
87 0.007474
88 0.007535
89 0.007647
90 0.007733
91 0.007831
92 0.007941
93 0.008028
94 0.008163
95 0.008242
96 0.008404
97 0.008493
98 0.008667
99 0.008787
100 0.008962
101 0.009103
102 0.009278
103 0.009458
104 0.009634
105 0.009840
106 0.010017
107 0.010240
108 0.010411
109 0.010646
110 0.010833
111 0.011067
112 0.011267
113 0.011486
114 0.011691
115 0.011894
116 0.012100
117 0.012293
118 0.012496
119 0.012675
120 0.012873
121 0.013154
122 0.013920
123 0.015376
124 0.017635
125 0.021254
126 0.023791
127 0.027347
128 0.029097
129 0.029159
130 0.028585
131 0.026377
132 0.020503
133 0.014440
134 0.013680
135 0.013411
136 0.013140
137 0.012835
138 0.012521
139 0.012203
140 0.011861
141 0.011539
142 0.011176
143 0.010861
144 0.010482
145 0.010171
146 0.009806
147 0.009498
148 0.009166
149 0.008875
150 0.008602
151 0.008359
152 0.008192
153 0.008083
154 0.008059
155 0.007964
156 0.007948
157 0.007846
158 0.007822
159 0.007734
160 0.007690
161 0.007615
162 0.007545
163 0.007480
164 0.007382
165 0.007335
166 0.007209
167 0.007184
168 0.007033
169 0.007009
170 0.006879
171 0.006831
172 0.006723
173 0.006652
174 0.006572
175 0.006475
176 0.006424
177 0.006296
178 0.006275
179 0.006117
180 0.006109
181 0.005951
182 0.005925
183 0.005793
184 0.005732
185 0.005625
186 0.005528
187 0.005455
188 0.005317
189 0.005278
190 0.005094
191 0.005084
192 0.004856
193 0.004838
194 0.004646
195 0.004582
196 0.004427
197 0.004312
198 0.004191
199 0.004026
200 0.003943
201 0.003707
202 0.003662
203 0.003381
204 0.003348
205 0.003076
206 0.003001
207 0.002769
208 0.002635
209 0.002446
210 0.002251
211 0.002109
212 0.001849
213 0.001757
214 0.001260
215 0.001198
216 0.001175
217 0.000942
218 0.000019
219 0.000019
220 0.000018
221 0.000018
222 0.000018
223 0.000193
224 0.000296
225 0.000464
226 0.000500
227 0.000480
228 0.000582
229 0.001593
230 0.001619
231 0.001684
232 0.001865
233 0.002090
234 0.002264
235 0.002380
236 0.002593
237 0.002660
238 0.002909
239 0.002949
240 0.003197
241 0.003252
242 0.003450
243 0.003541
244 0.003695
245 0.003819
246 0.003928
247 0.004086
248 0.004153
249 0.004339
250 0.004371
251 0.004580
252 0.004610
253 0.004780
254 0.004837
255 0.004968
256 0.005051
257 0.005149
258 0.005254
259 0.005318
260 0.005446
261 0.005479
262 0.005625
263 0.005645
264 0.005779
265 0.005810
266 0.005914
267 0.005964
268 0.006040
269 0.006104
270 0.006155
271 0.006237
272 0.006264
273 0.006248
274 0.006247
275 0.006591
276 0.006508
277 0.006230
278 0.006330
279 0.006557
280 0.006687
281 0.006839
282 0.006980
283 0.007063
284 0.006840
285 0.006789
286 0.006836
287 0.006837
288 0.006874
289 0.006876
290 0.006899
291 0.006906
292 0.006918
293 0.006924
294 0.006929
295 0.006935
296 0.006931
297 0.006934
298 0.006929
299 0.006924
300 0.006916
301 0.006906
302 0.006895
303 0.006881
304 0.006864
305 0.006849
306 0.006824
307 0.006810
308 0.006775
309 0.006763
310 0.006716
311 0.006703
312 0.006655
313 0.006634
314 0.006588
315 0.006555
316 0.006514
317 0.006466
318 0.006434
319 0.006371
320 0.006347
321 0.006264
322 0.006248
323 0.006155
324 0.006130
325 0.006048
326 0.006000
327 0.005919
328 0.005843
329 0.005772
330 0.005667
331 0.005609
