0 0.346421
1 0.000001
2 0.000499
3 0.000498
4 0.000498
5 0.000498
6 0.000498
7 0.000535
8 0.000598
9 0.000597
10 0.000663
11 0.000692
12 0.000693
13 0.001257
14 0.001297
15 0.001310
16 0.001386
17 0.001383
18 0.001514
19 0.001711
20 0.001707
21 0.001855
22 0.001939
23 0.001934
24 0.002142
25 0.002169
26 0.002186
27 0.002385
28 0.002378
29 0.002449
30 0.002595
31 0.002587
32 0.002702
33 0.002787
34 0.002779
35 0.002943
36 0.002976
37 0.002974
38 0.003167
39 0.003156
40 0.003200
41 0.003337
42 0.003327
43 0.003415
44 0.003502
45 0.003491
46 0.003619
47 0.003658
48 0.003646
49 0.003812
50 0.003806
51 0.003830
52 0.003961
53 0.003949
54 0.004012
55 0.004098
56 0.004086
57 0.004186
58 0.004229
59 0.004217
60 0.004351
61 0.004355
62 0.004364
63 0.004488
64 0.004476
65 0.004521
66 0.004606
67 0.004594
68 0.004671
69 0.004719
70 0.004708
71 0.004815
72 0.004827
73 0.004825
74 0.004943
75 0.004933
76 0.004962
77 0.005044
78 0.005034
79 0.005092
80 0.005141
81 0.005132
82 0.005218
83 0.005238
84 0.005229
85 0.005340
86 0.005332
87 0.005352
88 0.005434
89 0.005427
90 0.005473
91 0.005527
92 0.005525
93 0.005599
94 0.005630
95 0.005631
96 0.005729
97 0.005737
98 0.005755
99 0.005842
100 0.005844
101 0.005885
102 0.005946
103 0.005951
104 0.006015
105 0.006052
106 0.006057
107 0.006139
108 0.006154
109 0.006168
110 0.006251
111 0.006256
112 0.006289
113 0.006350
114 0.006354
115 0.006406
116 0.006447
117 0.006456
118 0.006525
119 0.006549
120 0.006560
121 0.006640
122 0.006651
123 0.006680
124 0.006743
125 0.006750
126 0.006789
127 0.006827
128 0.006834
129 0.006885
130 0.006906
131 0.006912
132 0.006973
133 0.006981
134 0.006998
135 0.007048
136 0.007055
137 0.007085
138 0.007120
139 0.007128
140 0.007167
141 0.007192
142 0.007201
143 0.007250
144 0.007265
145 0.007282
146 0.007328
147 0.007341
148 0.007367
149 0.007403
150 0.007417
151 0.007450
152 0.007478
153 0.007494
154 0.007534
155 0.007557
156 0.007577
157 0.007618
158 0.007638
159 0.007661
160 0.007691
161 0.007706
162 0.007727
163 0.007747
164 0.007760
165 0.007782
166 0.007799
167 0.007814
168 0.007838
169 0.007854
170 0.007872
171 0.007893
172 0.007913
173 0.007931
174 0.007948
175 0.007967
176 0.007987
177 0.008006
178 0.008028
179 0.008043
180 0.008074
181 0.008108
182 0.008142
183 0.008185
184 0.008222
185 0.008199
186 0.008190
187 0.008169
188 0.008153
189 0.008142
190 0.008117
191 0.008112
192 0.008108
193 0.008081
194 0.008076
195 0.008049
196 0.008014
197 0.008000
198 0.007966
199 0.007939
200 0.007927
201 0.007891
202 0.007895
203 0.007906
204 0.007874
205 0.007887
206 0.007885
207 0.007868
208 0.007890
209 0.007880
210 0.007867
211 0.007883
212 0.007856
213 0.007858
214 0.007876
215 0.007834
216 0.007854
217 0.007864
218 0.007825
219 0.007843
220 0.007835
221 0.007825
222 0.007865
223 0.007857
224 0.007872
225 0.007901
226 0.007851
227 0.007864
228 0.007839
229 0.007743
230 0.007727
231 0.007678
232 0.007605
233 0.007593
234 0.007523
235 0.007475
236 0.007466
237 0.007370
238 0.007345
239 0.007331
240 0.007226
241 0.007221
242 0.007184
243 0.007105
244 0.007105
245 0.007045
246 0.006993
247 0.006997
248 0.006909
249 0.006887
250 0.006895
251 0.006778
252 0.006787
253 0.006768
254 0.006681
255 0.006693
256 0.006643
257 0.006583
258 0.006596
259 0.006511
260 0.006480
261 0.006493
262 0.006368
263 0.006370
264 0.006356
265 0.006241
266 0.006252
267 0.006200
268 0.006116
269 0.006127
270 0.006035
271 0.005987
272 0.005998
273 0.005864
274 0.005853
275 0.005847
276 0.005703
277 0.005714
278 0.005666
279 0.005558
280 0.005570
281 0.005478
282 0.005410
283 0.005423
284 0.005283
285 0.005258
286 0.005264
287 0.005088
288 0.005102
289 0.005063
290 0.004929
291 0.004942
292 0.004852
293 0.004762
294 0.004777
295 0.004633
296 0.004590
297 0.004605
298 0.004405
299 0.004412
300 0.004381
301 0.004212
302 0.004226
303 0.004138
304 0.004017
305 0.004031
306 0.003881
307 0.003812
308 0.003825
309 0.003610
310 0.003596
311 0.003572
312 0.003357
313 0.003368
314 0.003279
315 0.003119
316 0.003127
317 0.002971
318 0.002869
319 0.002876
320 0.002649
321 0.002608
322 0.002592
323 0.002290
324 0.002295
325 0.002236
326 0.002096
327 0.002099
328 0.001892
329 0.001713
330 0.001716
331 0.001553
