0 0.361342
1 0.000001
2 0.000034
3 0.000034
4 0.000034
5 0.000073
6 0.000105
7 0.000105
8 0.000111
9 0.000176
10 0.000176
11 0.000176
12 0.000220
13 0.000246
14 0.000246
15 0.000257
16 0.000314
17 0.000315
18 0.000315
19 0.000362
20 0.000382
21 0.000382
22 0.000399
23 0.000448
24 0.000448
25 0.000449
26 0.000500
27 0.000514
28 0.000514
29 0.000535
30 0.000578
31 0.000578
32 0.000578
33 0.000634
34 0.000642
35 0.000642
36 0.000668
37 0.000704
38 0.000704
39 0.000704
40 0.000763
41 0.000765
42 0.000766
43 0.000795
44 0.000825
45 0.000826
46 0.000828
47 0.000885
48 0.000885
49 0.000885
50 0.000919
51 0.000943
52 0.000943
53 0.000951
54 0.001000
55 0.001000
56 0.001001
57 0.001038
58 0.001056
59 0.001057
60 0.001068
61 0.001111
62 0.001112
63 0.001112
64 0.001152
65 0.001165
66 0.001165
67 0.001181
68 0.001218
69 0.001218
70 0.001219
71 0.001261
72 0.001270
73 0.001270
74 0.001289
75 0.001320
76 0.001320
77 0.001321
78 0.001365
79 0.001370
80 0.001370
81 0.001391
82 0.001417
83 0.001417
84 0.001417
85 0.001463
86 0.001462
87 0.001462
88 0.001487
89 0.001507
90 0.001507
91 0.001511
92 0.001550
93 0.001550
94 0.001550
95 0.001577
96 0.001592
97 0.001593
98 0.001600
99 0.001634
100 0.001634
101 0.001634
102 0.001662
103 0.001674
104 0.001674
105 0.001684
106 0.001713
107 0.001712
108 0.001713
109 0.001742
110 0.001750
111 0.001750
112 0.001763
113 0.001786
114 0.001787
115 0.001787
116 0.001817
117 0.001822
118 0.001822
119 0.001836
120 0.001855
121 0.001856
122 0.001855
123 0.001886
124 0.001888
125 0.001888
126 0.001903
127 0.001919
128 0.001919
129 0.001921
130 0.001950
131 0.001950
132 0.001950
133 0.001967
134 0.001979
135 0.001979
136 0.001983
137 0.002007
138 0.002007
139 0.002007
140 0.002025
141 0.002034
142 0.002034
143 0.002039
144 0.002059
145 0.002059
146 0.002059
147 0.002077
148 0.002083
149 0.002083
150 0.002089
151 0.002106
152 0.002106
153 0.002105
154 0.002123
155 0.002127
156 0.002127
157 0.002134
158 0.002146
159 0.002146
160 0.002146
161 0.002163
162 0.002165
163 0.002164
164 0.002172
165 0.002182
166 0.002182
167 0.002182
168 0.002198
169 0.002198
170 0.002198
171 0.002206
172 0.002213
173 0.002213
174 0.002214
175 0.002227
176 0.002226
177 0.002226
178 0.002235
179 0.002239
180 0.002240
181 0.002242
182 0.002252
183 0.002253
184 0.002253
185 0.002262
186 0.002266
187 0.002266
188 0.002270
189 0.002278
190 0.002279
191 0.002280
192 0.002287
193 0.002290
194 0.002291
195 0.002294
196 0.002300
197 0.002302
198 0.002302
199 0.002309
200 0.002310
201 0.002311
202 0.002315
203 0.002318
204 0.002319
205 0.002320
206 0.002325
207 0.002326
208 0.002328
209 0.002330
210 0.002333
211 0.002334
212 0.002335
213 0.002338
214 0.002339
215 0.002341
216 0.002342
217 0.002343
218 0.002345
219 0.002346
220 0.002346
221 0.002347
222 0.002349
223 0.002348
224 0.002349
225 0.002350
226 0.002350
227 0.002349
228 0.002350
229 0.002351
230 0.002349
231 0.002349
232 0.002350
233 0.002349
234 0.002346
235 0.002347
236 0.002348
237 0.002343
238 0.002343
239 0.002344
240 0.002342
241 0.002338
242 0.002340
243 0.002342
244 0.002335
245 0.002337
246 0.002339
247 0.002336
248 0.002333
249 0.002336
250 0.002340
251 0.002330
252 0.002334
253 0.002338
254 0.002334
255 0.002331
256 0.002335
257 0.002338
258 0.002328
259 0.002332
260 0.002336
261 0.002330
262 0.002327
263 0.002331
264 0.002333
265 0.002322
266 0.002326
267 0.002331
268 0.002321
269 0.002320
270 0.002324
271 0.002324
272 0.002313
273 0.002318
274 0.002323
275 0.002310
276 0.002310
277 0.002315
278 0.002312
279 0.002301
280 0.002306
281 0.002311
282 0.002294
283 0.002296
284 0.002301
285 0.002295
286 0.002285
287 0.002290
288 0.002295
289 0.002273
290 0.002278
291 0.002283
292 0.002273
293 0.002264
294 0.002270
295 0.002274
296 0.002249
297 0.002255
298 0.002261
299 0.002247
300 0.002239
301 0.002244
302 0.002246
303 0.002222
304 0.002228
305 0.002233
306 0.002215
307 0.002208
308 0.002214
309 0.002213
310 0.002188
311 0.002195
312 0.002201
313 0.002177
314 0.002173
315 0.002179
316 0.002173
317 0.002149
318 0.002155
319 0.002162
320 0.002131
321 0.002131
322 0.002137
323 0.002126
324 0.002104
325 0.002110
326 0.002116
327 0.002079
328 0.002081
329 0.002088
330 0.002072
331 0.002051
