0 0.361343
1 0.000001
2 0.001174
3 0.001457
4 0.003009
5 0.003508
6 0.004623
7 0.005265
8 0.005972
9 0.006669
10 0.007008
11 0.007763
12 0.007828
13 0.008563
14 0.008485
15 0.009045
16 0.008988
17 0.009304
18 0.009533
19 0.010002
20 0.010070
21 0.010097
22 0.010442
23 0.010467
24 0.010530
25 0.010385
26 0.010690
27 0.010575
28 0.010693
29 0.010633
30 0.010679
31 0.010658
32 0.010648
33 0.010641
34 0.010591
35 0.010600
36 0.010531
37 0.010547
38 0.010478
39 0.010474
40 0.010419
41 0.010397
42 0.010351
43 0.010320
44 0.010278
45 0.010248
46 0.010203
47 0.010179
48 0.010125
49 0.010108
50 0.010042
51 0.010022
52 0.009958
53 0.009922
54 0.009863
55 0.010337
56 0.010791
57 0.012075
58 0.012719
59 0.014258
60 0.014590
61 0.016369
62 0.016583
63 0.018105
64 0.018630
65 0.019866
66 0.020624
67 0.021563
68 0.022536
69 0.023191
70 0.024358
71 0.024755
72 0.026107
73 0.026342
74 0.027651
75 0.027949
76 0.028974
77 0.029429
78 0.030197
79 0.030602
80 0.030052
81 0.029766
82 0.029545
83 0.029421
84 0.028854
85 0.029218
86 0.028565
87 0.029063
88 0.030267
89 0.031564
90 0.032509
91 0.033387
92 0.034196
93 0.034718
94 0.035441
95 0.035726
96 0.036413
97 0.036551
98 0.037053
99 0.035068
100 0.032971
101 0.032337
102 0.030186
103 0.028205
104 0.026358
105 0.026198
106 0.024595
107 0.022322
108 0.020200
109 0.021032
110 0.023729
111 0.025460
112 0.027796
113 0.029911
114 0.032189
115 0.035299
116 0.036291
117 0.036525
118 0.036490
119 0.036351
120 0.036251
121 0.035726
122 0.034468
123 0.033566
124 0.032424
125 0.030905
126 0.028948
127 0.029150
128 0.030197
129 0.029525
130 0.030513
131 0.031589
132 0.033048
133 0.033734
134 0.033468
135 0.034199
136 0.035920
137 0.037947
138 0.039356
139 0.038913
140 0.038290
141 0.037929
142 0.037082
143 0.036831
144 0.035867
145 0.035624
146 0.034651
147 0.034276
148 0.033467
149 0.032891
150 0.032194
151 0.031440
152 0.030921
153 0.029921
154 0.029570
155 0.028336
156 0.028096
157 0.026801
158 0.026455
159 0.025318
160 0.024734
161 0.023789
162 0.022949
163 0.022215
164 0.021086
165 0.020576
166 0.019168
167 0.018909
168 0.017179
169 0.016897
170 0.015367
171 0.014804
172 0.013566
173 0.012648
174 0.011606
175 0.010396
176 0.009665
177 0.008046
178 0.007629
179 0.005676
180 0.005344
181 0.003380
182 0.002841
183 0.001190
184 0.000679
185 0.003257
186 0.006750
187 0.009536
188 0.013755
189 0.015443
190 0.020171
191 0.020956
192 0.025913
193 0.026643
194 0.030471
195 0.031842
196 0.034408
197 0.034886
198 0.036475
199 0.038456
200 0.039518
201 0.042048
202 0.042805
203 0.045942
204 0.046851
205 0.049993
206 0.051549
207 0.054521
208 0.056752
209 0.056851
210 0.052546
211 0.049649
212 0.048850
213 0.050538
214 0.059041
215 0.063761
216 0.067225
217 0.067096
218 0.059973
219 0.058932
220 0.069123
221 0.077503
222 0.081687
223 0.082819
224 0.081361
225 0.081748
226 0.085465
227 0.077931
228 0.071025
229 0.072211
230 0.073945
231 0.075424
232 0.078526
233 0.076824
234 0.074256
235 0.071872
236 0.067645
237 0.064293
238 0.057664
239 0.052177
240 0.046790
241 0.047620
242 0.046990
243 0.047512
244 0.048429
245 0.045922
246 0.043296
247 0.039232
248 0.037181
249 0.032148
250 0.031010
251 0.024929
252 0.023801
253 0.018502
254 0.016383
255 0.011849
256 0.008650
257 0.005034
258 0.002809
259 0.001605
260 0.002034
261 0.002173
262 0.002781
263 0.002880
264 0.003481
265 0.003608
266 0.004035
267 0.004278
268 0.004645
269 0.004960
270 0.005210
271 0.005586
272 0.005735
273 0.006158
274 0.006226
275 0.006633
276 0.006702
277 0.007037
278 0.007156
279 0.007399
280 0.007556
281 0.007721
282 0.007904
283 0.008003
284 0.008198
285 0.008247
286 0.008440
287 0.008467
288 0.008607
289 0.008644
290 0.008738
291 0.008778
292 0.008831
293 0.008861
294 0.008887
295 0.008893
296 0.008906
297 0.008874
298 0.008883
299 0.008809
300 0.008802
301 0.008711
302 0.008670
303 0.008575
304 0.008484
305 0.008399
306 0.008243
307 0.008182
308 0.007946
309 0.007922
310 0.007589
311 0.007559
312 0.007226
313 0.007124
314 0.006820
315 0.006621
316 0.006361
317 0.006047
318 0.005845
319 0.005398
320 0.005269
321 0.004671
322 0.004582
323 0.003913
324 0.003753
325 0.003151
326 0.002843
327 0.002327
328 0.001855
329 0.001442
330 0.000799
331 0.000512
