0 0.361342
1 0.000001
2 0.000017
3 0.000017
4 0.000017
5 0.000017
6 0.000017
7 0.000017
8 0.000020
9 0.000053
10 0.000053
11 0.000053
12 0.000053
13 0.000053
14 0.000053
15 0.000059
16 0.000088
17 0.000088
18 0.000088
19 0.000088
20 0.000088
21 0.000088
22 0.000097
23 0.000123
24 0.000123
25 0.000123
26 0.000123
27 0.000123
28 0.000123
29 0.000135
30 0.000157
31 0.000157
32 0.000157
33 0.000157
34 0.000157
35 0.000157
36 0.000171
37 0.000191
38 0.000191
39 0.000191
40 0.000191
41 0.000191
42 0.000191
43 0.000208
44 0.000224
45 0.000224
46 0.000224
47 0.000224
48 0.000225
49 0.000224
50 0.000244
51 0.000257
52 0.000257
53 0.000257
54 0.000257
55 0.000257
56 0.000257
57 0.000278
58 0.000289
59 0.000289
60 0.000289
61 0.000290
62 0.000289
63 0.000289
64 0.000313
65 0.000321
66 0.000321
67 0.000321
68 0.000321
69 0.000321
70 0.000321
71 0.000347
72 0.000352
73 0.000352
74 0.000352
75 0.000352
76 0.000352
77 0.000352
78 0.000380
79 0.000383
80 0.000383
81 0.000383
82 0.000383
83 0.000383
84 0.000383
85 0.000413
86 0.000413
87 0.000413
88 0.000413
89 0.000413
90 0.000413
91 0.000416
92 0.000443
93 0.000443
94 0.000443
95 0.000443
96 0.000443
97 0.000443
98 0.000448
99 0.000472
100 0.000472
101 0.000472
102 0.000472
103 0.000472
104 0.000472
105 0.000479
106 0.000500
107 0.000501
108 0.000501
109 0.000501
110 0.000501
111 0.000501
112 0.000510
113 0.000529
114 0.000529
115 0.000529
116 0.000529
117 0.000529
118 0.000529
119 0.000540
120 0.000556
121 0.000556
122 0.000557
123 0.000557
124 0.000557
125 0.000557
126 0.000570
127 0.000583
128 0.000583
129 0.000583
130 0.000584
131 0.000583
132 0.000584
133 0.000599
134 0.000610
135 0.000610
136 0.000610
137 0.000610
138 0.000610
139 0.000610
140 0.000627
141 0.000635
142 0.000636
143 0.000636
144 0.000636
145 0.000636
146 0.000636
147 0.000655
148 0.000661
149 0.000661
150 0.000661
151 0.000661
152 0.000661
153 0.000661
154 0.000682
155 0.000686
156 0.000686
157 0.000686
158 0.000686
159 0.000686
160 0.000686
161 0.000707
162 0.000709
163 0.000710
164 0.000710
165 0.000710
166 0.000710
167 0.000710
168 0.000732
169 0.000733
170 0.000733
171 0.000733
172 0.000733
173 0.000732
174 0.000735
175 0.000755
176 0.000755
177 0.000755
178 0.000755
179 0.000755
180 0.000755
181 0.000758
182 0.000777
183 0.000777
184 0.000776
185 0.000777
186 0.000777
187 0.000777
188 0.000782
189 0.000798
190 0.000798
191 0.000798
192 0.000798
193 0.000798
194 0.000798
195 0.000805
196 0.000818
197 0.000818
198 0.000818
199 0.000819
200 0.000818
201 0.000818
202 0.000827
203 0.000838
204 0.000839
205 0.000838
206 0.000838
207 0.000838
208 0.000839
209 0.000848
210 0.000858
211 0.000858
212 0.000858
213 0.000858
214 0.000858
215 0.000858
216 0.000869
217 0.000877
218 0.000877
219 0.000877
220 0.000877
221 0.000877
222 0.000877
223 0.000889
224 0.000895
225 0.000895
226 0.000895
227 0.000895
228 0.000895
229 0.000895
230 0.000908
231 0.000913
232 0.000913
233 0.000913
234 0.000913
235 0.000913
236 0.000913
237 0.000927
238 0.000930
239 0.000930
240 0.000930
241 0.000930
242 0.000930
243 0.000930
244 0.000945
245 0.000946
246 0.000946
247 0.000946
248 0.000946
249 0.000946
250 0.000946
251 0.000962
252 0.000962
253 0.000962
254 0.000962
255 0.000962
256 0.000962
257 0.000963
258 0.000977
259 0.000977
260 0.000977
261 0.000977
262 0.000977
263 0.000977
264 0.000980
265 0.000992
266 0.000992
267 0.000992
268 0.000992
269 0.000992
270 0.000992
271 0.000995
272 0.001006
273 0.001006
274 0.001006
275 0.001006
276 0.001006
277 0.001006
278 0.001010
279 0.001019
280 0.001019
281 0.001019
282 0.001019
283 0.001020
284 0.001019
285 0.001025
286 0.001032
287 0.001032
288 0.001032
289 0.001032
290 0.001032
291 0.001032
292 0.001038
293 0.001044
294 0.001044
295 0.001044
296 0.001044
297 0.001044
298 0.001044
299 0.001051
300 0.001055
301 0.001055
302 0.001056
303 0.001055
304 0.001055
305 0.001055
306 0.001063
307 0.001066
308 0.001066
309 0.001066
310 0.001066
311 0.001066
312 0.001066
313 0.001074
314 0.001076
315 0.001076
316 0.001076
317 0.001076
318 0.001076
319 0.001076
320 0.001084
321 0.001085
322 0.001085
323 0.001085
324 0.001085
325 0.001085
326 0.001085
327 0.001093
328 0.001094
329 0.001094
330 0.001094
331 0.001093
