0 0.341578
1 0.000001
2 0.000104
3 0.000104
4 0.000104
5 0.000104
6 0.000104
7 0.000194
8 0.000297
9 0.000297
10 0.000297
11 0.000297
12 0.000298
13 0.000465
14 0.000477
15 0.000478
16 0.000479
17 0.000479
18 0.000546
19 0.000646
20 0.000647
21 0.000648
22 0.000649
23 0.000650
24 0.000787
25 0.000809
26 0.000811
27 0.000812
28 0.000814
29 0.000862
30 0.000957
31 0.000959
32 0.000961
33 0.000963
34 0.000965
35 0.001070
36 0.001098
37 0.001101
38 0.001104
39 0.001106
40 0.001139
41 0.001226
42 0.001230
43 0.001233
44 0.001236
45 0.001240
46 0.001318
47 0.001350
48 0.001355
49 0.001359
50 0.001364
51 0.001386
52 0.001461
53 0.001466
54 0.001471
55 0.001477
56 0.001482
57 0.001537
58 0.001567
59 0.001573
60 0.001578
61 0.001584
62 0.001597
63 0.001655
64 0.001661
65 0.001667
66 0.001673
67 0.001679
68 0.001712
69 0.001735
70 0.001741
71 0.001747
72 0.001753
73 0.001760
74 0.001793
75 0.001797
76 0.001802
77 0.001806
78 0.001811
79 0.001822
80 0.001833
81 0.001837
82 0.001842
83 0.001847
84 0.001852
85 0.001853
86 0.001857
87 0.001862
88 0.001867
89 0.001872
90 0.001867
91 0.001861
92 0.001865
93 0.001870
94 0.001875
95 0.001879
96 0.001849
97 0.001851
98 0.001855
99 0.001860
100 0.001864
101 0.001846
102 0.001818
103 0.001821
104 0.001825
105 0.001830
106 0.001834
107 0.001775
108 0.001769
109 0.001772
110 0.001776
111 0.001780
112 0.001753
113 0.001696
114 0.001699
115 0.001703
116 0.001706
117 0.001709
118 0.001626
119 0.001607
120 0.001610
121 0.001613
122 0.001616
123 0.001585
124 0.001497
125 0.001499
126 0.001501
127 0.001504
128 0.001506
129 0.001406
130 0.001371
131 0.001373
132 0.001374
133 0.001376
134 0.001347
135 0.001230
136 0.001231
137 0.001232
138 0.001234
139 0.001234
140 0.001132
141 0.001084
142 0.001084
143 0.001085
144 0.001086
145 0.001066
146 0.000947
147 0.000948
148 0.000948
149 0.000948
150 0.000949
151 0.000886
152 0.000857
153 0.000857
154 0.000857
155 0.000857
156 0.000850
157 0.000817
158 0.000817
159 0.000816
160 0.000816
161 0.000816
162 0.000839
163 0.000860
164 0.000860
165 0.000860
166 0.000859
167 0.000859
168 0.000903
169 0.000903
170 0.000902
171 0.000902
172 0.000902
173 0.000921
174 0.000944
175 0.000943
176 0.000943
177 0.000943
178 0.000942
179 0.000981
180 0.000983
181 0.000983
182 0.000982
183 0.000982
184 0.000998
185 0.001022
186 0.001022
187 0.001021
188 0.001021
189 0.001021
190 0.001054
191 0.001059
192 0.001059
193 0.001058
194 0.001058
195 0.001070
196 0.001095
197 0.001095
198 0.001094
199 0.001094
200 0.001094
201 0.001123
202 0.001130
203 0.001129
204 0.001129
205 0.001129
206 0.001138
207 0.001164
208 0.001164
209 0.001163
210 0.001163
211 0.001162
212 0.001187
213 0.001196
214 0.001196
215 0.001195
216 0.001195
217 0.001202
218 0.001227
219 0.001227
220 0.001227
221 0.001227
222 0.001226
223 0.001247
224 0.001257
225 0.001257
226 0.001257
227 0.001257
228 0.001261
229 0.001287
230 0.001287
231 0.001286
232 0.001286
233 0.001286
234 0.001303
235 0.001314
236 0.001315
237 0.001314
238 0.001314
239 0.001316
240 0.001342
241 0.001342
242 0.001341
243 0.001341
244 0.001341
245 0.001355
246 0.001367
247 0.001367
248 0.001367
249 0.001367
250 0.001367
251 0.001392
252 0.001392
253 0.001392
254 0.001392
255 0.001392
256 0.001403
257 0.001416
258 0.001416
259 0.001416
260 0.001415
261 0.001415
262 0.001437
263 0.001438
264 0.001438
265 0.001438
266 0.001438
267 0.001447
268 0.001460
269 0.001460
270 0.001460
271 0.001460
272 0.001460
273 0.001477
274 0.001480
275 0.001480
276 0.001480
277 0.001480
278 0.001486
279 0.001500
280 0.001499
281 0.001500
282 0.001499
283 0.001500
284 0.001514
285 0.001518
286 0.001518
287 0.001517
288 0.001518
289 0.001522
290 0.001534
291 0.001535
292 0.001534
293 0.001535
294 0.001535
295 0.001546
296 0.001551
297 0.001550
298 0.001551
299 0.001550
300 0.001553
301 0.001565
302 0.001565
303 0.001565
304 0.001565
305 0.001566
306 0.001575
307 0.001579
308 0.001579
309 0.001579
310 0.001579
311 0.001581
312 0.001592
313 0.001591
314 0.001591
315 0.001591
316 0.001592
317 0.001599
318 0.001602
319 0.001603
320 0.001603
321 0.001603
322 0.001604
323 0.001613
324 0.001613
325 0.001613
326 0.001613
327 0.001613
328 0.001618
329 0.001622
330 0.001622
331 0.001622
