0 0.361342
1 0.000001
2 0.000508
3 0.000508
4 0.000728
5 0.001450
6 0.001446
7 0.001845
8 0.002298
9 0.002288
10 0.002826
11 0.003044
12 0.003026
13 0.003662
14 0.003682
15 0.003759
16 0.004246
17 0.004210
18 0.004391
19 0.004673
20 0.004628
21 0.004876
22 0.004994
23 0.004948
24 0.005241
25 0.005240
26 0.005218
27 0.005453
28 0.005392
29 0.005420
30 0.005533
31 0.005473
32 0.005524
33 0.005552
34 0.005496
35 0.005549
36 0.005520
37 0.005466
38 0.005485
39 0.005427
40 0.005375
41 0.005334
42 0.005274
43 0.005202
44 0.005131
45 0.005072
46 0.004961
47 0.004885
48 0.004828
49 0.004662
50 0.004605
51 0.004520
52 0.004344
53 0.004295
54 0.004162
55 0.004006
56 0.003961
57 0.003764
58 0.003647
59 0.003608
60 0.003334
61 0.003275
62 0.003203
63 0.002916
64 0.002890
65 0.002744
66 0.002513
67 0.002492
68 0.002256
69 0.002096
70 0.002080
71 0.001741
72 0.001665
73 0.001627
74 0.001225
75 0.001219
76 0.001078
77 0.000757
78 0.000755
79 0.000493
80 0.000265
81 0.000265
82 0.000069
83 0.000012
84 0.000012
85 0.000808
86 0.000810
87 0.000934
88 0.001337
89 0.001340
90 0.001582
91 0.001860
92 0.001866
93 0.002221
94 0.002377
95 0.002382
96 0.002841
97 0.002877
98 0.002959
99 0.003354
100 0.003358
101 0.003544
102 0.003822
103 0.003826
104 0.004111
105 0.004278
106 0.004285
107 0.004666
108 0.004739
109 0.004801
110 0.005203
111 0.005234
112 0.005405
113 0.005720
114 0.005770
115 0.006054
116 0.006291
117 0.006346
118 0.006700
119 0.006802
120 0.006828
121 0.007184
122 0.007135
123 0.007171
124 0.007368
125 0.007289
126 0.007363
127 0.007430
128 0.007345
129 0.007502
130 0.007532
131 0.007501
132 0.007777
133 0.007784
134 0.007837
135 0.008055
136 0.008052
137 0.008162
138 0.008307
139 0.008303
140 0.008465
141 0.008545
142 0.008543
143 0.008752
144 0.008774
145 0.008802
146 0.008993
147 0.008993
148 0.009069
149 0.009201
150 0.009204
151 0.009326
152 0.009412
153 0.009425
154 0.009585
155 0.009620
156 0.009634
157 0.009792
158 0.009794
159 0.009843
160 0.009953
161 0.009954
162 0.010032
163 0.010107
164 0.010106
165 0.010131
166 0.009912
167 0.009466
168 0.009073
169 0.008632
170 0.008174
171 0.007707
172 0.007110
173 0.006348
174 0.005341
175 0.004214
176 0.003944
177 0.004062
178 0.004180
179 0.004332
180 0.004427
181 0.004490
182 0.004576
183 0.004710
184 0.004863
185 0.004951
186 0.004974
187 0.005057
188 0.005236
189 0.005449
190 0.005691
191 0.005921
192 0.006119
193 0.006309
194 0.006461
195 0.006569
196 0.006665
197 0.006764
198 0.006855
199 0.006955
200 0.007071
201 0.007175
202 0.007309
203 0.007461
204 0.007590
205 0.007766
206 0.007939
207 0.008098
208 0.008302
209 0.008481
210 0.008665
211 0.008890
212 0.009066
213 0.009284
214 0.009528
215 0.009683
216 0.009938
217 0.010161
218 0.010271
219 0.010422
220 0.010428
221 0.010360
222 0.010361
223 0.010257
224 0.010210
225 0.010232
226 0.010114
227 0.010125
228 0.010129
229 0.010004
230 0.010031
231 0.009990
232 0.009898
233 0.009927
234 0.009832
235 0.009778
236 0.009808
237 0.009653
238 0.009646
239 0.009661
240 0.009468
241 0.009499
242 0.009454
243 0.009306
244 0.009338
245 0.009224
246 0.009128
247 0.009161
248 0.008969
249 0.008934
250 0.008966
251 0.008689
252 0.008721
253 0.008677
254 0.008457
255 0.008490
256 0.008360
257 0.008206
258 0.008238
259 0.008012
260 0.007933
261 0.007964
262 0.007632
263 0.007636
264 0.007599
265 0.007286
266 0.007315
267 0.007173
268 0.006940
269 0.006969
270 0.006708
271 0.006568
272 0.006593
273 0.006204
274 0.006164
275 0.006138
276 0.005710
277 0.005731
278 0.005578
279 0.005246
280 0.005265
281 0.004973
282 0.004750
283 0.004767
284 0.004322
285 0.004221
286 0.004213
287 0.003648
288 0.003657
289 0.003502
290 0.003053
291 0.003061
292 0.002744
293 0.002426
294 0.002430
295 0.001691
296 0.001421
297 0.001423
298 0.001424
299 0.001426
300 0.001064
301 0.000396
302 0.000397
303 0.000391
304 0.000549
305 0.000549
306 0.002181
307 0.003031
308 0.003024
309 0.004790
310 0.004969
311 0.005201
312 0.006802
313 0.006767
314 0.007387
315 0.008466
316 0.008417
317 0.009319
318 0.009903
319 0.009846
320 0.011099
321 0.011290
322 0.011319
323 0.012620
324 0.012540
325 0.012879
326 0.013763
327 0.013679
328 0.014296
329 0.014821
330 0.014739
331 0.015599
