0 0.354739
1 0.000001
2 0.000537
3 0.000536
4 0.000535
5 0.000533
6 0.000532
7 0.000530
8 0.000529
9 0.000998
10 0.001276
11 0.001268
12 0.001260
13 0.001582
14 0.001614
15 0.001807
16 0.001845
17 0.001994
18 0.002061
19 0.002167
20 0.002259
21 0.002326
22 0.002442
23 0.002472
24 0.002609
25 0.002609
26 0.002757
27 0.002757
28 0.002868
29 0.002892
30 0.002970
31 0.003014
32 0.003061
33 0.003126
34 0.003144
35 0.003227
36 0.003219
37 0.003318
38 0.003303
39 0.003387
40 0.003385
41 0.003443
42 0.003460
43 0.003495
44 0.003528
45 0.003542
46 0.003591
47 0.003586
48 0.003648
49 0.003630
50 0.003697
51 0.003683
52 0.003730
53 0.003732
54 0.003762
55 0.003778
56 0.003792
57 0.003821
58 0.003820
59 0.003862
60 0.003848
61 0.003900
62 0.003885
63 0.003926
64 0.003922
65 0.003950
66 0.003957
67 0.003973
68 0.003991
69 0.003996
70 0.004024
71 0.004018
72 0.004055
73 0.004045
74 0.004082
75 0.004076
76 0.004103
77 0.004107
78 0.004125
79 0.004137
80 0.004147
81 0.004167
82 0.004169
83 0.004196
84 0.004191
85 0.004225
86 0.004221
87 0.004247
88 0.004250
89 0.004270
90 0.004280
91 0.004293
92 0.004310
93 0.004318
94 0.004339
95 0.004342
96 0.004369
97 0.004370
98 0.004396
99 0.004400
100 0.004420
101 0.004429
102 0.004444
103 0.004458
104 0.004469
105 0.004486
106 0.004494
107 0.004513
108 0.004519
109 0.004540
110 0.004547
111 0.004565
112 0.004575
113 0.004590
114 0.004602
115 0.004615
116 0.004629
117 0.004641
118 0.004656
119 0.004666
120 0.004682
121 0.004693
122 0.004708
123 0.004720
124 0.004733
125 0.004746
126 0.004759
127 0.004771
128 0.004784
129 0.004795
130 0.004809
131 0.004819
132 0.004834
133 0.004843
134 0.004858
135 0.004868
136 0.004881
137 0.004892
138 0.004904
139 0.004917
140 0.004926
141 0.004941
142 0.004946
143 0.004964
144 0.004964
145 0.004981
146 0.004976
147 0.004982
148 0.004974
149 0.004971
150 0.004963
151 0.004952
152 0.004946
153 0.004927
154 0.004926
155 0.004899
156 0.004899
157 0.004870
158 0.004867
159 0.004841
160 0.004830
161 0.004808
162 0.004787
163 0.004768
164 0.004736
165 0.004720
166 0.004668
167 0.004650
168 0.004588
169 0.004572
170 0.004519
171 0.004495
172 0.004450
173 0.004416
174 0.004377
175 0.004331
176 0.004302
177 0.004249
178 0.004233
179 0.004170
180 0.004158
181 0.004096
182 0.004079
183 0.004025
184 0.003997
185 0.003956
186 0.003917
187 0.003887
188 0.003836
189 0.003819
190 0.003753
191 0.003745
192 0.003666
193 0.003652
194 0.003583
195 0.003555
196 0.003497
197 0.003455
198 0.003409
199 0.003350
200 0.003318
201 0.003242
202 0.003222
203 0.003128
204 0.003113
205 0.003025
206 0.003000
207 0.002930
208 0.002892
209 0.002837
210 0.002782
211 0.002743
212 0.002669
213 0.002646
214 0.002552
215 0.002544
216 0.002445
217 0.002441
218 0.002373
219 0.002367
220 0.002332
221 0.002321
222 0.002321
223 0.002298
224 0.002331
225 0.002289
226 0.002344
227 0.002256
228 0.002314
229 0.002235
230 0.002260
231 0.002191
232 0.002172
233 0.002128
234 0.002059
235 0.002029
236 0.001892
237 0.001883
238 0.001672
239 0.001669
240 0.001420
241 0.001379
242 0.001152
243 0.001044
244 0.000848
245 0.000673
246 0.000517
247 0.000276
248 0.000166
249 0.000044
250 0.000079
251 0.000079
252 0.000093
253 0.000169
254 0.000188
255 0.000228
256 0.001031
257 0.001998
258 0.002210
259 0.002307
260 0.002532
261 0.002525
262 0.002733
263 0.002643
264 0.002763
265 0.002660
266 0.002651
267 0.002530
268 0.002397
269 0.002232
270 0.002058
271 0.001962
272 0.001891
273 0.001995
274 0.002015
275 0.002139
276 0.002156
277 0.002249
278 0.002278
279 0.002343
280 0.002383
281 0.002434
282 0.002513
283 0.002577
284 0.002697
285 0.002754
286 0.002898
287 0.002958
288 0.003103
289 0.003183
290 0.003322
291 0.003431
292 0.003565
293 0.003703
294 0.003810
295 0.003936
296 0.003997
297 0.004134
298 0.004203
299 0.004363
300 0.004438
301 0.004575
302 0.004665
303 0.004805
304 0.004975
305 0.005186
306 0.005438
307 0.005675
308 0.005986
309 0.006223
310 0.006545
311 0.006767
312 0.007074
313 0.007308
314 0.007579
315 0.007798
316 0.008007
317 0.008221
318 0.008426
319 0.008679
320 0.008885
321 0.009172
322 0.009378
323 0.009670
324 0.009873
325 0.010107
326 0.010262
327 0.010390
328 0.010450
329 0.010445
330 0.010422
331 0.010361
