0 0.345736
1 0.000001
2 0.000308
3 0.000307
4 0.000307
5 0.000307
6 0.000307
7 0.000306
8 0.000306
9 0.000582
10 0.000747
11 0.000745
12 0.000744
13 0.000939
14 0.000962
15 0.001084
16 0.001113
17 0.001210
18 0.001259
19 0.001333
20 0.001399
21 0.001451
22 0.001534
23 0.001565
24 0.001665
25 0.001678
26 0.001788
27 0.001803
28 0.001892
29 0.001924
30 0.001994
31 0.002042
32 0.002093
33 0.002157
34 0.002191
35 0.002270
36 0.002286
37 0.002380
38 0.002392
39 0.002478
40 0.002501
41 0.002570
42 0.002608
43 0.002662
44 0.002713
45 0.002752
46 0.002817
47 0.002841
48 0.002919
49 0.002932
50 0.003015
51 0.003031
52 0.003098
53 0.003127
54 0.003180
55 0.003220
56 0.003259
57 0.003310
58 0.003335
59 0.003397
60 0.003409
61 0.003480
62 0.003490
63 0.003550
64 0.003569
65 0.003616
66 0.003644
67 0.003680
68 0.003717
69 0.003742
70 0.003788
71 0.003801
72 0.003854
73 0.003862
74 0.003913
75 0.003924
76 0.003964
77 0.003982
78 0.004012
79 0.004036
80 0.004056
81 0.004086
82 0.004096
83 0.004130
84 0.004132
85 0.004171
86 0.004172
87 0.004201
88 0.004207
89 0.004227
90 0.004237
91 0.004249
92 0.004262
93 0.004267
94 0.004284
95 0.004280
96 0.004299
97 0.004291
98 0.004305
99 0.004298
100 0.004304
101 0.004299
102 0.004298
103 0.004294
104 0.004287
105 0.004283
106 0.004270
107 0.004267
108 0.004249
109 0.004243
110 0.004224
111 0.004213
112 0.004193
113 0.004176
114 0.004153
115 0.004131
116 0.004109
117 0.004087
118 0.004068
119 0.004045
120 0.004026
121 0.004005
122 0.003988
123 0.003971
124 0.003959
125 0.003950
126 0.003941
127 0.003932
128 0.003923
129 0.003913
130 0.003910
131 0.003915
132 0.003933
133 0.003952
134 0.003981
135 0.004006
136 0.004035
137 0.004062
138 0.004089
139 0.004110
140 0.004117
141 0.004132
142 0.004142
143 0.004165
144 0.004179
145 0.004210
146 0.004228
147 0.004258
148 0.004280
149 0.004307
150 0.004324
151 0.004334
152 0.004355
153 0.004368
154 0.004401
155 0.004419
156 0.004469
157 0.004492
158 0.004541
159 0.004562
160 0.004588
161 0.004594
162 0.004595
163 0.004592
164 0.004575
165 0.004574
166 0.004545
167 0.004548
168 0.004506
169 0.004507
170 0.004471
171 0.004464
172 0.004435
173 0.004420
174 0.004400
175 0.004375
176 0.004367
177 0.004333
178 0.004335
179 0.004289
180 0.004297
181 0.004251
182 0.004252
183 0.004216
184 0.004206
185 0.004181
186 0.004158
187 0.004144
188 0.004107
189 0.004105
190 0.004053
191 0.004064
192 0.004000
193 0.004008
194 0.003955
195 0.003948
196 0.003909
197 0.003885
198 0.003859
199 0.003818
200 0.003807
201 0.003746
202 0.003752
203 0.003670
204 0.003680
205 0.003602
206 0.003596
207 0.003534
208 0.003507
209 0.003461
210 0.003411
211 0.003382
212 0.003308
213 0.003298
214 0.003197
215 0.003200
216 0.003083
217 0.003077
218 0.002978
219 0.002944
220 0.002864
221 0.002801
222 0.002742
223 0.002649
224 0.002612
225 0.002487
226 0.002473
227 0.002314
228 0.002300
229 0.002154
230 0.002113
231 0.001989
232 0.001914
233 0.001815
234 0.001704
235 0.001631
236 0.001482
237 0.001438
238 0.001250
239 0.001221
240 0.001022
241 0.000976
242 0.000806
243 0.000722
244 0.000582
245 0.000459
246 0.000351
247 0.000120
248 0.000017
249 0.000017
250 0.000017
251 0.000255
252 0.000280
253 0.000419
254 0.000646
255 0.001299
256 0.001351
257 0.001412
258 0.001672
259 0.001827
260 0.002064
261 0.002127
262 0.002403
263 0.002440
264 0.002698
265 0.002757
266 0.002958
267 0.003053
268 0.003200
269 0.003330
270 0.003426
271 0.003585
272 0.003633
273 0.003821
274 0.003829
275 0.004032
276 0.004042
277 0.004196
278 0.004234
279 0.004343
280 0.004408
281 0.004477
282 0.004566
283 0.004595
284 0.004708
285 0.004701
286 0.004833
287 0.004814
288 0.004924
289 0.004920
290 0.004996
291 0.005013
292 0.005056
293 0.005093
294 0.005106
295 0.005160
296 0.005147
297 0.005216
298 0.005184
299 0.005256
300 0.005226
301 0.005271
302 0.005258
303 0.005279
304 0.005286
305 0.005291
306 0.005313
307 0.005300
308 0.005334
309 0.005300
310 0.005338
311 0.005296
312 0.005318
313 0.005287
314 0.005291
315 0.005271
316 0.005259
317 0.005249
318 0.005224
319 0.005221
320 0.005184
321 0.005189
322 0.005145
323 0.005147
324 0.005106
325 0.005097
326 0.005063
327 0.005043
328 0.005015
329 0.004986
330 0.004964
331 0.004926
