0 0.351058
1 0.000001
2 0.000072
3 0.000073
4 0.000073
5 0.000073
6 0.000073
7 0.000073
8 0.000073
9 0.000072
10 0.000073
11 0.000073
12 0.000072
13 0.000073
14 0.000073
15 0.000073
16 0.000072
17 0.000073
18 0.000073
19 0.000072
20 0.000073
21 0.000073
22 0.000072
23 0.000073
24 0.000073
25 0.000072
26 0.000073
27 0.000072
28 0.000072
29 0.000072
30 0.000073
31 0.000073
32 0.000072
33 0.000072
34 0.000072
35 0.000072
36 0.000072
37 0.000072
38 0.000072
39 0.000072
40 0.000072
41 0.000072
42 0.000072
43 0.000072
44 0.000072
45 0.000072
46 0.000072
47 0.000072
48 0.000072
49 0.000072
50 0.000072
51 0.000072
52 0.000072
53 0.000072
54 0.000072
55 0.000072
56 0.000072
57 0.000072
58 0.000072
59 0.000072
60 0.000072
61 0.000071
62 0.000072
63 0.000072
64 0.000072
65 0.000072
66 0.000072
67 0.000072
68 0.000071
69 0.000072
70 0.000072
71 0.000185
72 0.000208
73 0.000208
74 0.000207
75 0.000207
76 0.000206
77 0.000208
78 0.000207
79 0.000207
80 0.000207
81 0.000207
82 0.000206
83 0.000206
84 0.000206
85 0.000206
86 0.000206
87 0.000205
88 0.000206
89 0.000205
90 0.000205
91 0.000211
92 0.000278
93 0.000277
94 0.000277
95 0.000278
96 0.000277
97 0.000276
98 0.000277
99 0.000276
100 0.000275
101 0.000275
102 0.000275
103 0.000275
104 0.000275
105 0.000291
106 0.000339
107 0.000339
108 0.000339
109 0.000338
110 0.000338
111 0.000338
112 0.000337
113 0.000337
114 0.000337
115 0.000336
116 0.000335
117 0.000335
118 0.000335
119 0.000365
120 0.000408
121 0.000408
122 0.000407
123 0.000406
124 0.000406
125 0.000406
126 0.000405
127 0.000404
128 0.000404
129 0.000403
130 0.000403
131 0.000402
132 0.000402
133 0.000445
134 0.000475
135 0.000474
136 0.000475
137 0.000474
138 0.000473
139 0.000472
140 0.000471
141 0.000470
142 0.000470
143 0.000469
144 0.000468
145 0.000468
146 0.000467
147 0.000511
148 0.000525
149 0.000524
150 0.000523
151 0.000522
152 0.000521
153 0.000520
154 0.000555
155 0.000563
156 0.000561
157 0.000561
158 0.000560
159 0.000559
160 0.000558
161 0.000595
162 0.000598
163 0.000597
164 0.000595
165 0.000595
166 0.000593
167 0.000593
168 0.000634
169 0.000633
170 0.000632
171 0.000631
172 0.000630
173 0.000628
174 0.000631
175 0.000670
176 0.000669
177 0.000668
178 0.000666
179 0.000665
180 0.000664
181 0.000669
182 0.000709
183 0.000707
184 0.000705
185 0.000704
186 0.000703
187 0.000702
188 0.000711
189 0.000744
190 0.000743
191 0.000741
192 0.000739
193 0.000738
194 0.000737
195 0.000751
196 0.000780
197 0.000779
198 0.000777
199 0.000775
200 0.000773
201 0.000772
202 0.000791
203 0.000817
204 0.000817
205 0.000813
206 0.000814
207 0.000811
208 0.000809
209 0.000831
210 0.000852
211 0.000850
212 0.000848
213 0.000847
214 0.000845
215 0.000843
216 0.000867
217 0.000883
218 0.000882
219 0.000880
220 0.000878
221 0.000876
222 0.000874
223 0.000902
224 0.000915
225 0.000913
226 0.000911
227 0.000909
228 0.000908
229 0.000906
230 0.000935
231 0.000943
232 0.000942
233 0.000940
234 0.000938
235 0.000936
236 0.000934
237 0.000966
238 0.000972
239 0.000968
240 0.000968
241 0.000965
242 0.000963
243 0.000962
244 0.000995
245 0.000996
246 0.000994
247 0.000992
248 0.000990
249 0.000987
250 0.000987
251 0.001023
252 0.001020
253 0.001019
254 0.001017
255 0.001015
256 0.001013
257 0.001014
258 0.001045
259 0.001043
260 0.001041
261 0.001039
262 0.001037
263 0.001035
264 0.001038
265 0.001068
266 0.001065
267 0.001063
268 0.001061
269 0.001059
270 0.001057
271 0.001064
272 0.001087
273 0.001085
274 0.001083
275 0.001082
276 0.001079
277 0.001077
278 0.001086
279 0.001107
280 0.001105
281 0.001104
282 0.001101
283 0.001100
284 0.001097
285 0.001109
286 0.001124
287 0.001125
288 0.001121
289 0.001121
290 0.001118
291 0.001116
292 0.001130
293 0.001143
294 0.001142
295 0.001140
296 0.001138
297 0.001137
298 0.001134
299 0.001150
300 0.001161
301 0.001158
302 0.001157
303 0.001155
304 0.001153
305 0.001152
306 0.001169
307 0.001178
308 0.001176
309 0.001174
310 0.001172
311 0.001171
312 0.001169
313 0.001188
314 0.001193
315 0.001191
316 0.001190
317 0.001188
318 0.001186
319 0.001185
320 0.001205
321 0.001210
322 0.001207
323 0.001206
324 0.001204
325 0.001202
326 0.001201
327 0.001223
328 0.001223
329 0.001222
330 0.001220
331 0.001219
