0 0.345736
1 0.000001
2 0.000206
3 0.000205
4 0.000205
5 0.000205
6 0.000205
7 0.000205
8 0.000204
9 0.000205
10 0.000204
11 0.000204
12 0.000204
13 0.000480
14 0.000499
15 0.000498
16 0.000497
17 0.000496
18 0.000552
19 0.000635
20 0.000634
21 0.000691
22 0.000723
23 0.000721
24 0.000797
25 0.000807
26 0.000814
27 0.000891
28 0.000889
29 0.000915
30 0.000970
31 0.000968
32 0.001013
33 0.001046
34 0.001044
35 0.001107
36 0.001120
37 0.001121
38 0.001194
39 0.001192
40 0.001210
41 0.001264
42 0.001261
43 0.001297
44 0.001332
45 0.001329
46 0.001381
47 0.001398
48 0.001396
49 0.001463
50 0.001463
51 0.001475
52 0.001529
53 0.001527
54 0.001555
55 0.001592
56 0.001590
57 0.001633
58 0.001654
59 0.001653
60 0.001710
61 0.001715
62 0.001723
63 0.001778
64 0.001777
65 0.001799
66 0.001838
67 0.001837
68 0.001873
69 0.001897
70 0.001896
71 0.001946
72 0.001955
73 0.001959
74 0.002013
75 0.002013
76 0.002029
77 0.002069
78 0.002069
79 0.002098
80 0.002123
81 0.002123
82 0.002164
83 0.002176
84 0.002176
85 0.002228
86 0.002228
87 0.002239
88 0.002278
89 0.002277
90 0.002299
91 0.002325
92 0.002325
93 0.002357
94 0.002370
95 0.002370
96 0.002413
97 0.002415
98 0.002422
99 0.002459
100 0.002458
101 0.002475
102 0.002500
103 0.002499
104 0.002525
105 0.002540
106 0.002539
107 0.002574
108 0.002578
109 0.002581
110 0.002615
111 0.002614
112 0.002625
113 0.002649
114 0.002648
115 0.002667
116 0.002681
117 0.002679
118 0.002706
119 0.002711
120 0.002710
121 0.002740
122 0.002738
123 0.002744
124 0.002765
125 0.002762
126 0.002775
127 0.002787
128 0.002784
129 0.002802
130 0.002807
131 0.002804
132 0.002827
133 0.002824
134 0.002826
135 0.002843
136 0.002839
137 0.002845
138 0.002855
139 0.002851
140 0.002862
141 0.002864
142 0.002860
143 0.002874
144 0.002871
145 0.002868
146 0.002880
147 0.002874
148 0.002874
149 0.002880
150 0.002873
151 0.002876
152 0.002876
153 0.002868
154 0.002874
155 0.002868
156 0.002861
157 0.002866
158 0.002858
159 0.002853
160 0.002853
161 0.002844
162 0.002840
163 0.002836
164 0.002826
165 0.002823
166 0.002815
167 0.002804
168 0.002802
169 0.002790
170 0.002780
171 0.002773
172 0.002760
173 0.002751
174 0.002742
175 0.002731
176 0.002723
177 0.002713
178 0.002702
179 0.002695
180 0.002685
181 0.002676
182 0.002669
183 0.002660
184 0.002653
185 0.002647
186 0.002643
187 0.002639
188 0.002635
189 0.002631
190 0.002626
191 0.002623
192 0.002619
193 0.002614
194 0.002612
195 0.002612
196 0.002615
197 0.002623
198 0.002630
199 0.002640
200 0.002654
201 0.002663
202 0.002677
203 0.002691
204 0.002699
205 0.002714
206 0.002727
207 0.002735
208 0.002746
209 0.002749
210 0.002751
211 0.002761
212 0.002763
213 0.002771
214 0.002783
215 0.002784
216 0.002800
217 0.002812
218 0.002817
219 0.002833
220 0.002842
221 0.002851
222 0.002868
223 0.002874
224 0.002883
225 0.002895
226 0.002890
227 0.002901
228 0.002915
229 0.002913
230 0.002931
231 0.002943
232 0.002951
233 0.002975
234 0.002986
235 0.003001
236 0.003027
237 0.003031
238 0.003048
239 0.003066
240 0.003056
241 0.003070
242 0.003072
243 0.003061
244 0.003068
245 0.003058
246 0.003050
247 0.003056
248 0.003036
249 0.003034
250 0.003039
251 0.003008
252 0.003013
253 0.003009
254 0.002985
255 0.002990
256 0.002976
257 0.002961
258 0.002966
259 0.002944
260 0.002937
261 0.002943
262 0.002910
263 0.002914
264 0.002914
265 0.002885
266 0.002893
267 0.002882
268 0.002862
269 0.002871
270 0.002849
271 0.002840
272 0.002848
273 0.002814
274 0.002817
275 0.002821
276 0.002784
277 0.002793
278 0.002785
279 0.002759
280 0.002769
281 0.002747
282 0.002732
283 0.002743
284 0.002707
285 0.002706
286 0.002715
287 0.002667
288 0.002678
289 0.002672
290 0.002637
291 0.002648
292 0.002627
293 0.002606
294 0.002617
295 0.002579
296 0.002572
297 0.002584
298 0.002528
299 0.002537
300 0.002535
301 0.002488
302 0.002500
303 0.002480
304 0.002448
305 0.002461
306 0.002420
307 0.002406
308 0.002418
309 0.002357
310 0.002361
311 0.002361
312 0.002300
313 0.002312
314 0.002292
315 0.002248
316 0.002259
317 0.002216
318 0.002191
319 0.002203
320 0.002135
321 0.002130
322 0.002135
323 0.002054
324 0.002065
325 0.002045
326 0.001984
327 0.001994
328 0.001947
329 0.001908
330 0.001917
331 0.001843
