0 0.361342
1 0.000001
2 0.000015
3 0.000015
4 0.000015
5 0.000015
6 0.000015
7 0.000015
8 0.000015
9 0.000015
10 0.000015
11 0.000015
12 0.000015
13 0.000043
14 0.000045
15 0.000045
16 0.000045
17 0.000045
18 0.000054
19 0.000068
20 0.000068
21 0.000068
22 0.000069
23 0.000069
24 0.000091
25 0.000095
26 0.000095
27 0.000094
28 0.000094
29 0.000104
30 0.000123
31 0.000123
32 0.000123
33 0.000123
34 0.000123
35 0.000148
36 0.000155
37 0.000154
38 0.000154
39 0.000155
40 0.000163
41 0.000188
42 0.000188
43 0.000188
44 0.000188
45 0.000188
46 0.000214
47 0.000224
48 0.000224
49 0.000224
50 0.000224
51 0.000232
52 0.000263
53 0.000263
54 0.000263
55 0.000263
56 0.000263
57 0.000290
58 0.000304
59 0.000304
60 0.000304
61 0.000304
62 0.000310
63 0.000347
64 0.000347
65 0.000347
66 0.000347
67 0.000347
68 0.000375
69 0.000393
70 0.000393
71 0.000393
72 0.000393
73 0.000396
74 0.000442
75 0.000441
76 0.000441
77 0.000441
78 0.000441
79 0.000468
80 0.000492
81 0.000492
82 0.000491
83 0.000491
84 0.000491
85 0.000545
86 0.000545
87 0.000544
88 0.000544
89 0.000544
90 0.000570
91 0.000599
92 0.000599
93 0.000599
94 0.000599
95 0.000599
96 0.000653
97 0.000656
98 0.000656
99 0.000656
100 0.000656
101 0.000680
102 0.000716
103 0.000716
104 0.000715
105 0.000715
106 0.000715
107 0.000769
108 0.000777
109 0.000777
110 0.000777
111 0.000776
112 0.000797
113 0.000841
114 0.000840
115 0.000840
116 0.000840
117 0.000839
118 0.000893
119 0.000906
120 0.000905
121 0.000905
122 0.000904
123 0.000922
124 0.000973
125 0.000973
126 0.000972
127 0.000971
128 0.000971
129 0.001023
130 0.001042
131 0.001041
132 0.001040
133 0.001039
134 0.001053
135 0.001113
136 0.001111
137 0.001111
138 0.001110
139 0.001109
140 0.001159
141 0.001184
142 0.001182
143 0.001182
144 0.001181
145 0.001190
146 0.001257
147 0.001256
148 0.001255
149 0.001254
150 0.001253
151 0.001300
152 0.001330
153 0.001329
154 0.001328
155 0.001326
156 0.001331
157 0.001406
158 0.001405
159 0.001403
160 0.001402
161 0.001400
162 0.001443
163 0.001480
164 0.001479
165 0.001477
166 0.001475
167 0.001473
168 0.001553
169 0.001551
170 0.001549
171 0.001547
172 0.001545
173 0.001580
174 0.001620
175 0.001618
176 0.001616
177 0.001614
178 0.001612
179 0.001681
180 0.001684
181 0.001682
182 0.001680
183 0.001678
184 0.001705
185 0.001747
186 0.001745
187 0.001743
188 0.001741
189 0.001740
190 0.001799
191 0.001806
192 0.001805
193 0.001803
194 0.001801
195 0.001822
196 0.001866
197 0.001864
198 0.001863
199 0.001861
200 0.001860
201 0.001911
202 0.001923
203 0.001922
204 0.001920
205 0.001919
206 0.001935
207 0.001981
208 0.001980
209 0.001979
210 0.001978
211 0.001977
212 0.002022
213 0.002038
214 0.002038
215 0.002038
216 0.002037
217 0.002049
218 0.002096
219 0.002096
220 0.002097
221 0.002097
222 0.002097
223 0.002136
224 0.002155
225 0.002156
226 0.002156
227 0.002157
228 0.002164
229 0.002212
230 0.002213
231 0.002214
232 0.002215
233 0.002216
234 0.002249
235 0.002271
236 0.002272
237 0.002273
238 0.002274
239 0.002279
240 0.002327
241 0.002328
242 0.002330
243 0.002332
244 0.002333
245 0.002361
246 0.002385
247 0.002386
248 0.002388
249 0.002390
250 0.002392
251 0.002441
252 0.002442
253 0.002444
254 0.002446
255 0.002448
256 0.002471
257 0.002496
258 0.002499
259 0.002501
260 0.002503
261 0.002505
262 0.002548
263 0.002553
264 0.002556
265 0.002559
266 0.002562
267 0.002581
268 0.002610
269 0.002613
270 0.002617
271 0.002621
272 0.002625
273 0.002663
274 0.002672
275 0.002677
276 0.002682
277 0.002687
278 0.002705
279 0.002735
280 0.002741
281 0.002746
282 0.002752
283 0.002759
284 0.002794
285 0.002809
286 0.002815
287 0.002823
288 0.002832
289 0.002849
290 0.002883
291 0.002892
292 0.002902
293 0.002912
294 0.002923
295 0.002958
296 0.002979
297 0.002990
298 0.003001
299 0.003013
300 0.003031
301 0.003067
302 0.003080
303 0.003094
304 0.003108
305 0.003124
306 0.003157
307 0.003182
308 0.003198
309 0.003213
310 0.003229
311 0.003249
312 0.003290
313 0.003307
314 0.003324
315 0.003342
316 0.003359
317 0.003393
318 0.003420
319 0.003438
320 0.003456
321 0.003475
322 0.003494
323 0.003535
324 0.003554
325 0.003573
326 0.003592
327 0.003613
328 0.003644
329 0.003675
330 0.003696
331 0.003716
