0 0.339513
1 0.000001
2 0.000298
3 0.000297
4 0.000297
5 0.000296
6 0.000296
7 0.000484
8 0.000725
9 0.000718
10 0.000711
11 0.000704
12 0.000697
13 0.001119
14 0.001132
15 0.001116
16 0.001100
17 0.001084
18 0.001185
19 0.001347
20 0.001322
21 0.001297
22 0.001274
23 0.001250
24 0.001473
25 0.001474
26 0.001436
27 0.001400
28 0.001367
29 0.001415
30 0.001543
31 0.001522
32 0.001503
33 0.001483
34 0.001465
35 0.001601
36 0.001616
37 0.001592
38 0.001568
39 0.001545
40 0.001567
41 0.001664
42 0.001643
43 0.001625
44 0.001609
45 0.001595
46 0.001682
47 0.001705
48 0.001693
49 0.001683
50 0.001673
51 0.001687
52 0.001770
53 0.001762
54 0.001754
55 0.001747
56 0.001741
57 0.001799
58 0.001824
59 0.001819
60 0.001813
61 0.001808
62 0.001814
63 0.001877
64 0.001873
65 0.001869
66 0.001864
67 0.001861
68 0.001894
69 0.001915
70 0.001911
71 0.001907
72 0.001904
73 0.001903
74 0.001943
75 0.001939
76 0.001935
77 0.001932
78 0.001928
79 0.001940
80 0.001950
81 0.001946
82 0.001943
83 0.001939
84 0.001935
85 0.001947
86 0.001944
87 0.001941
88 0.001938
89 0.001936
90 0.001933
91 0.001932
92 0.001930
93 0.001928
94 0.001926
95 0.001924
96 0.001910
97 0.001908
98 0.001906
99 0.001905
100 0.001904
101 0.001892
102 0.001876
103 0.001875
104 0.001875
105 0.001875
106 0.001875
107 0.001839
108 0.001834
109 0.001834
110 0.001835
111 0.001835
112 0.001817
113 0.001781
114 0.001781
115 0.001782
116 0.001782
117 0.001783
118 0.001728
119 0.001715
120 0.001716
121 0.001717
122 0.001718
123 0.001696
124 0.001637
125 0.001638
126 0.001639
127 0.001640
128 0.001641
129 0.001571
130 0.001547
131 0.001548
132 0.001549
133 0.001550
134 0.001530
135 0.001444
136 0.001445
137 0.001446
138 0.001447
139 0.001449
140 0.001403
141 0.001382
142 0.001383
143 0.001385
144 0.001386
145 0.001355
146 0.001149
147 0.001150
148 0.001151
149 0.001152
150 0.001153
151 0.001227
152 0.001289
153 0.001290
154 0.001291
155 0.001292
156 0.001273
157 0.000997
158 0.000997
159 0.000998
160 0.000998
161 0.000999
162 0.000910
163 0.000832
164 0.000832
165 0.000833
166 0.000833
167 0.000833
168 0.000888
169 0.000888
170 0.000888
171 0.000888
172 0.000888
173 0.000913
174 0.000948
175 0.000947
176 0.000947
177 0.000946
178 0.000946
179 0.001018
180 0.001023
181 0.001022
182 0.001021
183 0.001020
184 0.001054
185 0.001109
186 0.001108
187 0.001106
188 0.001105
189 0.001104
190 0.001186
191 0.001198
192 0.001196
193 0.001195
194 0.001192
195 0.001224
196 0.001290
197 0.001288
198 0.001286
199 0.001283
200 0.001281
201 0.001361
202 0.001379
203 0.001376
204 0.001373
205 0.001371
206 0.001395
207 0.001467
208 0.001464
209 0.001461
210 0.001458
211 0.001455
212 0.001525
213 0.001548
214 0.001545
215 0.001542
216 0.001538
217 0.001554
218 0.001629
219 0.001625
220 0.001621
221 0.001618
222 0.001614
223 0.001673
224 0.001701
225 0.001697
226 0.001693
227 0.001689
228 0.001698
229 0.001772
230 0.001768
231 0.001764
232 0.001760
233 0.001756
234 0.001804
235 0.001835
236 0.001830
237 0.001826
238 0.001822
239 0.001824
240 0.001896
241 0.001892
242 0.001887
243 0.001883
244 0.001879
245 0.001917
246 0.001948
247 0.001944
248 0.001940
249 0.001936
250 0.001931
251 0.002001
252 0.001996
253 0.001992
254 0.001987
255 0.001983
256 0.002011
257 0.002044
258 0.002039
259 0.002034
260 0.002030
261 0.002026
262 0.002082
263 0.002083
264 0.002078
265 0.002074
266 0.002070
267 0.002090
268 0.002122
269 0.002118
270 0.002114
271 0.002110
272 0.002107
273 0.002152
274 0.002156
275 0.002152
276 0.002148
277 0.002145
278 0.002159
279 0.002191
280 0.002187
281 0.002184
282 0.002181
283 0.002177
284 0.002213
285 0.002219
286 0.002215
287 0.002212
288 0.002208
289 0.002217
290 0.002245
291 0.002241
292 0.002238
293 0.002234
294 0.002230
295 0.002255
296 0.002262
297 0.002258
298 0.002254
299 0.002250
300 0.002254
301 0.002279
302 0.002274
303 0.002270
304 0.002267
305 0.002263
306 0.002281
307 0.002288
308 0.002284
309 0.002280
310 0.002277
311 0.002277
312 0.002297
313 0.002293
314 0.002289
315 0.002285
316 0.002281
317 0.002291
318 0.002296
319 0.002292
320 0.002288
321 0.002284
322 0.002281
323 0.002296
324 0.002292
325 0.002289
326 0.002285
327 0.002281
328 0.002287
329 0.002291
330 0.002287
331 0.002284
