0 0.345736
1 0.000001
2 0.000103
3 0.000103
4 0.000103
5 0.000103
6 0.000103
7 0.000102
8 0.000103
9 0.000102
10 0.000103
11 0.000102
12 0.000102
13 0.000102
14 0.000102
15 0.000102
16 0.000102
17 0.000102
18 0.000102
19 0.000102
20 0.000102
21 0.000102
22 0.000102
23 0.000102
24 0.000230
25 0.000250
26 0.000250
27 0.000250
28 0.000249
29 0.000249
30 0.000249
31 0.000249
32 0.000248
33 0.000248
34 0.000248
35 0.000304
36 0.000318
37 0.000318
38 0.000318
39 0.000317
40 0.000329
41 0.000362
42 0.000362
43 0.000362
44 0.000361
45 0.000361
46 0.000393
47 0.000405
48 0.000404
49 0.000404
50 0.000403
51 0.000412
52 0.000446
53 0.000446
54 0.000445
55 0.000445
56 0.000444
57 0.000472
58 0.000486
59 0.000485
60 0.000485
61 0.000484
62 0.000489
63 0.000525
64 0.000524
65 0.000523
66 0.000523
67 0.000522
68 0.000546
69 0.000562
70 0.000561
71 0.000560
72 0.000560
73 0.000562
74 0.000598
75 0.000598
76 0.000597
77 0.000596
78 0.000596
79 0.000616
80 0.000633
81 0.000633
82 0.000632
83 0.000631
84 0.000631
85 0.000668
86 0.000667
87 0.000666
88 0.000666
89 0.000665
90 0.000682
91 0.000701
92 0.000700
93 0.000700
94 0.000699
95 0.000699
96 0.000732
97 0.000733
98 0.000733
99 0.000732
100 0.000732
101 0.000745
102 0.000766
103 0.000765
104 0.000765
105 0.000764
106 0.000764
107 0.000793
108 0.000797
109 0.000797
110 0.000796
111 0.000796
112 0.000807
113 0.000829
114 0.000828
115 0.000828
116 0.000828
117 0.000827
118 0.000853
119 0.000859
120 0.000859
121 0.000859
122 0.000859
123 0.000867
124 0.000890
125 0.000890
126 0.000890
127 0.000890
128 0.000889
129 0.000912
130 0.000920
131 0.000920
132 0.000920
133 0.000920
134 0.000926
135 0.000950
136 0.000950
137 0.000950
138 0.000950
139 0.000949
140 0.000969
141 0.000979
142 0.000979
143 0.000979
144 0.000979
145 0.000983
146 0.001008
147 0.001008
148 0.001008
149 0.001008
150 0.001008
151 0.001025
152 0.001036
153 0.001036
154 0.001036
155 0.001036
156 0.001038
157 0.001063
158 0.001063
159 0.001063
160 0.001063
161 0.001063
162 0.001078
163 0.001090
164 0.001090
165 0.001090
166 0.001090
167 0.001090
168 0.001116
169 0.001116
170 0.001116
171 0.001116
172 0.001115
173 0.001127
174 0.001141
175 0.001141
176 0.001140
177 0.001140
178 0.001140
179 0.001163
180 0.001165
181 0.001164
182 0.001164
183 0.001164
184 0.001174
185 0.001188
186 0.001187
187 0.001188
188 0.001187
189 0.001187
190 0.001207
191 0.001210
192 0.001210
193 0.001210
194 0.001210
195 0.001217
196 0.001232
197 0.001232
198 0.001231
199 0.001231
200 0.001231
201 0.001249
202 0.001252
203 0.001252
204 0.001252
205 0.001252
206 0.001257
207 0.001273
208 0.001273
209 0.001272
210 0.001272
211 0.001272
212 0.001287
213 0.001292
214 0.001291
215 0.001292
216 0.001291
217 0.001295
218 0.001310
219 0.001310
220 0.001310
221 0.001310
222 0.001309
223 0.001321
224 0.001327
225 0.001327
226 0.001327
227 0.001326
228 0.001329
229 0.001344
230 0.001344
231 0.001343
232 0.001343
233 0.001342
234 0.001353
235 0.001359
236 0.001359
237 0.001358
238 0.001358
239 0.001358
240 0.001373
241 0.001373
242 0.001372
243 0.001372
244 0.001371
245 0.001379
246 0.001386
247 0.001385
248 0.001385
249 0.001384
250 0.001383
251 0.001398
252 0.001397
253 0.001397
254 0.001396
255 0.001395
256 0.001401
257 0.001408
258 0.001407
259 0.001407
260 0.001406
261 0.001405
262 0.001417
263 0.001417
264 0.001416
265 0.001415
266 0.001414
267 0.001419
268 0.001425
269 0.001425
270 0.001424
271 0.001423
272 0.001421
273 0.001431
274 0.001432
275 0.001431
276 0.001430
277 0.001429
278 0.001431
279 0.001438
280 0.001437
281 0.001435
282 0.001435
283 0.001433
284 0.001441
285 0.001441
286 0.001440
287 0.001439
288 0.001437
289 0.001439
290 0.001445
291 0.001443
292 0.001442
293 0.001440
294 0.001439
295 0.001444
296 0.001445
297 0.001443
298 0.001441
299 0.001440
300 0.001440
301 0.001445
302 0.001443
303 0.001441
304 0.001440
305 0.001437
306 0.001441
307 0.001442
308 0.001439
309 0.001437
310 0.001436
311 0.001434
312 0.001438
313 0.001437
314 0.001434
315 0.001432
316 0.001430
317 0.001432
318 0.001432
319 0.001430
320 0.001427
321 0.001425
322 0.001423
323 0.001426
324 0.001423
325 0.001421
326 0.001418
327 0.001416
328 0.001416
329 0.001416
330 0.001413
331 0.001411
