0 0.361343
1 0.000001
2 0.000784
3 0.000782
4 0.001066
5 0.002009
6 0.001995
7 0.002511
8 0.003090
9 0.003057
10 0.003739
11 0.003994
12 0.003941
13 0.004704
14 0.004688
15 0.004749
16 0.005326
17 0.005236
18 0.005419
19 0.005724
20 0.005624
21 0.005892
22 0.005996
23 0.005892
24 0.006211
25 0.006167
26 0.006141
27 0.006731
28 0.006632
29 0.006650
30 0.006779
31 0.006695
32 0.006893
33 0.007024
34 0.006942
35 0.007014
36 0.006966
37 0.006892
38 0.007132
39 0.007052
40 0.007037
41 0.007131
42 0.007060
43 0.007088
44 0.007119
45 0.007057
46 0.007113
47 0.007097
48 0.007040
49 0.007107
50 0.007059
51 0.007028
52 0.007061
53 0.007017
54 0.007007
55 0.007011
56 0.006975
57 0.006975
58 0.006962
59 0.006932
60 0.006935
61 0.006913
62 0.006891
63 0.006883
64 0.006864
65 0.006845
66 0.006832
67 0.006818
68 0.006797
69 0.006783
70 0.006775
71 0.006745
72 0.006736
73 0.006729
74 0.006689
75 0.006687
76 0.006670
77 0.006634
78 0.006634
79 0.006599
80 0.006572
81 0.006572
82 0.007046
83 0.007191
84 0.007192
85 0.008475
86 0.008476
87 0.008767
88 0.009723
89 0.009723
90 0.010287
91 0.010934
92 0.010912
93 0.011699
94 0.012065
95 0.012081
96 0.013147
97 0.013237
98 0.013432
99 0.014352
100 0.014366
101 0.014798
102 0.015438
103 0.015449
104 0.016097
105 0.016476
106 0.016489
107 0.017340
108 0.017478
109 0.017575
110 0.018413
111 0.018416
112 0.018711
113 0.019298
114 0.019289
115 0.019758
116 0.020113
117 0.020104
118 0.020595
119 0.020279
120 0.019815
121 0.020071
122 0.019879
123 0.019672
124 0.019737
125 0.019359
126 0.019521
127 0.019514
128 0.019168
129 0.019232
130 0.019419
131 0.019852
132 0.020724
133 0.021057
134 0.021424
135 0.022060
136 0.022255
137 0.022629
138 0.023030
139 0.023131
140 0.023522
141 0.023744
142 0.023797
143 0.024221
144 0.024291
145 0.024359
146 0.024702
147 0.024428
148 0.023423
149 0.022444
150 0.021849
151 0.021651
152 0.020704
153 0.019704
154 0.018946
155 0.018096
156 0.017423
157 0.017591
158 0.017004
159 0.015979
160 0.014974
161 0.013880
162 0.013415
163 0.014016
164 0.015200
165 0.016418
166 0.016916
167 0.017919
168 0.019066
169 0.019875
170 0.020769
171 0.022095
172 0.023501
173 0.024094
174 0.024227
175 0.024306
176 0.024286
177 0.024242
178 0.024170
179 0.024166
180 0.024005
181 0.023703
182 0.023047
183 0.022692
184 0.022260
185 0.021755
186 0.021168
187 0.020429
188 0.019535
189 0.018909
190 0.019207
191 0.019718
192 0.019852
193 0.019445
194 0.019879
195 0.020365
196 0.020857
197 0.021516
198 0.022130
199 0.022335
200 0.022055
201 0.022084
202 0.022658
203 0.023484
204 0.024077
205 0.025214
206 0.026110
207 0.025931
208 0.025887
209 0.025583
210 0.025280
211 0.025235
212 0.024747
213 0.024545
214 0.024506
215 0.023894
216 0.023835
217 0.023661
218 0.023078
219 0.023044
220 0.022713
221 0.022293
222 0.022261
223 0.021725
224 0.021444
225 0.021418
226 0.020700
227 0.020598
228 0.020463
229 0.019718
230 0.019698
231 0.019360
232 0.018791
233 0.018776
234 0.018223
235 0.017849
236 0.017837
237 0.017032
238 0.016863
239 0.016787
240 0.015854
241 0.015846
242 0.015531
243 0.014804
244 0.014799
245 0.014219
246 0.013710
247 0.013709
248 0.012858
249 0.012599
250 0.012600
251 0.011448
252 0.011448
253 0.011166
254 0.010241
255 0.010241
256 0.009679
257 0.009042
258 0.009041
259 0.008126
260 0.007736
261 0.007736
262 0.006528
263 0.006442
264 0.006200
265 0.005084
266 0.005085
267 0.004527
268 0.003691
269 0.003691
270 0.002776
271 0.002254
272 0.002254
273 0.000985
274 0.000793
275 0.000514
276 0.002172
277 0.002172
278 0.003570
279 0.006367
280 0.006361
281 0.008608
282 0.010318
283 0.010303
284 0.013224
285 0.013947
286 0.014022
287 0.017322
288 0.017262
289 0.018066
290 0.020363
291 0.020303
292 0.021743
293 0.023159
294 0.022606
295 0.023934
296 0.024442
297 0.024282
298 0.026447
299 0.026425
300 0.026792
301 0.028500
302 0.028527
303 0.029458
304 0.030712
305 0.030889
306 0.032334
307 0.033242
308 0.033587
309 0.035503
310 0.036134
311 0.036834
312 0.038712
313 0.037607
314 0.035574
315 0.035047
316 0.032996
317 0.032211
318 0.032115
319 0.033494
320 0.037434
321 0.040084
322 0.041813
323 0.043606
324 0.044147
325 0.043845
326 0.039732
327 0.037923
328 0.038887
329 0.042538
330 0.047321
331 0.050416
