0 0.361342
1 0.000001
2 0.000090
3 0.000090
4 0.000211
5 0.000265
6 0.000331
7 0.000436
8 0.000449
9 0.000603
10 0.000602
11 0.000730
12 0.000766
13 0.000841
14 0.000925
15 0.000950
16 0.001080
17 0.001078
18 0.001208
19 0.001227
20 0.001309
21 0.001372
22 0.001406
23 0.001513
24 0.001509
25 0.001640
26 0.001643
27 0.001728
28 0.001773
29 0.001812
30 0.001897
31 0.001894
32 0.002016
33 0.002009
34 0.002098
35 0.002126
36 0.002170
37 0.002234
38 0.002239
39 0.002337
40 0.002327
41 0.002411
42 0.002423
43 0.002471
44 0.002517
45 0.002527
46 0.002602
47 0.002590
48 0.002670
49 0.002668
50 0.002714
51 0.002742
52 0.002754
53 0.002808
54 0.002791
55 0.002867
56 0.002851
57 0.002892
58 0.002903
59 0.002915
60 0.002951
61 0.002936
62 0.002993
63 0.002972
64 0.003012
65 0.003012
66 0.003025
67 0.003048
68 0.003038
69 0.003082
70 0.003063
71 0.003103
72 0.003096
73 0.003114
74 0.003128
75 0.003125
76 0.003157
77 0.003140
78 0.003179
79 0.003167
80 0.003185
81 0.003190
82 0.003190
83 0.003212
84 0.003196
85 0.003232
86 0.003216
87 0.003234
88 0.003233
89 0.003236
90 0.003250
91 0.003237
92 0.003263
93 0.003246
94 0.003263
95 0.003256
96 0.003258
97 0.003263
98 0.003253
99 0.003269
100 0.003253
101 0.003269
102 0.003258
103 0.003262
104 0.003262
105 0.003255
106 0.003265
107 0.003251
108 0.003264
109 0.003253
110 0.003257
111 0.003253
112 0.003249
113 0.003253
114 0.003242
115 0.003252
116 0.003240
117 0.003244
118 0.003239
119 0.003236
120 0.003236
121 0.003228
122 0.003233
123 0.003222
124 0.003226
125 0.003223
126 0.003228
127 0.003235
128 0.003241
129 0.003256
130 0.003260
131 0.003274
132 0.003281
133 0.003292
134 0.003301
135 0.003309
136 0.003319
137 0.003325
138 0.003336
139 0.003342
140 0.003349
141 0.003355
142 0.003360
143 0.003364
144 0.003367
145 0.003371
146 0.003376
147 0.003381
148 0.003388
149 0.003393
150 0.003398
151 0.003404
152 0.003407
153 0.003414
154 0.003415
155 0.003421
156 0.003423
157 0.003425
158 0.003428
159 0.003424
160 0.003428
161 0.003421
162 0.003425
163 0.003421
164 0.003421
165 0.003421
166 0.003415
167 0.003420
168 0.003408
169 0.003414
170 0.003406
171 0.003407
172 0.003405
173 0.003398
174 0.003403
175 0.003389
176 0.003396
177 0.003383
178 0.003385
179 0.003380
180 0.003374
181 0.003378
182 0.003362
183 0.003371
184 0.003353
185 0.003358
186 0.003349
187 0.003344
188 0.003345
189 0.003328
190 0.003339
191 0.003314
192 0.003323
193 0.003309
194 0.003306
195 0.003305
196 0.003288
197 0.003300
198 0.003269
199 0.003282
200 0.003261
201 0.003262
202 0.003255
203 0.003240
204 0.003249
205 0.003216
206 0.003230
207 0.003199
208 0.003201
209 0.003185
210 0.003168
211 0.003169
212 0.003133
213 0.003145
214 0.003101
215 0.003106
216 0.003080
217 0.003065
218 0.003058
219 0.003021
220 0.003035
221 0.002977
222 0.002988
223 0.002951
224 0.002939
225 0.002924
226 0.002887
227 0.002896
228 0.002832
229 0.002846
230 0.002796
231 0.002788
232 0.002762
233 0.002727
234 0.002728
235 0.002662
236 0.002676
237 0.002609
238 0.002605
239 0.002566
240 0.002530
241 0.002519
242 0.002449
243 0.002460
244 0.002372
245 0.002374
246 0.002317
247 0.002284
248 0.002261
249 0.002192
250 0.002202
251 0.002095
252 0.002105
253 0.002032
254 0.002005
255 0.001967
256 0.001900
257 0.001898
258 0.001793
259 0.001800
260 0.001711
261 0.001690
262 0.001639
263 0.001579
264 0.001565
265 0.001470
266 0.001476
267 0.001381
268 0.001370
269 0.001314
270 0.001275
271 0.001256
272 0.001201
273 0.001204
274 0.001136
275 0.001137
276 0.001150
277 0.001159
278 0.001146
279 0.001171
280 0.001173
281 0.001195
282 0.001197
283 0.001214
284 0.001222
285 0.001273
286 0.001377
287 0.001442
288 0.001958
289 0.001958
290 0.002819
291 0.003026
292 0.003510
293 0.003993
294 0.004163
295 0.004860
296 0.004864
297 0.005545
298 0.005636
299 0.006030
300 0.006315
301 0.006482
302 0.006905
303 0.006919
304 0.007395
305 0.007425
306 0.007695
307 0.007841
308 0.007964
309 0.008168
310 0.008202
311 0.008405
312 0.008431
313 0.008528
314 0.008579
315 0.008607
316 0.008635
317 0.008652
318 0.008594
319 0.008627
320 0.008489
321 0.008488
322 0.008358
323 0.008244
324 0.008183
325 0.007888
326 0.007917
327 0.007465
328 0.007447
329 0.007086
330 0.006862
331 0.006657
