0 0.361342
1 0.000001
2 0.000762
3 0.000982
4 0.002171
5 0.002565
6 0.003439
7 0.003963
8 0.004552
9 0.005163
10 0.005502
11 0.006161
12 0.006287
13 0.006955
14 0.006968
15 0.007490
16 0.007530
17 0.007859
18 0.007931
19 0.008087
20 0.008171
21 0.008209
22 0.008284
23 0.008243
24 0.008294
25 0.008197
26 0.008183
27 0.008058
28 0.007955
29 0.007809
30 0.007652
31 0.007468
32 0.007284
33 0.007048
34 0.006866
35 0.006562
36 0.006405
37 0.006021
38 0.005870
39 0.005470
40 0.005278
41 0.004912
42 0.004653
43 0.004335
44 0.003994
45 0.003738
46 0.003299
47 0.003120
48 0.002570
49 0.002454
50 0.001833
51 0.001684
52 0.001134
53 0.000869
54 0.000398
55 0.000202
56 0.000017
57 0.000813
58 0.001214
59 0.001861
60 0.002006
61 0.002761
62 0.002890
63 0.003545
64 0.003766
65 0.004287
66 0.004604
67 0.004997
68 0.005410
69 0.005688
70 0.006191
71 0.006363
72 0.006962
73 0.007101
74 0.007732
75 0.007938
76 0.008499
77 0.008839
78 0.009334
79 0.009732
80 0.010041
81 0.010411
82 0.010467
83 0.010766
84 0.010670
85 0.010940
86 0.010838
87 0.011095
88 0.011177
89 0.011461
90 0.011642
91 0.011847
92 0.012075
93 0.012209
94 0.012480
95 0.012555
96 0.012866
97 0.012914
98 0.013201
99 0.013274
100 0.013501
101 0.013623
102 0.013810
103 0.013977
104 0.014100
105 0.014272
106 0.014344
107 0.014535
108 0.014565
109 0.014766
110 0.014748
111 0.014460
112 0.013496
113 0.012627
114 0.011626
115 0.010442
116 0.008659
117 0.006258
118 0.005956
119 0.006222
120 0.006526
121 0.006678
122 0.006894
123 0.007228
124 0.007380
125 0.007516
126 0.007937
127 0.008452
128 0.008943
129 0.009367
130 0.009676
131 0.009889
132 0.010104
133 0.010312
134 0.010562
135 0.010827
136 0.011149
137 0.011491
138 0.011865
139 0.012267
140 0.012665
141 0.013115
142 0.013528
143 0.014029
144 0.014430
145 0.014939
146 0.015203
147 0.015332
148 0.015211
149 0.015112
150 0.015013
151 0.014934
152 0.014901
153 0.014771
154 0.014771
155 0.014583
156 0.014604
157 0.014390
158 0.014386
159 0.014202
160 0.014141
161 0.013993
162 0.013866
163 0.013763
164 0.013561
165 0.013509
166 0.013224
167 0.013230
168 0.012852
169 0.012851
170 0.012518
171 0.012433
172 0.012155
173 0.011975
174 0.011758
175 0.011474
176 0.011327
177 0.010927
178 0.010859
179 0.010331
180 0.010293
181 0.009743
182 0.009629
183 0.009151
184 0.008911
185 0.008516
186 0.008133
187 0.007830
188 0.007294
189 0.007095
190 0.006392
191 0.006287
192 0.005448
193 0.005305
194 0.004563
195 0.004258
196 0.003628
197 0.002899
198 0.002128
199 0.002132
200 0.002135
201 0.000045
202 0.000596
203 0.000796
204 0.001187
205 0.004547
206 0.005320
207 0.007453
208 0.008597
209 0.010150
210 0.011608
211 0.012621
212 0.014258
213 0.014775
214 0.016730
215 0.016931
216 0.018877
217 0.019116
218 0.020582
219 0.021094
220 0.022169
221 0.022926
222 0.023644
223 0.024635
224 0.025068
225 0.026267
226 0.026412
227 0.027733
228 0.027788
229 0.028830
230 0.029035
231 0.029785
232 0.030147
233 0.030632
234 0.031112
235 0.031357
236 0.031918
237 0.031946
238 0.032558
239 0.032447
240 0.032963
241 0.032849
242 0.033134
243 0.033069
244 0.033148
245 0.033108
246 0.033010
247 0.032972
248 0.032727
249 0.032674
250 0.032309
251 0.032228
252 0.031820
253 0.031607
254 0.031210
255 0.030897
256 0.030506
257 0.030131
258 0.029743
259 0.029344
260 0.028963
261 0.028574
262 0.028204
263 0.027862
264 0.027523
265 0.027256
266 0.027004
267 0.026840
268 0.026682
269 0.026501
270 0.026342
271 0.026104
272 0.025960
273 0.025640
274 0.025499
275 0.025094
276 0.024925
277 0.024529
278 0.024288
279 0.023874
280 0.023346
281 0.022814
282 0.022294
283 0.021854
284 0.021219
285 0.020871
286 0.020244
287 0.019965
288 0.019376
289 0.019069
290 0.018638
291 0.018395
292 0.018075
293 0.017714
294 0.017417
295 0.016951
296 0.016734
297 0.016189
298 0.016024
299 0.015361
300 0.015168
301 0.014668
302 0.014437
303 0.014062
304 0.013741
305 0.013469
306 0.013128
307 0.012982
308 0.012661
309 0.012634
310 0.012496
311 0.012525
312 0.012536
313 0.012642
314 0.012836
315 0.012987
316 0.013153
317 0.013216
318 0.013236
319 0.013290
320 0.013293
321 0.013338
322 0.013338
323 0.013357
324 0.013354
325 0.013357
326 0.013346
327 0.013327
328 0.013294
329 0.013268
330 0.013208
331 0.013182
