0 0.361342
1 0.000001
2 0.000030
3 0.000030
4 0.000030
5 0.000030
6 0.000030
7 0.000030
8 0.000035
9 0.000088
10 0.000088
11 0.000088
12 0.000088
13 0.000088
14 0.000088
15 0.000098
16 0.000145
17 0.000145
18 0.000145
19 0.000145
20 0.000145
21 0.000145
22 0.000159
23 0.000201
24 0.000201
25 0.000201
26 0.000201
27 0.000201
28 0.000201
29 0.000219
30 0.000255
31 0.000256
32 0.000256
33 0.000255
34 0.000255
35 0.000255
36 0.000277
37 0.000309
38 0.000309
39 0.000309
40 0.000308
41 0.000308
42 0.000308
43 0.000334
44 0.000361
45 0.000360
46 0.000360
47 0.000360
48 0.000359
49 0.000359
50 0.000389
51 0.000410
52 0.000410
53 0.000410
54 0.000409
55 0.000409
56 0.000409
57 0.000442
58 0.000459
59 0.000458
60 0.000458
61 0.000457
62 0.000457
63 0.000456
64 0.000493
65 0.000505
66 0.000505
67 0.000504
68 0.000504
69 0.000503
70 0.000503
71 0.000542
72 0.000550
73 0.000549
74 0.000549
75 0.000548
76 0.000548
77 0.000547
78 0.000589
79 0.000593
80 0.000592
81 0.000591
82 0.000591
83 0.000590
84 0.000590
85 0.000634
86 0.000634
87 0.000633
88 0.000632
89 0.000631
90 0.000631
91 0.000634
92 0.000673
93 0.000673
94 0.000672
95 0.000671
96 0.000670
97 0.000669
98 0.000676
99 0.000712
100 0.000711
101 0.000711
102 0.000710
103 0.000709
104 0.000708
105 0.000717
106 0.000748
107 0.000747
108 0.000746
109 0.000745
110 0.000744
111 0.000743
112 0.000755
113 0.000781
114 0.000780
115 0.000779
116 0.000778
117 0.000777
118 0.000776
119 0.000791
120 0.000813
121 0.000811
122 0.000810
123 0.000809
124 0.000808
125 0.000806
126 0.000825
127 0.000843
128 0.000841
129 0.000840
130 0.000839
131 0.000838
132 0.000836
133 0.000856
134 0.000870
135 0.000869
136 0.000867
137 0.000866
138 0.000864
139 0.000863
140 0.000885
141 0.000895
142 0.000894
143 0.000892
144 0.000891
145 0.000889
146 0.000887
147 0.000912
148 0.000919
149 0.000917
150 0.000916
151 0.000914
152 0.000912
153 0.000911
154 0.000936
155 0.000940
156 0.000938
157 0.000936
158 0.000934
159 0.000932
160 0.000930
161 0.000958
162 0.000958
163 0.000956
164 0.000954
165 0.000952
166 0.000950
167 0.000948
168 0.000976
169 0.000974
170 0.000972
171 0.000970
172 0.000967
173 0.000965
174 0.000966
175 0.000990
176 0.000988
177 0.000986
178 0.000984
179 0.000981
180 0.000979
181 0.000981
182 0.001002
183 0.001000
184 0.000998
185 0.000995
186 0.000993
187 0.000991
188 0.000995
189 0.001013
190 0.001011
191 0.001008
192 0.001006
193 0.001004
194 0.001001
195 0.001008
196 0.001022
197 0.001020
198 0.001018
199 0.001016
200 0.001014
201 0.001011
202 0.001020
203 0.001032
204 0.001029
205 0.001027
206 0.001025
207 0.001023
208 0.001021
209 0.001031
210 0.001040
211 0.001038
212 0.001036
213 0.001034
214 0.001032
215 0.001030
216 0.001041
217 0.001049
218 0.001046
219 0.001045
220 0.001042
221 0.001041
222 0.001038
223 0.001051
224 0.001056
225 0.001054
226 0.001052
227 0.001050
228 0.001049
229 0.001047
230 0.001060
231 0.001063
232 0.001061
233 0.001060
234 0.001057
235 0.001055
236 0.001053
237 0.001068
238 0.001069
239 0.001067
240 0.001065
241 0.001063
242 0.001062
243 0.001060
244 0.001075
245 0.001074
246 0.001072
247 0.001071
248 0.001069
249 0.001067
250 0.001065
251 0.001081
252 0.001079
253 0.001077
254 0.001075
255 0.001074
256 0.001072
257 0.001071
258 0.001085
259 0.001083
260 0.001081
261 0.001079
262 0.001078
263 0.001076
264 0.001077
265 0.001088
266 0.001087
267 0.001085
268 0.001083
269 0.001081
270 0.001080
271 0.001082
272 0.001091
273 0.001089
274 0.001088
275 0.001086
276 0.001084
277 0.001082
278 0.001085
279 0.001092
280 0.001091
281 0.001089
282 0.001087
283 0.001085
284 0.001083
285 0.001087
286 0.001093
287 0.001091
288 0.001089
289 0.001088
290 0.001086
291 0.001084
292 0.001089
293 0.001093
294 0.001091
295 0.001090
296 0.001088
297 0.001086
298 0.001084
299 0.001090
300 0.001093
301 0.001091
302 0.001089
303 0.001088
304 0.001086
305 0.001084
306 0.001090
307 0.001092
308 0.001091
309 0.001089
310 0.001087
311 0.001086
312 0.001084
313 0.001090
314 0.001091
315 0.001090
316 0.001088
317 0.001087
318 0.001085
319 0.001083
320 0.001090
321 0.001090
322 0.001089
323 0.001087
324 0.001086
325 0.001084
326 0.001083
327 0.001090
328 0.001089
329 0.001087
330 0.001086
331 0.001085
