0 0.361342
1 0.000001
2 0.000051
3 0.000051
4 0.000125
5 0.000158
6 0.000199
7 0.000264
8 0.000273
9 0.000369
10 0.000369
11 0.000449
12 0.000472
13 0.000519
14 0.000573
15 0.000590
16 0.000672
17 0.000673
18 0.000757
19 0.000771
20 0.000824
21 0.000867
22 0.000891
23 0.000962
24 0.000962
25 0.001050
26 0.001055
27 0.001114
28 0.001147
29 0.001177
30 0.001237
31 0.001240
32 0.001326
33 0.001326
34 0.001389
35 0.001414
36 0.001449
37 0.001499
38 0.001509
39 0.001583
40 0.001583
41 0.001649
42 0.001666
43 0.001706
44 0.001746
45 0.001762
46 0.001824
47 0.001825
48 0.001893
49 0.001902
50 0.001946
51 0.001978
52 0.001998
53 0.002051
54 0.002051
55 0.002119
56 0.002122
57 0.002167
58 0.002190
59 0.002214
60 0.002257
61 0.002260
62 0.002321
63 0.002321
64 0.002368
65 0.002384
66 0.002412
67 0.002446
68 0.002454
69 0.002506
70 0.002506
71 0.002554
72 0.002564
73 0.002593
74 0.002620
75 0.002632
76 0.002674
77 0.002675
78 0.002722
79 0.002727
80 0.002758
81 0.002777
82 0.002792
83 0.002826
84 0.002826
85 0.002872
86 0.002873
87 0.002904
88 0.002918
89 0.002935
90 0.002962
91 0.002965
92 0.003003
93 0.003004
94 0.003034
95 0.003044
96 0.003061
97 0.003081
98 0.003087
99 0.003117
100 0.003117
101 0.003146
102 0.003151
103 0.003168
104 0.003182
105 0.003189
106 0.003212
107 0.003211
108 0.003237
109 0.003238
110 0.003255
111 0.003264
112 0.003272
113 0.003289
114 0.003289
115 0.003311
116 0.003310
117 0.003325
118 0.003331
119 0.003339
120 0.003350
121 0.003353
122 0.003369
123 0.003370
124 0.003385
125 0.003391
126 0.003400
127 0.003409
128 0.003414
129 0.003426
130 0.003428
131 0.003440
132 0.003443
133 0.003451
134 0.003457
135 0.003461
136 0.003469
137 0.003471
138 0.003479
139 0.003482
140 0.003487
141 0.003492
142 0.003495
143 0.003500
144 0.003503
145 0.003505
146 0.003509
147 0.003510
148 0.003512
149 0.003514
150 0.003515
151 0.003516
152 0.003515
153 0.003518
154 0.003514
155 0.003516
156 0.003513
157 0.003511
158 0.003511
159 0.003504
160 0.003507
161 0.003499
162 0.003502
163 0.003498
164 0.003498
165 0.003498
166 0.003493
167 0.003500
168 0.003490
169 0.003497
170 0.003492
171 0.003493
172 0.003494
173 0.003488
174 0.003495
175 0.003481
176 0.003491
177 0.003480
178 0.003483
179 0.003480
180 0.003474
181 0.003480
182 0.003464
183 0.003475
184 0.003457
185 0.003463
186 0.003454
187 0.003450
188 0.003452
189 0.003435
190 0.003446
191 0.003420
192 0.003430
193 0.003415
194 0.003412
195 0.003409
196 0.003391
197 0.003403
198 0.003370
199 0.003382
200 0.003360
201 0.003358
202 0.003350
203 0.003333
204 0.003340
205 0.003304
206 0.003318
207 0.003285
208 0.003288
209 0.003272
210 0.003256
211 0.003257
212 0.003221
213 0.003234
214 0.003191
215 0.003198
216 0.003172
217 0.003158
218 0.003152
219 0.003115
220 0.003129
221 0.003071
222 0.003084
223 0.003046
224 0.003035
225 0.003020
226 0.002983
227 0.002992
228 0.002928
229 0.002942
230 0.002891
231 0.002882
232 0.002856
233 0.002820
234 0.002821
235 0.002753
236 0.002767
237 0.002699
238 0.002696
239 0.002656
240 0.002621
241 0.002610
242 0.002541
243 0.002553
244 0.002466
245 0.002469
246 0.002412
247 0.002380
248 0.002356
249 0.002286
250 0.002296
251 0.002187
252 0.002197
253 0.002121
254 0.002092
255 0.002052
256 0.001982
257 0.001980
258 0.001867
259 0.001875
260 0.001777
261 0.001753
262 0.001694
263 0.001627
264 0.001608
265 0.001495
266 0.001500
267 0.001378
268 0.001362
269 0.001282
270 0.001219
271 0.001183
272 0.001071
273 0.001073
274 0.000850
275 0.000838
276 0.000839
277 0.000842
278 0.000704
279 0.000428
280 0.000429
281 0.000429
282 0.000430
283 0.000430
284 0.000430
285 0.000122
286 0.000311
287 0.000310
288 0.000310
289 0.000310
290 0.000343
291 0.000355
292 0.000479
293 0.000701
294 0.000997
295 0.002310
296 0.002309
297 0.003113
298 0.003219
299 0.003593
300 0.003860
301 0.004041
302 0.004518
303 0.004514
304 0.005104
305 0.005116
306 0.005523
307 0.005723
308 0.005930
309 0.006301
310 0.006326
311 0.006859
312 0.006851
313 0.007258
314 0.007388
315 0.007616
316 0.007903
317 0.007965
318 0.008399
319 0.008387
320 0.008791
321 0.008861
322 0.009102
323 0.009314
324 0.009403
325 0.009746
326 0.009732
327 0.010121
328 0.010142
329 0.010384
330 0.010531
331 0.010637
