0 0.351058
1 0.000001
2 0.000218
3 0.000220
4 0.000218
5 0.000218
6 0.000218
7 0.000217
8 0.000218
9 0.000217
10 0.000217
11 0.000217
12 0.000217
13 0.000217
14 0.000217
15 0.000217
16 0.000216
17 0.000216
18 0.000216
19 0.000216
20 0.000216
21 0.000215
22 0.000216
23 0.000215
24 0.000215
25 0.000600
26 0.000620
27 0.000621
28 0.000619
29 0.000617
30 0.000616
31 0.000621
32 0.000831
33 0.000830
34 0.000828
35 0.000825
36 0.000904
37 0.001015
38 0.001012
39 0.001008
40 0.001004
41 0.001179
42 0.001218
43 0.001213
44 0.001208
45 0.001247
46 0.001422
47 0.001416
48 0.001409
49 0.001403
50 0.001500
51 0.001566
52 0.001594
53 0.001682
54 0.001673
55 0.001786
56 0.001779
57 0.001856
58 0.001888
59 0.001926
60 0.001998
61 0.001994
62 0.002117
63 0.002104
64 0.002193
65 0.002214
66 0.002262
67 0.002326
68 0.002332
69 0.002442
70 0.002429
71 0.002527
72 0.002533
73 0.002587
74 0.002633
75 0.002646
76 0.002733
77 0.002716
78 0.002813
79 0.002806
80 0.002864
81 0.002895
82 0.002913
83 0.002975
84 0.002957
85 0.003055
86 0.003037
87 0.003094
88 0.003109
89 0.003134
90 0.003182
91 0.003173
92 0.003248
93 0.003231
94 0.003292
95 0.003297
96 0.003324
97 0.003359
98 0.003357
99 0.003418
100 0.003402
101 0.003462
102 0.003458
103 0.003492
104 0.003515
105 0.003520
106 0.003567
107 0.003552
108 0.003615
109 0.003606
110 0.003640
111 0.003654
112 0.003666
113 0.003705
114 0.003693
115 0.003751
116 0.003738
117 0.003778
118 0.003786
119 0.003803
120 0.003830
121 0.003827
122 0.003876
123 0.003865
124 0.003906
125 0.003908
126 0.003930
127 0.003953
128 0.003956
129 0.003995
130 0.003989
131 0.004035
132 0.004035
133 0.004061
134 0.004078
135 0.004089
136 0.004123
137 0.004119
138 0.004164
139 0.004161
140 0.004192
141 0.004205
142 0.004220
143 0.004247
144 0.004247
145 0.004290
146 0.004288
147 0.004319
148 0.004328
149 0.004345
150 0.004367
151 0.004371
152 0.004403
153 0.004401
154 0.004430
155 0.004434
156 0.004447
157 0.004458
158 0.004460
159 0.004479
160 0.004472
161 0.004494
162 0.004488
163 0.004500
164 0.004505
165 0.004508
166 0.004521
167 0.004515
168 0.004535
169 0.004529
170 0.004540
171 0.004541
172 0.004543
173 0.004550
174 0.004546
175 0.004559
176 0.004553
177 0.004561
178 0.004559
179 0.004561
180 0.004563
181 0.004560
182 0.004566
183 0.004559
184 0.004564
185 0.004558
186 0.004558
187 0.004556
188 0.004551
189 0.004552
190 0.004544
191 0.004545
192 0.004539
193 0.004536
194 0.004531
195 0.004526
196 0.004522
197 0.004516
198 0.004512
199 0.004506
200 0.004501
201 0.004495
202 0.004489
203 0.004484
204 0.004480
205 0.004474
206 0.004469
207 0.004462
208 0.004457
209 0.004451
210 0.004444
211 0.004439
212 0.004429
213 0.004425
214 0.004414
215 0.004409
216 0.004399
217 0.004391
218 0.004384
219 0.004370
220 0.004365
221 0.004347
222 0.004342
223 0.004329
224 0.004320
225 0.004311
226 0.004298
227 0.004297
228 0.004278
229 0.004277
230 0.004260
231 0.004254
232 0.004243
233 0.004231
234 0.004227
235 0.004206
236 0.004207
237 0.004188
238 0.004186
239 0.004173
240 0.004163
241 0.004159
242 0.004140
243 0.004143
244 0.004118
245 0.004119
246 0.004104
247 0.004096
248 0.004091
249 0.004073
250 0.004079
251 0.004051
252 0.004060
253 0.004041
254 0.004037
255 0.004030
256 0.004014
257 0.004018
258 0.003985
259 0.003990
260 0.003961
261 0.003954
262 0.003934
263 0.003909
264 0.003902
265 0.003862
266 0.003862
267 0.003819
268 0.003811
269 0.003783
270 0.003760
271 0.003746
272 0.003706
273 0.003705
274 0.003661
275 0.003666
276 0.003638
277 0.003625
278 0.003616
279 0.003588
280 0.003599
281 0.003552
282 0.003567
283 0.003534
284 0.003527
285 0.003510
286 0.003478
287 0.003476
288 0.003424
289 0.003429
290 0.003377
291 0.003370
292 0.003342
293 0.003314
294 0.003301
295 0.003237
296 0.003232
297 0.003162
298 0.003148
299 0.003098
300 0.003061
301 0.003035
302 0.002975
303 0.002971
304 0.002889
305 0.002882
306 0.002826
307 0.002796
308 0.002762
309 0.002705
310 0.002698
311 0.002618
312 0.002616
313 0.002549
314 0.002526
315 0.002487
316 0.002440
317 0.002429
318 0.002353
319 0.002359
320 0.002292
321 0.002287
322 0.002253
323 0.002229
324 0.002231
325 0.002180
326 0.002208
327 0.002144
328 0.002167
329 0.002133
330 0.002122
331 0.002116
