0 0.354739
1 0.000001
2 0.000179
3 0.000180
4 0.000179
5 0.000179
6 0.000179
7 0.000178
8 0.000179
9 0.000178
10 0.000178
11 0.000178
12 0.000178
13 0.000178
14 0.000178
15 0.000178
16 0.000177
17 0.000177
18 0.000177
19 0.000177
20 0.000177
21 0.000177
22 0.000176
23 0.000176
24 0.000395
25 0.000428
26 0.000427
27 0.000427
28 0.000426
29 0.000425
30 0.000423
31 0.000423
32 0.000422
33 0.000421
34 0.000420
35 0.000514
36 0.000537
37 0.000535
38 0.000534
39 0.000533
40 0.000552
41 0.000606
42 0.000605
43 0.000603
44 0.000601
45 0.000599
46 0.000652
47 0.000669
48 0.000667
49 0.000665
50 0.000664
51 0.000675
52 0.000731
53 0.000728
54 0.000726
55 0.000723
56 0.000721
57 0.000764
58 0.000784
59 0.000782
60 0.000779
61 0.000776
62 0.000782
63 0.000837
64 0.000834
65 0.000831
66 0.000828
67 0.000825
68 0.000860
69 0.000883
70 0.000879
71 0.000876
72 0.000873
73 0.000873
74 0.000927
75 0.000924
76 0.000920
77 0.000917
78 0.000913
79 0.000941
80 0.000964
81 0.000961
82 0.000957
83 0.000954
84 0.000950
85 0.001003
86 0.000999
87 0.000995
88 0.000991
89 0.000987
90 0.001009
91 0.001034
92 0.001029
93 0.001025
94 0.001022
95 0.001018
96 0.001062
97 0.001062
98 0.001057
99 0.001053
100 0.001049
101 0.001065
102 0.001091
103 0.001087
104 0.001082
105 0.001079
106 0.001074
107 0.001112
108 0.001114
109 0.001109
110 0.001105
111 0.001101
112 0.001112
113 0.001139
114 0.001134
115 0.001130
116 0.001126
117 0.001122
118 0.001153
119 0.001157
120 0.001154
121 0.001149
122 0.001145
123 0.001152
124 0.001179
125 0.001175
126 0.001170
127 0.001166
128 0.001162
129 0.001188
130 0.001195
131 0.001190
132 0.001186
133 0.001182
134 0.001186
135 0.001213
136 0.001209
137 0.001205
138 0.001201
139 0.001197
140 0.001217
141 0.001226
142 0.001222
143 0.001218
144 0.001214
145 0.001215
146 0.001242
147 0.001238
148 0.001234
149 0.001230
150 0.001226
151 0.001243
152 0.001253
153 0.001249
154 0.001245
155 0.001241
156 0.001240
157 0.001267
158 0.001263
159 0.001259
160 0.001256
161 0.001252
162 0.001265
163 0.001276
164 0.001273
165 0.001269
166 0.001266
167 0.001262
168 0.001289
169 0.001285
170 0.001282
171 0.001278
172 0.001275
173 0.001285
174 0.001297
175 0.001294
176 0.001291
177 0.001287
178 0.001284
179 0.001307
180 0.001306
181 0.001302
182 0.001299
183 0.001296
184 0.001304
185 0.001316
186 0.001314
187 0.001310
188 0.001307
189 0.001304
190 0.001324
191 0.001324
192 0.001321
193 0.001318
194 0.001316
195 0.001321
196 0.001334
197 0.001332
198 0.001329
199 0.001326
200 0.001323
201 0.001339
202 0.001341
203 0.001339
204 0.001336
205 0.001333
206 0.001337
207 0.001351
208 0.001349
209 0.001346
210 0.001344
211 0.001341
212 0.001355
213 0.001358
214 0.001355
215 0.001353
216 0.001351
217 0.001353
218 0.001367
219 0.001365
220 0.001362
221 0.001360
222 0.001358
223 0.001369
224 0.001374
225 0.001372
226 0.001370
227 0.001368
228 0.001368
229 0.001383
230 0.001380
231 0.001379
232 0.001377
233 0.001375
234 0.001384
235 0.001389
236 0.001387
237 0.001386
238 0.001384
239 0.001383
240 0.001398
241 0.001396
242 0.001395
243 0.001393
244 0.001391
245 0.001398
246 0.001404
247 0.001403
248 0.001402
249 0.001400
250 0.001399
251 0.001413
252 0.001411
253 0.001410
254 0.001409
255 0.001408
256 0.001413
257 0.001420
258 0.001419
259 0.001417
260 0.001417
261 0.001415
262 0.001427
263 0.001427
264 0.001426
265 0.001425
266 0.001424
267 0.001429
268 0.001435
269 0.001435
270 0.001434
271 0.001433
272 0.001432
273 0.001442
274 0.001443
275 0.001443
276 0.001442
277 0.001441
278 0.001444
279 0.001452
280 0.001451
281 0.001450
282 0.001450
283 0.001449
284 0.001458
285 0.001460
286 0.001459
287 0.001459
288 0.001458
289 0.001460
290 0.001468
291 0.001468
292 0.001467
293 0.001467
294 0.001467
295 0.001473
296 0.001476
297 0.001476
298 0.001475
299 0.001475
300 0.001477
301 0.001484
302 0.001484
303 0.001484
304 0.001484
305 0.001483
306 0.001489
307 0.001492
308 0.001492
309 0.001492
310 0.001492
311 0.001493
312 0.001499
313 0.001500
314 0.001500
315 0.001500
316 0.001500
317 0.001504
318 0.001507
319 0.001508
320 0.001508
321 0.001508
322 0.001509
323 0.001515
324 0.001515
325 0.001516
326 0.001516
327 0.001516
328 0.001520
329 0.001523
330 0.001523
331 0.001524
