0 0.349421
1 0.000001
2 0.000235
3 0.000234
4 0.000235
5 0.000234
6 0.000235
7 0.000443
8 0.000682
9 0.000682
10 0.000683
11 0.000684
12 0.000684
13 0.001074
14 0.001103
15 0.001105
16 0.001106
17 0.001108
18 0.001265
19 0.001500
20 0.001503
21 0.001506
22 0.001509
23 0.001511
24 0.001828
25 0.001880
26 0.001884
27 0.001889
28 0.001893
29 0.002009
30 0.002237
31 0.002243
32 0.002249
33 0.002255
34 0.002261
35 0.002513
36 0.002581
37 0.002589
38 0.002597
39 0.002605
40 0.002687
41 0.002900
42 0.002909
43 0.002918
44 0.002926
45 0.002934
46 0.003126
47 0.003202
48 0.003210
49 0.003218
50 0.003226
51 0.003276
52 0.003459
53 0.003464
54 0.003468
55 0.003471
56 0.003473
57 0.003599
58 0.003662
59 0.003661
60 0.003660
61 0.003659
62 0.003680
63 0.003813
64 0.003813
65 0.003814
66 0.003815
67 0.003816
68 0.003890
69 0.003939
70 0.003941
71 0.003942
72 0.003944
73 0.003951
74 0.004035
75 0.004037
76 0.004038
77 0.004040
78 0.004041
79 0.004073
80 0.004100
81 0.004102
82 0.004103
83 0.004104
84 0.004106
85 0.004130
86 0.004132
87 0.004133
88 0.004134
89 0.004135
90 0.004131
91 0.004127
92 0.004128
93 0.004128
94 0.004129
95 0.004130
96 0.004090
97 0.004087
98 0.004087
99 0.004087
100 0.004088
101 0.004057
102 0.004011
103 0.004011
104 0.004010
105 0.004010
106 0.004009
107 0.003913
108 0.003898
109 0.003896
110 0.003895
111 0.003891
112 0.003840
113 0.003741
114 0.003737
115 0.003732
116 0.003726
117 0.003720
118 0.003575
119 0.003533
120 0.003526
121 0.003518
122 0.003510
123 0.003447
124 0.003287
125 0.003278
126 0.003267
127 0.003256
128 0.003246
129 0.003065
130 0.002993
131 0.002983
132 0.002972
133 0.002960
134 0.002895
135 0.002674
136 0.002660
137 0.002643
138 0.002624
139 0.002604
140 0.002395
141 0.002282
142 0.002261
143 0.002240
144 0.002224
145 0.002172
146 0.001903
147 0.001896
148 0.001892
149 0.001888
150 0.001886
151 0.001689
152 0.001559
153 0.001560
154 0.001562
155 0.001563
156 0.001540
157 0.001206
158 0.001206
159 0.001207
160 0.001207
161 0.001208
162 0.001099
163 0.001005
164 0.001005
165 0.001005
166 0.001006
167 0.001006
168 0.001077
169 0.001077
170 0.001076
171 0.001076
172 0.001077
173 0.001105
174 0.001143
175 0.001143
176 0.001143
177 0.001143
178 0.001143
179 0.001224
180 0.001230
181 0.001229
182 0.001229
183 0.001228
184 0.001268
185 0.001334
186 0.001333
187 0.001332
188 0.001331
189 0.001330
190 0.001433
191 0.001449
192 0.001448
193 0.001447
194 0.001446
195 0.001486
196 0.001571
197 0.001570
198 0.001568
199 0.001567
200 0.001565
201 0.001668
202 0.001693
203 0.001691
204 0.001690
205 0.001688
206 0.001721
207 0.001815
208 0.001814
209 0.001812
210 0.001810
211 0.001808
212 0.001900
213 0.001933
214 0.001931
215 0.001930
216 0.001928
217 0.001951
218 0.002050
219 0.002048
220 0.002047
221 0.002045
222 0.002043
223 0.002122
224 0.002162
225 0.002160
226 0.002158
227 0.002156
228 0.002171
229 0.002272
230 0.002270
231 0.002268
232 0.002267
233 0.002265
234 0.002333
235 0.002376
236 0.002375
237 0.002374
238 0.002373
239 0.002379
240 0.002480
241 0.002479
242 0.002478
243 0.002477
244 0.002477
245 0.002532
246 0.002580
247 0.002579
248 0.002578
249 0.002578
250 0.002577
251 0.002677
252 0.002676
253 0.002675
254 0.002675
255 0.002675
256 0.002718
257 0.002769
258 0.002768
259 0.002768
260 0.002768
261 0.002767
262 0.002851
263 0.002857
264 0.002857
265 0.002857
266 0.002856
267 0.002890
268 0.002941
269 0.002941
270 0.002941
271 0.002941
272 0.002941
273 0.003010
274 0.003020
275 0.003020
276 0.003020
277 0.003020
278 0.003045
279 0.003095
280 0.003095
281 0.003095
282 0.003095
283 0.003094
284 0.003150
285 0.003164
286 0.003164
287 0.003164
288 0.003164
289 0.003181
290 0.003229
291 0.003229
292 0.003229
293 0.003229
294 0.003230
295 0.003273
296 0.003289
297 0.003290
298 0.003291
299 0.003292
300 0.003303
301 0.003347
302 0.003348
303 0.003349
304 0.003350
305 0.003352
306 0.003385
307 0.003401
308 0.003403
309 0.003404
310 0.003405
311 0.003411
312 0.003449
313 0.003449
314 0.003450
315 0.003451
316 0.003451
317 0.003474
318 0.003489
319 0.003490
320 0.003490
321 0.003491
322 0.003493
323 0.003523
324 0.003523
325 0.003524
326 0.003524
327 0.003525
328 0.003539
329 0.003551
330 0.003551
331 0.003552
