0 0.356202
1 0.000001
2 0.000284
3 0.000284
4 0.000284
5 0.000284
6 0.000284
7 0.000284
8 0.000284
9 0.000284
10 0.000283
11 0.000284
12 0.000284
13 0.000284
14 0.000284
15 0.000284
16 0.000284
17 0.000284
18 0.000284
19 0.000284
20 0.000284
21 0.000284
22 0.000862
23 0.001095
24 0.001095
25 0.001096
26 0.001096
27 0.001179
28 0.001568
29 0.001568
30 0.001568
31 0.001784
32 0.002009
33 0.002009
34 0.002009
35 0.002403
36 0.002502
37 0.002502
38 0.002546
39 0.002904
40 0.002980
41 0.003189
42 0.003315
43 0.003487
44 0.003666
45 0.003797
46 0.004034
47 0.004120
48 0.004416
49 0.004469
50 0.004800
51 0.004871
52 0.005158
53 0.005288
54 0.005526
55 0.005791
56 0.006041
57 0.006471
58 0.006683
59 0.007194
60 0.007300
61 0.007887
62 0.007972
63 0.008471
64 0.008624
65 0.009015
66 0.009243
67 0.009528
68 0.009823
69 0.010007
70 0.010359
71 0.010446
72 0.010846
73 0.010871
74 0.011245
75 0.011273
76 0.011530
77 0.011584
78 0.011668
79 0.011664
80 0.011592
81 0.011500
82 0.011157
83 0.010773
84 0.009828
85 0.008584
86 0.006642
87 0.004978
88 0.004990
89 0.004928
90 0.005094
91 0.005379
92 0.005715
93 0.006056
94 0.006322
95 0.006460
96 0.006882
97 0.006955
98 0.007215
99 0.007715
100 0.008379
101 0.009108
102 0.009786
103 0.010373
104 0.010746
105 0.011118
106 0.011458
107 0.011925
108 0.012373
109 0.013023
110 0.013625
111 0.014393
112 0.015159
113 0.016038
114 0.016933
115 0.017898
116 0.018793
117 0.019225
118 0.019392
119 0.019505
120 0.019888
121 0.020346
122 0.021027
123 0.021231
124 0.020770
125 0.020257
126 0.019830
127 0.019621
128 0.019620
129 0.019620
130 0.019620
131 0.019631
132 0.019647
133 0.019664
134 0.019686
135 0.019703
136 0.019730
137 0.019757
138 0.019799
139 0.019821
140 0.019814
141 0.019828
142 0.019789
143 0.019795
144 0.019653
145 0.019133
146 0.017818
147 0.016539
148 0.014920
149 0.012972
150 0.010571
151 0.007747
152 0.007794
153 0.007602
154 0.007770
155 0.008031
156 0.008407
157 0.008677
158 0.008812
159 0.009065
160 0.009200
161 0.009246
162 0.009640
163 0.010124
164 0.010642
165 0.011155
166 0.011460
167 0.011731
168 0.011733
169 0.011914
170 0.011939
171 0.012111
172 0.012205
173 0.012370
174 0.012517
175 0.012630
176 0.012815
177 0.012852
178 0.013086
179 0.013058
180 0.013317
181 0.013260
182 0.013370
183 0.013079
184 0.012859
185 0.012553
186 0.012275
187 0.012090
188 0.011792
189 0.011707
190 0.011352
191 0.011341
192 0.010930
193 0.010942
194 0.010626
195 0.010537
196 0.010171
197 0.009800
198 0.009380
199 0.008872
200 0.008528
201 0.007932
202 0.007680
203 0.007034
204 0.006868
205 0.006299
206 0.006088
207 0.005611
208 0.005313
209 0.004930
210 0.004547
211 0.004263
212 0.003789
213 0.003601
214 0.003031
215 0.002912
216 0.002314
217 0.002176
218 0.001726
219 0.001535
220 0.001233
221 0.001537
222 0.001827
223 0.002809
224 0.003228
225 0.004230
226 0.004296
227 0.005234
228 0.005172
229 0.005916
230 0.006192
231 0.007036
232 0.007647
233 0.008424
234 0.009302
235 0.010143
236 0.011504
237 0.012566
238 0.014667
239 0.016524
240 0.020273
241 0.024608
242 0.032112
243 0.042323
244 0.038259
245 0.024617
246 0.010842
247 0.006056
248 0.013216
249 0.026356
250 0.037525
251 0.037265
252 0.027971
253 0.022085
254 0.017723
255 0.015096
256 0.014294
257 0.014249
258 0.014749
259 0.015852
260 0.017583
261 0.020311
262 0.024232
263 0.030796
264 0.041840
265 0.032808
266 0.018491
267 0.008344
268 0.010236
269 0.020593
270 0.029776
271 0.036733
272 0.039004
273 0.030218
274 0.025670
275 0.021860
276 0.019128
277 0.015999
278 0.013919
279 0.011909
280 0.010366
281 0.009050
282 0.007872
283 0.007352
284 0.006696
285 0.006656
286 0.005792
287 0.005738
288 0.004813
289 0.004568
290 0.003709
291 0.003188
292 0.002429
293 0.001381
294 0.000606
295 0.000798
296 0.000954
297 0.002019
298 0.002247
299 0.003619
300 0.003985
301 0.005436
302 0.006100
303 0.007261
304 0.008237
305 0.009168
306 0.010272
307 0.010837
308 0.012058
309 0.012391
310 0.013796
311 0.014067
312 0.015260
313 0.015731
314 0.016738
315 0.017388
316 0.018032
317 0.018480
318 0.018503
319 0.018700
320 0.018423
321 0.018583
322 0.018118
323 0.018091
324 0.017606
325 0.017402
326 0.016966
327 0.016637
328 0.016241
329 0.015834
330 0.015459
331 0.015022
