0 0.341578
1 0.000001
2 0.000208
3 0.000208
4 0.000298
5 0.000593
6 0.000594
7 0.000762
8 0.000955
9 0.000957
10 0.001191
11 0.001294
12 0.001298
13 0.001594
14 0.001621
15 0.001674
16 0.001913
17 0.001922
18 0.002033
19 0.002196
20 0.002206
21 0.002362
22 0.002459
23 0.002473
24 0.002664
25 0.002709
26 0.002745
27 0.002922
28 0.002943
29 0.003013
30 0.003133
31 0.003156
32 0.003245
33 0.003321
34 0.003344
35 0.003439
36 0.003480
37 0.003504
38 0.003579
39 0.003597
40 0.003622
41 0.003659
42 0.003678
43 0.003693
44 0.003708
45 0.003727
46 0.003716
47 0.003724
48 0.003742
49 0.003688
50 0.003703
51 0.003698
52 0.003627
53 0.003643
54 0.003596
55 0.003530
56 0.003544
57 0.003439
58 0.003392
59 0.003405
60 0.003224
61 0.003214
62 0.003191
63 0.002988
64 0.002997
65 0.002903
66 0.002737
67 0.002744
68 0.002569
69 0.002458
70 0.002463
71 0.002210
72 0.002165
73 0.002147
74 0.001892
75 0.001894
76 0.001825
77 0.001712
78 0.001713
79 0.001631
80 0.001632
81 0.001631
82 0.001699
83 0.001719
84 0.001718
85 0.001805
86 0.001803
87 0.001822
88 0.001887
89 0.001885
90 0.001922
91 0.001966
92 0.001964
93 0.002020
94 0.002042
95 0.002041
96 0.002113
97 0.002116
98 0.002127
99 0.002190
100 0.002188
101 0.002216
102 0.002259
103 0.002258
104 0.002301
105 0.002326
106 0.002325
107 0.002382
108 0.002390
109 0.002396
110 0.002453
111 0.002453
112 0.002473
113 0.002514
114 0.002513
115 0.002547
116 0.002572
117 0.002571
118 0.002617
119 0.002628
120 0.002629
121 0.002682
122 0.002681
123 0.002695
124 0.002734
125 0.002733
126 0.002758
127 0.002783
128 0.002783
129 0.002818
130 0.002831
131 0.002830
132 0.002874
133 0.002876
134 0.002884
135 0.002919
136 0.002918
137 0.002936
138 0.002960
139 0.002959
140 0.002985
141 0.002998
142 0.002998
143 0.003031
144 0.003035
145 0.003039
146 0.003069
147 0.003069
148 0.003080
149 0.003100
150 0.003100
151 0.003118
152 0.003130
153 0.003130
154 0.003152
155 0.003157
156 0.003159
157 0.003182
158 0.003182
159 0.003189
160 0.003205
161 0.003204
162 0.003216
163 0.003225
164 0.003225
165 0.003238
166 0.003243
167 0.003243
168 0.003257
169 0.003258
170 0.003261
171 0.003271
172 0.003271
173 0.003276
174 0.003282
175 0.003282
176 0.003288
177 0.003290
178 0.003290
179 0.003295
180 0.003296
181 0.003297
182 0.003299
183 0.003300
184 0.003300
185 0.003301
186 0.003301
187 0.003300
188 0.003299
189 0.003299
190 0.003296
191 0.003296
192 0.003295
193 0.003289
194 0.003289
195 0.003286
196 0.003280
197 0.003281
198 0.003274
199 0.003269
200 0.003269
201 0.003259
202 0.003256
203 0.003256
204 0.003241
205 0.003240
206 0.003235
207 0.003222
208 0.003222
209 0.003212
210 0.003202
211 0.003201
212 0.003185
213 0.003179
214 0.003179
215 0.003155
216 0.003154
217 0.003149
218 0.003127
219 0.003126
220 0.003114
221 0.003097
222 0.003097
223 0.003075
224 0.003065
225 0.003064
226 0.003033
227 0.003030
228 0.003025
229 0.002993
230 0.002993
231 0.002979
232 0.002954
233 0.002954
234 0.002929
235 0.002912
236 0.002912
237 0.002876
238 0.002868
239 0.002865
240 0.002822
241 0.002822
242 0.002807
243 0.002773
244 0.002773
245 0.002746
246 0.002721
247 0.002722
248 0.002680
249 0.002668
250 0.002668
251 0.002612
252 0.002612
253 0.002599
254 0.002554
255 0.002554
256 0.002525
257 0.002493
258 0.002493
259 0.002449
260 0.002429
261 0.002430
262 0.002368
263 0.002364
264 0.002353
265 0.002296
266 0.002296
267 0.002268
268 0.002226
269 0.002226
270 0.002180
271 0.002153
272 0.002153
273 0.002088
274 0.002079
275 0.002071
276 0.002000
277 0.002001
278 0.001975
279 0.001921
280 0.001922
281 0.001875
282 0.001839
283 0.001839
284 0.001771
285 0.001754
286 0.001752
287 0.001667
288 0.001667
289 0.001644
290 0.001577
291 0.001578
292 0.001532
293 0.001485
294 0.001486
295 0.001417
296 0.001391
297 0.001391
298 0.001297
299 0.001294
300 0.001274
301 0.001195
302 0.001194
303 0.001151
304 0.001093
305 0.001093
306 0.001022
307 0.000988
308 0.000988
309 0.000892
310 0.000881
311 0.000867
312 0.000772
313 0.000772
314 0.000710
315 0.000602
316 0.000603
317 0.000603
318 0.000603
319 0.000603
320 0.000407
321 0.000369
322 0.000369
323 0.000368
324 0.000369
325 0.000215
326 0.000145
327 0.000146
328 0.000145
329 0.000145
330 0.000145
331 0.000146
