0 0.348600
1 0.000001
2 0.000050
3 0.000049
4 0.000049
5 0.000096
6 0.000137
7 0.000137
8 0.000144
9 0.000227
10 0.000227
11 0.000227
12 0.000282
13 0.000315
14 0.000315
15 0.000329
16 0.000401
17 0.000401
18 0.000401
19 0.000461
20 0.000485
21 0.000485
22 0.000505
23 0.000567
24 0.000566
25 0.000565
26 0.000629
27 0.000645
28 0.000644
29 0.000669
30 0.000722
31 0.000720
32 0.000718
33 0.000786
34 0.000793
35 0.000791
36 0.000821
37 0.000864
38 0.000861
39 0.000859
40 0.000928
41 0.000929
42 0.000926
43 0.000960
44 0.000993
45 0.000990
46 0.000989
47 0.001055
48 0.001051
49 0.001047
50 0.001085
51 0.001110
52 0.001105
53 0.001110
54 0.001165
55 0.001161
56 0.001156
57 0.001196
58 0.001213
59 0.001209
60 0.001217
61 0.001263
62 0.001258
63 0.001253
64 0.001295
65 0.001305
66 0.001300
67 0.001313
68 0.001350
69 0.001345
70 0.001340
71 0.001384
72 0.001387
73 0.001382
74 0.001398
75 0.001427
76 0.001421
77 0.001416
78 0.001460
79 0.001459
80 0.001453
81 0.001472
82 0.001495
83 0.001489
84 0.001482
85 0.001528
86 0.001522
87 0.001516
88 0.001537
89 0.001553
90 0.001546
91 0.001543
92 0.001575
93 0.001568
94 0.001562
95 0.001584
96 0.001595
97 0.001589
98 0.001590
99 0.001620
100 0.001614
101 0.001607
102 0.001632
103 0.001638
104 0.001631
105 0.001635
106 0.001660
107 0.001654
108 0.001647
109 0.001673
110 0.001674
111 0.001668
112 0.001674
113 0.001694
114 0.001688
115 0.001681
116 0.001705
117 0.001703
118 0.001696
119 0.001705
120 0.001720
121 0.001714
122 0.001707
123 0.001735
124 0.001730
125 0.001724
126 0.001734
127 0.001745
128 0.001739
129 0.001734
130 0.001760
131 0.001753
132 0.001747
133 0.001759
134 0.001765
135 0.001758
136 0.001756
137 0.001777
138 0.001771
139 0.001765
140 0.001779
141 0.001783
142 0.001777
143 0.001777
144 0.001794
145 0.001788
146 0.001782
147 0.001796
148 0.001797
149 0.001791
150 0.001793
151 0.001806
152 0.001801
153 0.001795
154 0.001811
155 0.001810
156 0.001804
157 0.001808
158 0.001817
159 0.001812
160 0.001806
161 0.001822
162 0.001819
163 0.001814
164 0.001819
165 0.001827
166 0.001822
167 0.001817
168 0.001832
169 0.001827
170 0.001823
171 0.001829
172 0.001834
173 0.001829
174 0.001827
175 0.001840
176 0.001836
177 0.001831
178 0.001838
179 0.001840
180 0.001836
181 0.001834
182 0.001846
183 0.001841
184 0.001837
185 0.001845
186 0.001847
187 0.001842
188 0.001842
189 0.001850
190 0.001846
191 0.001842
192 0.001851
193 0.001851
194 0.001847
195 0.001848
196 0.001854
197 0.001851
198 0.001847
199 0.001856
200 0.001854
201 0.001851
202 0.001853
203 0.001858
204 0.001855
205 0.001851
206 0.001860
207 0.001858
208 0.001855
209 0.001858
210 0.001861
211 0.001858
212 0.001856
213 0.001864
214 0.001861
215 0.001858
216 0.001862
217 0.001863
218 0.001861
219 0.001860
220 0.001866
221 0.001864
222 0.001861
223 0.001865
224 0.001866
225 0.001863
226 0.001863
227 0.001867
228 0.001865
229 0.001863
230 0.001866
231 0.001866
232 0.001864
233 0.001865
234 0.001867
235 0.001865
236 0.001863
237 0.001867
238 0.001865
239 0.001863
240 0.001863
241 0.001865
242 0.001862
243 0.001860
244 0.001863
245 0.001861
246 0.001859
247 0.001859
248 0.001860
249 0.001858
250 0.001856
251 0.001858
252 0.001856
253 0.001855
254 0.001855
255 0.001855
256 0.001853
257 0.001851
258 0.001853
259 0.001851
260 0.001849
261 0.001849
262 0.001849
263 0.001847
264 0.001846
265 0.001847
266 0.001845
267 0.001844
268 0.001844
269 0.001843
270 0.001842
271 0.001841
272 0.001840
273 0.001839
274 0.001838
275 0.001837
276 0.001836
277 0.001835
278 0.001834
279 0.001833
280 0.001832
281 0.001831
282 0.001830
283 0.001829
284 0.001828
285 0.001827
286 0.001825
287 0.001824
288 0.001824
289 0.001821
290 0.001821
291 0.001820
292 0.001818
293 0.001817
294 0.001816
295 0.001815
296 0.001812
297 0.001812
298 0.001811
299 0.001809
300 0.001807
301 0.001807
302 0.001806
303 0.001803
304 0.001802
305 0.001802
306 0.001799
307 0.001797
308 0.001797
309 0.001796
310 0.001792
311 0.001792
312 0.001791
313 0.001787
314 0.001786
315 0.001786
316 0.001784
317 0.001780
318 0.001779
319 0.001779
320 0.001774
321 0.001773
322 0.001773
323 0.001770
324 0.001766
325 0.001766
326 0.001766
327 0.001759
328 0.001759
329 0.001759
330 0.001755
331 0.001751
