0 0.346421
1 0.000001
2 0.000250
3 0.000249
4 0.000249
5 0.000249
6 0.000249
7 0.000248
8 0.000250
9 0.000249
10 0.000248
11 0.000249
12 0.000249
13 0.000294
14 0.000299
15 0.000299
16 0.000299
17 0.000299
18 0.000317
19 0.000346
20 0.000347
21 0.000346
22 0.000347
23 0.000346
24 0.000608
25 0.000650
26 0.000649
27 0.000648
28 0.000648
29 0.000663
30 0.000694
31 0.000693
32 0.000692
33 0.000692
34 0.000691
35 0.000824
36 0.000857
37 0.000856
38 0.000855
39 0.000853
40 0.000885
41 0.000971
42 0.000971
43 0.000969
44 0.000968
45 0.000967
46 0.001056
47 0.001088
48 0.001086
49 0.001085
50 0.001083
51 0.001104
52 0.001195
53 0.001193
54 0.001191
55 0.001189
56 0.001188
57 0.001263
58 0.001299
59 0.001298
60 0.001296
61 0.001294
62 0.001306
63 0.001398
64 0.001396
65 0.001394
66 0.001392
67 0.001390
68 0.001453
69 0.001493
70 0.001491
71 0.001488
72 0.001487
73 0.001491
74 0.001586
75 0.001584
76 0.001581
77 0.001578
78 0.001576
79 0.001627
80 0.001673
81 0.001669
82 0.001667
83 0.001664
84 0.001662
85 0.001757
86 0.001754
87 0.001752
88 0.001749
89 0.001746
90 0.001788
91 0.001835
92 0.001832
93 0.001830
94 0.001826
95 0.001823
96 0.001907
97 0.001910
98 0.001907
99 0.001904
100 0.001901
101 0.001933
102 0.001985
103 0.001981
104 0.001978
105 0.001975
106 0.001972
107 0.002044
108 0.002053
109 0.002050
110 0.002046
111 0.002044
112 0.002068
113 0.002122
114 0.002118
115 0.002115
116 0.002112
117 0.002109
118 0.002171
119 0.002184
120 0.002181
121 0.002178
122 0.002175
123 0.002193
124 0.002248
125 0.002245
126 0.002241
127 0.002239
128 0.002236
129 0.002290
130 0.002307
131 0.002304
132 0.002302
133 0.002298
134 0.002310
135 0.002366
136 0.002364
137 0.002360
138 0.002358
139 0.002355
140 0.002400
141 0.002420
142 0.002418
143 0.002415
144 0.002412
145 0.002418
146 0.002476
147 0.002472
148 0.002470
149 0.002467
150 0.002465
151 0.002502
152 0.002526
153 0.002523
154 0.002520
155 0.002518
156 0.002519
157 0.002578
158 0.002574
159 0.002572
160 0.002569
161 0.002567
162 0.002598
163 0.002624
164 0.002622
165 0.002620
166 0.002618
167 0.002616
168 0.002674
169 0.002671
170 0.002669
171 0.002667
172 0.002666
173 0.002691
174 0.002720
175 0.002718
176 0.002717
177 0.002715
178 0.002713
179 0.002764
180 0.002766
181 0.002765
182 0.002765
183 0.002764
184 0.002785
185 0.002817
186 0.002816
187 0.002816
188 0.002817
189 0.002817
190 0.002862
191 0.002869
192 0.002870
193 0.002870
194 0.002870
195 0.002887
196 0.002922
197 0.002923
198 0.002922
199 0.002924
200 0.002924
201 0.002964
202 0.002974
203 0.002975
204 0.002976
205 0.002977
206 0.002991
207 0.003026
208 0.003026
209 0.003028
210 0.003029
211 0.003030
212 0.003064
213 0.003077
214 0.003078
215 0.003079
216 0.003081
217 0.003090
218 0.003126
219 0.003127
220 0.003128
221 0.003130
222 0.003131
223 0.003160
224 0.003175
225 0.003177
226 0.003178
227 0.003179
228 0.003186
229 0.003222
230 0.003224
231 0.003226
232 0.003228
233 0.003230
234 0.003255
235 0.003272
236 0.003274
237 0.003276
238 0.003279
239 0.003283
240 0.003320
241 0.003322
242 0.003324
243 0.003327
244 0.003330
245 0.003351
246 0.003370
247 0.003374
248 0.003376
249 0.003377
250 0.003379
251 0.003413
252 0.003414
253 0.003416
254 0.003417
255 0.003419
256 0.003434
257 0.003453
258 0.003454
259 0.003455
260 0.003457
261 0.003458
262 0.003486
263 0.003490
264 0.003491
265 0.003493
266 0.003495
267 0.003507
268 0.003525
269 0.003526
270 0.003528
271 0.003530
272 0.003532
273 0.003556
274 0.003561
275 0.003562
276 0.003564
277 0.003566
278 0.003576
279 0.003594
280 0.003596
281 0.003598
282 0.003601
283 0.003603
284 0.003623
285 0.003629
286 0.003632
287 0.003635
288 0.003638
289 0.003646
290 0.003664
291 0.003666
292 0.003670
293 0.003673
294 0.003676
295 0.003692
296 0.003701
297 0.003704
298 0.003707
299 0.003711
300 0.003718
301 0.003734
302 0.003738
303 0.003741
304 0.003746
305 0.003750
306 0.003764
307 0.003772
308 0.003777
309 0.003781
310 0.003786
311 0.003792
312 0.003807
313 0.003812
314 0.003817
315 0.003822
316 0.003826
317 0.003837
318 0.003845
319 0.003849
320 0.003852
321 0.003856
322 0.003859
323 0.003871
324 0.003873
325 0.003877
326 0.003880
327 0.003883
328 0.003890
329 0.003895
330 0.003899
331 0.003902
