0 0.341578
1 0.000001
2 0.000312
3 0.000402
4 0.000890
5 0.001059
6 0.001432
7 0.001669
8 0.001942
9 0.002241
10 0.002431
11 0.002771
12 0.002882
13 0.003260
14 0.003339
15 0.003677
16 0.003783
17 0.004051
18 0.004196
19 0.004398
20 0.004568
21 0.004716
22 0.004892
23 0.004996
24 0.005163
25 0.005233
26 0.005359
27 0.005406
28 0.005478
29 0.005516
30 0.005552
31 0.005564
32 0.005575
33 0.005544
34 0.005543
35 0.005450
36 0.005454
37 0.005282
38 0.005275
39 0.005068
40 0.005011
41 0.004803
42 0.004670
43 0.004480
44 0.004259
45 0.004103
46 0.003788
47 0.003684
48 0.003286
49 0.003224
50 0.002834
51 0.002766
52 0.002566
53 0.002470
54 0.002447
55 0.002513
56 0.002577
57 0.002663
58 0.002703
59 0.002806
60 0.002826
61 0.002945
62 0.002961
63 0.003063
64 0.003094
65 0.003174
66 0.003221
67 0.003281
68 0.003344
69 0.003385
70 0.003463
71 0.003486
72 0.003576
73 0.003590
74 0.003679
75 0.003698
76 0.003769
77 0.003802
78 0.003857
79 0.003901
80 0.003940
81 0.003997
82 0.004021
83 0.004087
84 0.004098
85 0.004174
86 0.004184
87 0.004245
88 0.004265
89 0.004312
90 0.004342
91 0.004376
92 0.004415
93 0.004438
94 0.004483
95 0.004496
96 0.004547
97 0.004554
98 0.004601
99 0.004613
100 0.004649
101 0.004667
102 0.004693
103 0.004716
104 0.004734
105 0.004761
106 0.004772
107 0.004801
108 0.004806
109 0.004836
110 0.004841
111 0.004862
112 0.004871
113 0.004885
114 0.004895
115 0.004905
116 0.004916
117 0.004921
118 0.004931
119 0.004934
120 0.004942
121 0.004943
122 0.004948
123 0.004948
124 0.004950
125 0.004948
126 0.004948
127 0.004944
128 0.004942
129 0.004935
130 0.004933
131 0.004920
132 0.004919
133 0.004903
134 0.004899
135 0.004882
136 0.004875
137 0.004859
138 0.004845
139 0.004832
140 0.004812
141 0.004801
142 0.004773
143 0.004767
144 0.004730
145 0.004724
146 0.004689
147 0.004675
148 0.004644
149 0.004622
150 0.004595
151 0.004565
152 0.004543
153 0.004502
154 0.004489
155 0.004434
156 0.004426
157 0.004367
158 0.004353
159 0.004301
160 0.004274
161 0.004232
162 0.004192
163 0.004158
164 0.004105
165 0.004081
166 0.004014
167 0.004001
168 0.003916
169 0.003904
170 0.003830
171 0.003801
172 0.003738
173 0.003694
174 0.003643
175 0.003582
176 0.003546
177 0.003466
178 0.003444
179 0.003345
180 0.003329
181 0.003229
182 0.003203
183 0.003117
184 0.003071
185 0.003001
186 0.002934
187 0.002882
188 0.002794
189 0.002758
190 0.002649
191 0.002629
192 0.002500
193 0.002477
194 0.002366
195 0.002321
196 0.002228
197 0.002159
198 0.002086
199 0.001993
200 0.001941
201 0.001822
202 0.001792
203 0.001646
204 0.001621
205 0.001482
206 0.001440
207 0.001322
208 0.001253
209 0.001158
210 0.001011
211 0.000904
212 0.000904
213 0.000904
214 0.000592
215 0.000553
216 0.000553
217 0.000399
218 0.000218
219 0.000217
220 0.000218
221 0.000218
222 0.000218
223 0.002434
224 0.003633
225 0.005439
226 0.005821
227 0.007888
228 0.008170
229 0.009778
230 0.010245
231 0.011423
232 0.012067
233 0.012872
234 0.013637
235 0.014123
236 0.014955
237 0.015175
238 0.016020
239 0.016083
240 0.016777
241 0.016833
242 0.017255
243 0.017340
244 0.017545
245 0.017615
246 0.017657
247 0.017670
248 0.017599
249 0.017518
250 0.017385
251 0.017183
252 0.017008
253 0.016716
254 0.016484
255 0.016153
256 0.015840
257 0.015518
258 0.015112
259 0.014840
260 0.014335
261 0.014146
262 0.013549
263 0.013410
264 0.012843
265 0.012672
266 0.012238
267 0.012012
268 0.011722
269 0.011397
270 0.011185
271 0.011159
272 0.011206
273 0.010677
274 0.010634
275 0.010999
276 0.011063
277 0.011233
278 0.011300
279 0.011415
280 0.011499
281 0.011587
282 0.011734
283 0.011853
284 0.012000
285 0.012046
286 0.012214
287 0.012248
288 0.012401
289 0.012448
290 0.012569
291 0.012635
292 0.012725
293 0.012807
294 0.012866
295 0.012959
296 0.012990
297 0.013093
298 0.013104
299 0.013201
300 0.013209
301 0.013275
302 0.013291
303 0.013331
304 0.013351
305 0.013368
306 0.013388
307 0.013386
308 0.013393
309 0.013357
310 0.013346
311 0.013306
312 0.013279
313 0.013239
314 0.013202
315 0.013158
316 0.013114
317 0.013059
318 0.013012
319 0.012947
320 0.012904
321 0.012823
322 0.012784
323 0.012691
324 0.012647
325 0.012555
326 0.012492
327 0.012405
328 0.012320
329 0.012243
330 0.012131
331 0.012070
