0 0.339513
1 0.000001
2 0.000889
3 0.001061
4 0.002122
5 0.002466
6 0.003274
7 0.003516
8 0.003787
9 0.004061
10 0.004064
11 0.004372
12 0.004355
13 0.004694
14 0.004574
15 0.004833
16 0.004806
17 0.005005
18 0.005061
19 0.005196
20 0.005297
21 0.005375
22 0.005499
23 0.005530
24 0.005654
25 0.005650
26 0.005750
27 0.005732
28 0.005772
29 0.005755
30 0.005759
31 0.005739
32 0.005723
33 0.005683
34 0.005660
35 0.005591
36 0.005574
37 0.005460
38 0.005440
39 0.005301
40 0.005252
41 0.005110
42 0.005015
43 0.004883
44 0.004728
45 0.004619
46 0.004393
47 0.004318
48 0.004147
49 0.004107
50 0.003437
51 0.003509
52 0.003857
53 0.003551
54 0.002986
55 0.002735
56 0.002493
57 0.002582
58 0.002657
59 0.002799
60 0.002831
61 0.003055
62 0.003085
63 0.003312
64 0.003381
65 0.003577
66 0.003692
67 0.003844
68 0.004005
69 0.004106
70 0.004310
71 0.004358
72 0.004602
73 0.004618
74 0.004858
75 0.004888
76 0.005074
77 0.005142
78 0.005274
79 0.005377
80 0.005461
81 0.005594
82 0.005632
83 0.005792
84 0.005789
85 0.005971
86 0.005964
87 0.006100
88 0.006122
89 0.006219
90 0.006266
91 0.006328
92 0.006400
93 0.006433
94 0.006525
95 0.006530
96 0.006635
97 0.006624
98 0.006712
99 0.006706
100 0.006762
101 0.006769
102 0.006799
103 0.006819
104 0.006829
105 0.006854
106 0.006842
107 0.006866
108 0.006840
109 0.006866
110 0.006843
111 0.006852
112 0.006832
113 0.006823
114 0.006801
115 0.006783
116 0.006767
117 0.006746
118 0.006726
119 0.006701
120 0.006667
121 0.006635
122 0.006594
123 0.006561
124 0.006517
125 0.006478
126 0.006434
127 0.006385
128 0.006343
129 0.006279
130 0.006242
131 0.006162
132 0.006130
133 0.006042
134 0.006014
135 0.005939
136 0.005902
137 0.005844
138 0.005797
139 0.005756
140 0.005691
141 0.005666
142 0.005579
143 0.005574
144 0.005457
145 0.005454
146 0.005346
147 0.005320
148 0.005226
149 0.005172
150 0.005098
151 0.005010
152 0.004958
153 0.004829
154 0.004802
155 0.004634
156 0.004620
157 0.004433
158 0.004401
159 0.004238
160 0.004166
161 0.004031
162 0.003910
163 0.003806
164 0.003633
165 0.003562
166 0.003334
167 0.003302
168 0.003014
169 0.002976
170 0.002720
171 0.002634
172 0.002434
173 0.002283
174 0.002107
175 0.001889
176 0.001758
177 0.001479
178 0.001400
179 0.001055
180 0.000946
181 0.000214
182 0.000214
183 0.000214
184 0.000223
185 0.000512
186 0.001059
187 0.001505
188 0.002171
189 0.002455
190 0.003219
191 0.003369
192 0.004219
193 0.004395
194 0.005096
195 0.005432
196 0.006046
197 0.006528
198 0.007061
199 0.007701
200 0.008182
201 0.008951
202 0.009274
203 0.010035
204 0.010273
205 0.010966
206 0.011313
207 0.011924
208 0.012258
209 0.012564
210 0.012828
211 0.013039
212 0.013332
213 0.013440
214 0.013680
215 0.013724
216 0.013919
217 0.013938
218 0.014030
219 0.014035
220 0.014053
221 0.014017
222 0.013966
223 0.013852
224 0.013735
225 0.013515
226 0.013359
227 0.013012
228 0.012790
229 0.012358
230 0.012019
231 0.011529
232 0.011095
233 0.010626
234 0.010106
235 0.009637
236 0.008964
237 0.008480
238 0.007822
239 0.007613
240 0.007036
241 0.006792
242 0.006319
243 0.006113
244 0.005826
245 0.005560
246 0.005328
247 0.004912
248 0.004748
249 0.004174
250 0.004100
251 0.003279
252 0.003190
253 0.002739
254 0.002432
255 0.001741
256 0.000984
257 0.000179
258 0.000179
259 0.000179
260 0.001507
261 0.001927
262 0.003025
263 0.003186
264 0.004110
265 0.004343
266 0.005086
267 0.005516
268 0.006210
269 0.006646
270 0.006982
271 0.007542
272 0.007737
273 0.008339
274 0.008403
275 0.009023
276 0.009085
277 0.009542
278 0.009678
279 0.009999
280 0.010193
281 0.010401
282 0.010637
283 0.010756
284 0.011019
285 0.011072
286 0.011356
287 0.011414
288 0.011663
289 0.011769
290 0.011982
291 0.012128
292 0.012300
293 0.012436
294 0.012564
295 0.012665
296 0.012766
297 0.012807
298 0.012874
299 0.012820
300 0.012846
301 0.012767
302 0.012761
303 0.012678
304 0.012588
305 0.012497
306 0.012301
307 0.012239
308 0.011915
309 0.011907
310 0.011446
311 0.011431
312 0.010946
313 0.010797
314 0.010341
315 0.010046
316 0.009662
317 0.009186
318 0.008882
319 0.008241
320 0.008062
321 0.007117
322 0.006984
323 0.006015
324 0.005752
325 0.004767
326 0.004320
327 0.003574
328 0.002874
329 0.002266
330 0.001160
331 0.000767
