0 0.348600
1 0.000001
2 0.000074
3 0.000074
4 0.000164
5 0.000205
6 0.000257
7 0.000340
8 0.000351
9 0.000473
10 0.000472
11 0.000573
12 0.000602
13 0.000661
14 0.000728
15 0.000747
16 0.000851
17 0.000848
18 0.000953
19 0.000966
20 0.001031
21 0.001081
22 0.001107
23 0.001191
24 0.001187
25 0.001291
26 0.001292
27 0.001358
28 0.001393
29 0.001423
30 0.001490
31 0.001485
32 0.001582
33 0.001573
34 0.001641
35 0.001661
36 0.001694
37 0.001744
38 0.001745
39 0.001823
40 0.001812
41 0.001879
42 0.001886
43 0.001922
44 0.001957
45 0.001964
46 0.002026
47 0.002013
48 0.002079
49 0.002077
50 0.002114
51 0.002137
52 0.002147
53 0.002193
54 0.002180
55 0.002245
56 0.002233
57 0.002271
58 0.002283
59 0.002296
60 0.002330
61 0.002318
62 0.002362
63 0.002347
64 0.002385
65 0.002388
66 0.002403
67 0.002426
68 0.002420
69 0.002462
70 0.002447
71 0.002485
72 0.002480
73 0.002498
74 0.002512
75 0.002510
76 0.002542
77 0.002527
78 0.002560
79 0.002550
80 0.002569
81 0.002576
82 0.002578
83 0.002601
84 0.002587
85 0.002624
86 0.002610
87 0.002630
88 0.002631
89 0.002635
90 0.002648
91 0.002638
92 0.002667
93 0.002653
94 0.002675
95 0.002671
96 0.002678
97 0.002688
98 0.002682
99 0.002701
100 0.002688
101 0.002710
102 0.002703
103 0.002712
104 0.002716
105 0.002713
106 0.002727
107 0.002715
108 0.002737
109 0.002727
110 0.002738
111 0.002738
112 0.002738
113 0.002747
114 0.002737
115 0.002757
116 0.002747
117 0.002758
118 0.002756
119 0.002757
120 0.002763
121 0.002756
122 0.002771
123 0.002762
124 0.002774
125 0.002770
126 0.002772
127 0.002775
128 0.002771
129 0.002782
130 0.002773
131 0.002785
132 0.002779
133 0.002784
134 0.002785
135 0.002783
136 0.002790
137 0.002783
138 0.002795
139 0.002788
140 0.002794
141 0.002793
142 0.002793
143 0.002798
144 0.002792
145 0.002801
146 0.002795
147 0.002801
148 0.002799
149 0.002800
150 0.002802
151 0.002799
152 0.002805
153 0.002800
154 0.002805
155 0.002802
156 0.002803
157 0.002804
158 0.002801
159 0.002804
160 0.002799
161 0.002802
162 0.002798
163 0.002798
164 0.002796
165 0.002793
166 0.002794
167 0.002789
168 0.002792
169 0.002787
170 0.002787
171 0.002785
172 0.002783
173 0.002783
174 0.002779
175 0.002779
176 0.002776
177 0.002775
178 0.002773
179 0.002771
180 0.002769
181 0.002766
182 0.002765
183 0.002762
184 0.002760
185 0.002758
186 0.002756
187 0.002754
188 0.002751
189 0.002748
190 0.002747
191 0.002743
192 0.002741
193 0.002738
194 0.002736
195 0.002733
196 0.002730
197 0.002728
198 0.002723
199 0.002722
200 0.002718
201 0.002715
202 0.002712
203 0.002708
204 0.002707
205 0.002701
206 0.002700
207 0.002694
208 0.002693
209 0.002688
210 0.002684
211 0.002682
212 0.002674
213 0.002674
214 0.002665
215 0.002664
216 0.002658
217 0.002653
218 0.002650
219 0.002643
220 0.002642
221 0.002631
222 0.002631
223 0.002623
224 0.002620
225 0.002615
226 0.002607
227 0.002607
228 0.002595
229 0.002595
230 0.002585
231 0.002582
232 0.002576
233 0.002569
234 0.002567
235 0.002554
236 0.002556
237 0.002543
238 0.002541
239 0.002533
240 0.002526
241 0.002523
242 0.002510
243 0.002512
244 0.002496
245 0.002496
246 0.002486
247 0.002480
248 0.002476
249 0.002463
250 0.002465
251 0.002446
252 0.002448
253 0.002435
254 0.002430
255 0.002423
256 0.002412
257 0.002412
258 0.002393
259 0.002395
260 0.002378
261 0.002375
262 0.002366
263 0.002355
264 0.002353
265 0.002334
266 0.002336
267 0.002316
268 0.002315
269 0.002302
270 0.002292
271 0.002288
272 0.002269
273 0.002272
274 0.002247
275 0.002248
276 0.002232
277 0.002224
278 0.002217
279 0.002199
280 0.002201
281 0.002174
282 0.002177
283 0.002157
284 0.002151
285 0.002141
286 0.002125
287 0.002124
288 0.002098
289 0.002101
290 0.002077
291 0.002074
292 0.002060
293 0.002046
294 0.002042
295 0.002018
296 0.002021
297 0.001993
298 0.001992
299 0.001975
300 0.001963
301 0.001956
302 0.001933
303 0.001937
304 0.001904
305 0.001906
306 0.001885
307 0.001875
308 0.001865
309 0.001845
310 0.001846
311 0.001813
312 0.001816
313 0.001791
314 0.001785
315 0.001771
316 0.001753
317 0.001750
318 0.001720
319 0.001723
320 0.001693
321 0.001690
322 0.001672
323 0.001657
324 0.001651
325 0.001623
326 0.001627
327 0.001593
328 0.001593
329 0.001571
330 0.001559
331 0.001550
