0 0.320208
1 0.000001
2 0.000087
3 0.000087
4 0.000086
5 0.000135
6 0.000182
7 0.000181
8 0.000190
9 0.000285
10 0.000284
11 0.000284
12 0.000348
13 0.000386
14 0.000384
15 0.000400
16 0.000482
17 0.000480
18 0.000478
19 0.000546
20 0.000571
21 0.000569
22 0.000589
23 0.000657
24 0.000653
25 0.000648
26 0.000726
27 0.000742
28 0.000737
29 0.000760
30 0.000812
31 0.000805
32 0.000798
33 0.000864
34 0.000866
35 0.000859
36 0.000887
37 0.000929
38 0.000923
39 0.000917
40 0.000984
41 0.000983
42 0.000979
43 0.001015
44 0.001052
45 0.001052
46 0.001055
47 0.001125
48 0.001126
49 0.001128
50 0.001173
51 0.001206
52 0.001207
53 0.001217
54 0.001280
55 0.001281
56 0.001283
57 0.001333
58 0.001359
59 0.001361
60 0.001376
61 0.001432
62 0.001433
63 0.001436
64 0.001490
65 0.001510
66 0.001512
67 0.001533
68 0.001581
69 0.001583
70 0.001586
71 0.001644
72 0.001658
73 0.001661
74 0.001686
75 0.001728
76 0.001731
77 0.001734
78 0.001796
79 0.001804
80 0.001807
81 0.001838
82 0.001873
83 0.001876
84 0.001878
85 0.001942
86 0.001944
87 0.001946
88 0.001979
89 0.002007
90 0.002007
91 0.002012
92 0.002064
93 0.002063
94 0.002062
95 0.002095
96 0.002115
97 0.002115
98 0.002124
99 0.002170
100 0.002172
101 0.002174
102 0.002215
103 0.002235
104 0.002239
105 0.002256
106 0.002299
107 0.002303
108 0.002307
109 0.002351
110 0.002365
111 0.002369
112 0.002389
113 0.002426
114 0.002429
115 0.002433
116 0.002479
117 0.002488
118 0.002492
119 0.002514
120 0.002544
121 0.002546
122 0.002547
123 0.002590
124 0.002592
125 0.002591
126 0.002611
127 0.002630
128 0.002627
129 0.002626
130 0.002662
131 0.002659
132 0.002656
133 0.002676
134 0.002690
135 0.002687
136 0.002688
137 0.002718
138 0.002715
139 0.002712
140 0.002733
141 0.002742
142 0.002739
143 0.002743
144 0.002767
145 0.002764
146 0.002761
147 0.002782
148 0.002787
149 0.002784
150 0.002790
151 0.002809
152 0.002805
153 0.002802
154 0.002823
155 0.002825
156 0.002821
157 0.002829
158 0.002843
159 0.002839
160 0.002836
161 0.002856
162 0.002855
163 0.002852
164 0.002859
165 0.002869
166 0.002866
167 0.002863
168 0.002882
169 0.002879
170 0.002876
171 0.002884
172 0.002891
173 0.002888
174 0.002887
175 0.002901
176 0.002898
177 0.002896
178 0.002905
179 0.002909
180 0.002907
181 0.002907
182 0.002918
183 0.002916
184 0.002914
185 0.002922
186 0.002924
187 0.002923
188 0.002924
189 0.002932
190 0.002931
191 0.002930
192 0.002937
193 0.002938
194 0.002936
195 0.002939
196 0.002944
197 0.002943
198 0.002942
199 0.002948
200 0.002948
201 0.002947
202 0.002950
203 0.002952
204 0.002952
205 0.002952
206 0.002956
207 0.002956
208 0.002955
209 0.002957
210 0.002958
211 0.002958
212 0.002958
213 0.002960
214 0.002960
215 0.002960
216 0.002960
217 0.002961
218 0.002961
219 0.002961
220 0.002960
221 0.002961
222 0.002961
223 0.002960
224 0.002960
225 0.002960
226 0.002959
227 0.002956
228 0.002957
229 0.002957
230 0.002953
231 0.002952
232 0.002953
233 0.002951
234 0.002946
235 0.002947
236 0.002947
237 0.002940
238 0.002940
239 0.002940
240 0.002936
241 0.002930
242 0.002931
243 0.002931
244 0.002921
245 0.002921
246 0.002922
247 0.002917
248 0.002910
249 0.002911
250 0.002912
251 0.002898
252 0.002900
253 0.002901
254 0.002893
255 0.002887
256 0.002889
257 0.002889
258 0.002874
259 0.002875
260 0.002877
261 0.002866
262 0.002861
263 0.002863
264 0.002861
265 0.002846
266 0.002848
267 0.002850
268 0.002836
269 0.002832
270 0.002835
271 0.002831
272 0.002815
273 0.002817
274 0.002820
275 0.002802
276 0.002799
277 0.002802
278 0.002796
279 0.002781
280 0.002784
281 0.002787
282 0.002765
283 0.002764
284 0.002768
285 0.002758
286 0.002744
287 0.002748
288 0.002751
289 0.002723
290 0.002726
291 0.002730
292 0.002717
293 0.002704
294 0.002708
295 0.002711
296 0.002680
297 0.002685
298 0.002690
299 0.002672
300 0.002660
301 0.002665
302 0.002665
303 0.002635
304 0.002640
305 0.002645
306 0.002622
307 0.002613
308 0.002619
309 0.002615
310 0.002585
311 0.002591
312 0.002596
313 0.002567
314 0.002561
315 0.002567
316 0.002559
317 0.002531
318 0.002537
319 0.002543
320 0.002506
321 0.002504
322 0.002510
323 0.002496
324 0.002469
325 0.002475
326 0.002482
327 0.002439
328 0.002442
329 0.002448
330 0.002428
331 0.002402
