0 0.361342
1 0.000001
2 0.000060
3 0.000060
4 0.000060
5 0.000123
6 0.000176
7 0.000176
8 0.000186
9 0.000291
10 0.000290
11 0.000290
12 0.000360
13 0.000402
14 0.000402
15 0.000420
16 0.000511
17 0.000511
18 0.000510
19 0.000586
20 0.000617
21 0.000616
22 0.000642
23 0.000720
24 0.000719
25 0.000718
26 0.000799
27 0.000819
28 0.000818
29 0.000851
30 0.000916
31 0.000915
32 0.000913
33 0.000998
34 0.001008
35 0.001007
36 0.001045
37 0.001099
38 0.001096
39 0.001094
40 0.001182
41 0.001183
42 0.001180
43 0.001223
44 0.001266
45 0.001263
46 0.001264
47 0.001346
48 0.001342
49 0.001339
50 0.001388
51 0.001421
52 0.001417
53 0.001424
54 0.001494
55 0.001489
56 0.001485
57 0.001535
58 0.001558
59 0.001553
60 0.001565
61 0.001623
62 0.001618
63 0.001613
64 0.001667
65 0.001681
66 0.001676
67 0.001692
68 0.001738
69 0.001732
70 0.001726
71 0.001779
72 0.001785
73 0.001778
74 0.001798
75 0.001835
76 0.001828
77 0.001821
78 0.001874
79 0.001872
80 0.001864
81 0.001886
82 0.001913
83 0.001905
84 0.001896
85 0.001948
86 0.001940
87 0.001931
88 0.001954
89 0.001972
90 0.001963
91 0.001958
92 0.002000
93 0.001991
94 0.001981
95 0.002006
96 0.002017
97 0.002008
98 0.002007
99 0.002041
100 0.002032
101 0.002023
102 0.002049
103 0.002054
104 0.002046
105 0.002049
106 0.002076
107 0.002068
108 0.002060
109 0.002088
110 0.002089
111 0.002081
112 0.002088
113 0.002109
114 0.002101
115 0.002093
116 0.002122
117 0.002119
118 0.002111
119 0.002120
120 0.002135
121 0.002127
122 0.002119
123 0.002147
124 0.002141
125 0.002134
126 0.002144
127 0.002154
128 0.002147
129 0.002141
130 0.002167
131 0.002159
132 0.002152
133 0.002164
134 0.002170
135 0.002163
136 0.002159
137 0.002179
138 0.002171
139 0.002164
140 0.002176
141 0.002178
142 0.002170
143 0.002169
144 0.002183
145 0.002175
146 0.002168
147 0.002180
148 0.002179
149 0.002172
150 0.002172
151 0.002182
152 0.002175
153 0.002169
154 0.002181
155 0.002178
156 0.002171
157 0.002173
158 0.002180
159 0.002173
160 0.002167
161 0.002179
162 0.002174
163 0.002168
164 0.002171
165 0.002175
166 0.002169
167 0.002163
168 0.002174
169 0.002169
170 0.002163
171 0.002166
172 0.002168
173 0.002163
174 0.002159
175 0.002167
176 0.002162
177 0.002157
178 0.002160
179 0.002160
180 0.002155
181 0.002152
182 0.002157
183 0.002153
184 0.002148
185 0.002151
186 0.002151
187 0.002149
188 0.002150
189 0.002156
190 0.002157
191 0.002158
192 0.002167
193 0.002170
194 0.002173
195 0.002177
196 0.002184
197 0.002186
198 0.002189
199 0.002196
200 0.002199
201 0.002202
202 0.002206
203 0.002212
204 0.002214
205 0.002217
206 0.002223
207 0.002225
208 0.002228
209 0.002231
210 0.002235
211 0.002237
212 0.002239
213 0.002241
214 0.002243
215 0.002244
216 0.002246
217 0.002248
218 0.002250
219 0.002252
220 0.002254
221 0.002257
222 0.002260
223 0.002262
224 0.002264
225 0.002267
226 0.002269
227 0.002270
228 0.002273
229 0.002276
230 0.002276
231 0.002278
232 0.002281
233 0.002282
234 0.002281
235 0.002283
236 0.002286
237 0.002282
238 0.002283
239 0.002285
240 0.002284
241 0.002281
242 0.002282
243 0.002284
244 0.002278
245 0.002280
246 0.002282
247 0.002279
248 0.002276
249 0.002278
250 0.002280
251 0.002271
252 0.002274
253 0.002276
254 0.002272
255 0.002269
256 0.002272
257 0.002273
258 0.002263
259 0.002266
260 0.002269
261 0.002262
262 0.002259
263 0.002263
264 0.002263
265 0.002252
266 0.002256
267 0.002259
268 0.002250
269 0.002248
270 0.002252
271 0.002251
272 0.002240
273 0.002244
274 0.002248
275 0.002235
276 0.002235
277 0.002239
278 0.002236
279 0.002225
280 0.002230
281 0.002234
282 0.002218
283 0.002219
284 0.002224
285 0.002218
286 0.002208
287 0.002214
288 0.002219
289 0.002198
290 0.002202
291 0.002208
292 0.002199
293 0.002190
294 0.002195
295 0.002200
296 0.002177
297 0.002183
298 0.002189
299 0.002176
300 0.002169
301 0.002175
302 0.002177
303 0.002154
304 0.002161
305 0.002167
306 0.002150
307 0.002145
308 0.002151
309 0.002149
310 0.002126
311 0.002132
312 0.002138
313 0.002114
314 0.002110
315 0.002116
316 0.002109
317 0.002086
318 0.002092
319 0.002097
320 0.002067
321 0.002066
322 0.002072
323 0.002061
324 0.002038
325 0.002044
326 0.002050
327 0.002013
328 0.002015
329 0.002021
330 0.002004
331 0.001984
