0 0.361342
1 0.000001
2 0.000254
3 0.000254
4 0.000254
5 0.000254
6 0.000254
7 0.000474
8 0.000726
9 0.000725
10 0.000724
11 0.000723
12 0.000722
13 0.001125
14 0.001152
15 0.001149
16 0.001147
17 0.001144
18 0.001299
19 0.001531
20 0.001527
21 0.001522
22 0.001518
23 0.001513
24 0.001814
25 0.001855
26 0.001848
27 0.001841
28 0.001834
29 0.001932
30 0.002132
31 0.002123
32 0.002114
33 0.002105
34 0.002096
35 0.002305
36 0.002348
37 0.002337
38 0.002325
39 0.002314
40 0.002365
41 0.002524
42 0.002510
43 0.002497
44 0.002486
45 0.002474
46 0.002607
47 0.002647
48 0.002634
49 0.002620
50 0.002607
51 0.002626
52 0.002742
53 0.002727
54 0.002711
55 0.002696
56 0.002681
57 0.002753
58 0.002782
59 0.002767
60 0.002752
61 0.002737
62 0.002735
63 0.002804
64 0.002790
65 0.002776
66 0.002762
67 0.002748
68 0.002775
69 0.002788
70 0.002774
71 0.002760
72 0.002746
73 0.002735
74 0.002757
75 0.002743
76 0.002728
77 0.002714
78 0.002699
79 0.002691
80 0.002682
81 0.002667
82 0.002652
83 0.002637
84 0.002623
85 0.002595
86 0.002581
87 0.002566
88 0.002551
89 0.002537
90 0.002505
91 0.002471
92 0.002457
93 0.002443
94 0.002428
95 0.002414
96 0.002347
97 0.002329
98 0.002316
99 0.002302
100 0.002289
101 0.002244
102 0.002185
103 0.002172
104 0.002160
105 0.002148
106 0.002136
107 0.002039
108 0.002014
109 0.002003
110 0.001992
111 0.001981
112 0.001931
113 0.001843
114 0.001833
115 0.001824
116 0.001814
117 0.001804
118 0.001688
119 0.001654
120 0.001646
121 0.001638
122 0.001630
123 0.001582
124 0.001465
125 0.001458
126 0.001452
127 0.001445
128 0.001439
129 0.001311
130 0.001262
131 0.001257
132 0.001251
133 0.001246
134 0.001205
135 0.001056
136 0.001052
137 0.001048
138 0.001044
139 0.001040
140 0.000906
141 0.000838
142 0.000835
143 0.000833
144 0.000830
145 0.000799
146 0.000614
147 0.000612
148 0.000611
149 0.000610
150 0.000608
151 0.000471
152 0.000379
153 0.000378
154 0.000378
155 0.000377
156 0.000361
157 0.000133
158 0.000133
159 0.000133
160 0.000133
161 0.000133
162 0.000065
163 0.000006
164 0.000006
165 0.000006
166 0.000006
167 0.000006
168 0.000405
169 0.000405
170 0.000406
171 0.000406
172 0.000406
173 0.000529
174 0.000669
175 0.000671
176 0.000671
177 0.000672
178 0.000673
179 0.000914
180 0.000932
181 0.000934
182 0.000935
183 0.000937
184 0.001039
185 0.001191
186 0.001193
187 0.001195
188 0.001197
189 0.001198
190 0.001412
191 0.001446
192 0.001448
193 0.001449
194 0.001449
195 0.001530
196 0.001690
197 0.001690
198 0.001692
199 0.001692
200 0.001693
201 0.001880
202 0.001927
203 0.001928
204 0.001929
205 0.001930
206 0.001992
207 0.002158
208 0.002159
209 0.002161
210 0.002162
211 0.002164
212 0.002327
213 0.002388
214 0.002392
215 0.002396
216 0.002401
217 0.002449
218 0.002627
219 0.002634
220 0.002642
221 0.002650
222 0.002658
223 0.002808
224 0.002888
225 0.002900
226 0.002912
227 0.002926
228 0.002967
229 0.003162
230 0.003179
231 0.003195
232 0.003211
233 0.003224
234 0.003358
235 0.003449
236 0.003456
237 0.003461
238 0.003465
239 0.003482
240 0.003667
241 0.003660
242 0.003649
243 0.003635
244 0.003620
245 0.003704
246 0.003773
247 0.003756
248 0.003736
249 0.003715
250 0.003692
251 0.003839
252 0.003812
253 0.003786
254 0.003762
255 0.003741
256 0.003797
257 0.003865
258 0.003849
259 0.003837
260 0.003827
261 0.003820
262 0.003959
263 0.003968
264 0.003968
265 0.003967
266 0.003966
267 0.004023
268 0.004109
269 0.004108
270 0.004107
271 0.004107
272 0.004106
273 0.004223
274 0.004240
275 0.004239
276 0.004238
277 0.004237
278 0.004279
279 0.004365
280 0.004364
281 0.004364
282 0.004363
283 0.004363
284 0.004460
285 0.004484
286 0.004484
287 0.004483
288 0.004483
289 0.004513
290 0.004598
291 0.004598
292 0.004598
293 0.004598
294 0.004597
295 0.004677
296 0.004706
297 0.004707
298 0.004707
299 0.004708
300 0.004730
301 0.004813
302 0.004815
303 0.004818
304 0.004821
305 0.004824
306 0.004891
307 0.004924
308 0.004926
309 0.004927
310 0.004928
311 0.004941
312 0.005018
313 0.005018
314 0.005019
315 0.005020
316 0.005021
317 0.005072
318 0.005105
319 0.005106
320 0.005107
321 0.005108
322 0.005114
323 0.005186
324 0.005189
325 0.005194
326 0.005197
327 0.005197
328 0.005223
329 0.005231
330 0.005182
331 0.005102
