0 0.320208
1 0.000001
2 0.000043
3 0.000043
4 0.000043
5 0.000043
6 0.000043
7 0.000043
8 0.000047
9 0.000091
10 0.000091
11 0.000091
12 0.000091
13 0.000091
14 0.000091
15 0.000099
16 0.000143
17 0.000143
18 0.000142
19 0.000142
20 0.000142
21 0.000142
22 0.000155
23 0.000193
24 0.000193
25 0.000193
26 0.000192
27 0.000192
28 0.000192
29 0.000209
30 0.000242
31 0.000241
32 0.000241
33 0.000240
34 0.000240
35 0.000239
36 0.000259
37 0.000287
38 0.000286
39 0.000286
40 0.000285
41 0.000284
42 0.000283
43 0.000307
44 0.000330
45 0.000328
46 0.000327
47 0.000326
48 0.000325
49 0.000324
50 0.000353
51 0.000374
52 0.000373
53 0.000371
54 0.000370
55 0.000368
56 0.000367
57 0.000395
58 0.000408
59 0.000406
60 0.000404
61 0.000402
62 0.000401
63 0.000399
64 0.000429
65 0.000437
66 0.000435
67 0.000433
68 0.000431
69 0.000429
70 0.000427
71 0.000461
72 0.000466
73 0.000465
74 0.000463
75 0.000461
76 0.000460
77 0.000458
78 0.000492
79 0.000494
80 0.000492
81 0.000491
82 0.000490
83 0.000489
84 0.000489
85 0.000527
86 0.000526
87 0.000526
88 0.000526
89 0.000526
90 0.000526
91 0.000529
92 0.000562
93 0.000563
94 0.000563
95 0.000563
96 0.000563
97 0.000564
98 0.000570
99 0.000602
100 0.000602
101 0.000603
102 0.000603
103 0.000603
104 0.000604
105 0.000613
106 0.000639
107 0.000640
108 0.000640
109 0.000641
110 0.000641
111 0.000641
112 0.000654
113 0.000678
114 0.000679
115 0.000679
116 0.000680
117 0.000680
118 0.000681
119 0.000695
120 0.000715
121 0.000716
122 0.000716
123 0.000717
124 0.000717
125 0.000718
126 0.000736
127 0.000754
128 0.000754
129 0.000755
130 0.000755
131 0.000756
132 0.000756
133 0.000776
134 0.000790
135 0.000790
136 0.000791
137 0.000792
138 0.000792
139 0.000793
140 0.000816
141 0.000828
142 0.000828
143 0.000829
144 0.000830
145 0.000830
146 0.000831
147 0.000855
148 0.000863
149 0.000864
150 0.000865
151 0.000866
152 0.000866
153 0.000867
154 0.000894
155 0.000901
156 0.000901
157 0.000902
158 0.000903
159 0.000904
160 0.000904
161 0.000932
162 0.000936
163 0.000936
164 0.000937
165 0.000938
166 0.000938
167 0.000939
168 0.000970
169 0.000971
170 0.000972
171 0.000972
172 0.000973
173 0.000973
174 0.000976
175 0.001003
176 0.001003
177 0.001003
178 0.001003
179 0.001003
180 0.001003
181 0.001008
182 0.001032
183 0.001032
184 0.001032
185 0.001031
186 0.001031
187 0.001031
188 0.001037
189 0.001058
190 0.001058
191 0.001057
192 0.001057
193 0.001057
194 0.001057
195 0.001066
196 0.001085
197 0.001085
198 0.001085
199 0.001086
200 0.001086
201 0.001087
202 0.001099
203 0.001115
204 0.001116
205 0.001117
206 0.001118
207 0.001119
208 0.001120
209 0.001134
210 0.001148
211 0.001149
212 0.001150
213 0.001151
214 0.001152
215 0.001153
216 0.001169
217 0.001181
218 0.001181
219 0.001183
220 0.001184
221 0.001184
222 0.001186
223 0.001203
224 0.001212
225 0.001213
226 0.001214
227 0.001215
228 0.001216
229 0.001216
230 0.001236
231 0.001242
232 0.001243
233 0.001244
234 0.001245
235 0.001246
236 0.001247
237 0.001267
238 0.001271
239 0.001272
240 0.001272
241 0.001273
242 0.001273
243 0.001274
244 0.001294
245 0.001296
246 0.001296
247 0.001296
248 0.001296
249 0.001295
250 0.001295
251 0.001316
252 0.001315
253 0.001315
254 0.001314
255 0.001313
256 0.001313
257 0.001314
258 0.001331
259 0.001331
260 0.001330
261 0.001329
262 0.001328
263 0.001328
264 0.001330
265 0.001346
266 0.001346
267 0.001345
268 0.001344
269 0.001343
270 0.001343
271 0.001346
272 0.001360
273 0.001359
274 0.001358
275 0.001358
276 0.001357
277 0.001356
278 0.001362
279 0.001372
280 0.001372
281 0.001371
282 0.001370
283 0.001369
284 0.001369
285 0.001375
286 0.001384
287 0.001383
288 0.001383
289 0.001382
290 0.001381
291 0.001380
292 0.001388
293 0.001395
294 0.001394
295 0.001394
296 0.001393
297 0.001392
298 0.001391
299 0.001399
300 0.001405
301 0.001404
302 0.001403
303 0.001403
304 0.001402
305 0.001401
306 0.001410
307 0.001414
308 0.001413
309 0.001412
310 0.001411
311 0.001411
312 0.001410
313 0.001419
314 0.001422
315 0.001421
316 0.001420
317 0.001420
318 0.001419
319 0.001418
320 0.001428
321 0.001429
322 0.001428
323 0.001427
324 0.001427
325 0.001426
326 0.001425
327 0.001435
328 0.001435
329 0.001434
330 0.001434
331 0.001433
