0 0.356202
1 0.000001
2 0.000095
3 0.000095
4 0.000094
5 0.000095
6 0.000094
7 0.000095
8 0.000095
9 0.000095
10 0.000094
11 0.000095
12 0.000095
13 0.000095
14 0.000095
15 0.000095
16 0.000094
17 0.000095
18 0.000095
19 0.000095
20 0.000095
21 0.000094
22 0.000095
23 0.000095
24 0.000095
25 0.000095
26 0.000094
27 0.000095
28 0.000094
29 0.000095
30 0.000095
31 0.000095
32 0.000095
33 0.000095
34 0.000094
35 0.000095
36 0.000095
37 0.000094
38 0.000095
39 0.000095
40 0.000095
41 0.000095
42 0.000095
43 0.000095
44 0.000094
45 0.000094
46 0.000095
47 0.000095
48 0.000095
49 0.000095
50 0.000095
51 0.000095
52 0.000095
53 0.000095
54 0.000095
55 0.000095
56 0.000095
57 0.000095
58 0.000095
59 0.000095
60 0.000095
61 0.000095
62 0.000131
63 0.000367
64 0.000367
65 0.000366
66 0.000366
67 0.000366
68 0.000366
69 0.000366
70 0.000367
71 0.000367
72 0.000366
73 0.000367
74 0.000366
75 0.000366
76 0.000367
77 0.000367
78 0.000367
79 0.000451
80 0.000526
81 0.000525
82 0.000525
83 0.000525
84 0.000525
85 0.000525
86 0.000525
87 0.000525
88 0.000525
89 0.000525
90 0.000595
91 0.000673
92 0.000674
93 0.000674
94 0.000674
95 0.000674
96 0.000674
97 0.000674
98 0.000674
99 0.000674
100 0.000674
101 0.000740
102 0.000841
103 0.000840
104 0.000841
105 0.000840
106 0.000841
107 0.000840
108 0.000840
109 0.000841
110 0.000840
111 0.000840
112 0.000886
113 0.000977
114 0.000977
115 0.000977
116 0.000976
117 0.000977
118 0.001054
119 0.001073
120 0.001074
121 0.001073
122 0.001074
123 0.001101
124 0.001175
125 0.001175
126 0.001175
127 0.001175
128 0.001175
129 0.001253
130 0.001281
131 0.001280
132 0.001281
133 0.001281
134 0.001303
135 0.001391
136 0.001391
137 0.001391
138 0.001391
139 0.001391
140 0.001467
141 0.001505
142 0.001505
143 0.001506
144 0.001505
145 0.001521
146 0.001624
147 0.001624
148 0.001624
149 0.001624
150 0.001624
151 0.001698
152 0.001748
153 0.001747
154 0.001747
155 0.001746
156 0.001755
157 0.001875
158 0.001874
159 0.001874
160 0.001874
161 0.001874
162 0.001969
163 0.002053
164 0.002052
165 0.002053
166 0.002052
167 0.002052
168 0.002276
169 0.002276
170 0.002276
171 0.002275
172 0.002275
173 0.002376
174 0.002492
175 0.002491
176 0.002491
177 0.002490
178 0.002489
179 0.002687
180 0.002700
181 0.002700
182 0.002699
183 0.002698
184 0.002780
185 0.002902
186 0.002901
187 0.002900
188 0.002899
189 0.002898
190 0.003069
191 0.003095
192 0.003093
193 0.003092
194 0.003090
195 0.003153
196 0.003280
197 0.003278
198 0.003275
199 0.003273
200 0.003271
201 0.003418
202 0.003453
203 0.003450
204 0.003447
205 0.003444
206 0.003489
207 0.003617
208 0.003613
209 0.003610
210 0.003605
211 0.003601
212 0.003724
213 0.003765
214 0.003760
215 0.003755
216 0.003748
217 0.003776
218 0.003903
219 0.003896
220 0.003889
221 0.003881
222 0.003873
223 0.003970
224 0.004014
225 0.004004
226 0.003993
227 0.003982
228 0.003990
229 0.004108
230 0.004090
231 0.004069
232 0.004047
233 0.004023
234 0.004083
235 0.004114
236 0.004087
237 0.004058
238 0.004026
239 0.004001
240 0.004085
241 0.004038
242 0.003990
243 0.003937
244 0.003880
245 0.003881
246 0.003859
247 0.003768
248 0.003666
249 0.003551
250 0.003418
251 0.003357
252 0.003180
253 0.002980
254 0.002757
255 0.002534
256 0.002304
257 0.002036
258 0.001805
259 0.001684
260 0.001687
261 0.001686
262 0.001714
263 0.001698
264 0.001678
265 0.001666
266 0.001667
267 0.001698
268 0.001745
269 0.001769
270 0.001794
271 0.001820
272 0.001848
273 0.001914
274 0.001951
275 0.001984
276 0.002018
277 0.002053
278 0.002095
279 0.002142
280 0.002153
281 0.002163
282 0.002173
283 0.002191
284 0.002258
285 0.002308
286 0.002340
287 0.002357
288 0.002360
289 0.002369
290 0.002399
291 0.002415
292 0.002451
293 0.002501
294 0.002555
295 0.002644
296 0.002718
297 0.002783
298 0.002852
299 0.002926
300 0.003012
301 0.003133
302 0.003210
303 0.003277
304 0.003339
305 0.003402
306 0.003496
307 0.003565
308 0.003607
309 0.003642
310 0.003675
311 0.003713
312 0.003788
313 0.003821
314 0.003854
315 0.003889
316 0.003927
317 0.003994
318 0.004054
319 0.004099
320 0.004147
321 0.004197
322 0.004255
323 0.004358
324 0.004420
325 0.004486
326 0.004553
327 0.004622
328 0.004719
329 0.004818
330 0.004898
331 0.004982
