0 0.361343
1 0.000001
2 0.000903
3 0.000904
4 0.002063
5 0.002574
6 0.003174
7 0.004115
8 0.004227
9 0.005521
10 0.005508
11 0.006497
12 0.006764
13 0.007289
14 0.007872
15 0.008014
16 0.008834
17 0.008796
18 0.009526
19 0.009605
20 0.009996
21 0.010296
22 0.010404
23 0.010830
24 0.010775
25 0.011226
26 0.011197
27 0.011394
28 0.011478
29 0.011518
30 0.011655
31 0.011596
32 0.011707
33 0.011641
34 0.011626
35 0.011579
36 0.011496
37 0.011405
38 0.011321
39 0.011133
40 0.011072
41 0.010822
42 0.010721
43 0.010500
44 0.010285
45 0.010153
46 0.009768
47 0.009727
48 0.009230
49 0.009137
50 0.008754
51 0.008476
52 0.008258
53 0.007745
54 0.007721
55 0.006975
56 0.006936
57 0.006381
58 0.006106
59 0.005787
60 0.005255
61 0.005200
62 0.004435
63 0.004431
64 0.003890
65 0.003744
66 0.003378
67 0.003248
68 0.003294
69 0.003558
70 0.003564
71 0.003877
72 0.003945
73 0.004143
74 0.004320
75 0.004408
76 0.004691
77 0.004703
78 0.005028
79 0.005071
80 0.005288
81 0.005429
82 0.005532
83 0.005751
84 0.005743
85 0.006042
86 0.006035
87 0.006232
88 0.006316
89 0.006420
90 0.006588
91 0.006607
92 0.006850
93 0.006845
94 0.007041
95 0.007097
96 0.007212
97 0.007343
98 0.007383
99 0.007581
100 0.007584
101 0.007783
102 0.007820
103 0.007959
104 0.008081
105 0.008160
106 0.008347
107 0.008384
108 0.008612
109 0.008674
110 0.008845
111 0.008978
112 0.009114
113 0.009316
114 0.009403
115 0.009647
116 0.009726
117 0.009918
118 0.010040
119 0.010176
120 0.010337
121 0.010424
122 0.010616
123 0.010688
124 0.010870
125 0.010974
126 0.011111
127 0.011250
128 0.011345
129 0.011503
130 0.011576
131 0.011725
132 0.011803
133 0.011916
134 0.012014
135 0.012076
136 0.012122
137 0.012103
138 0.012132
139 0.012119
140 0.012131
141 0.012131
142 0.012128
143 0.012131
144 0.012121
145 0.012117
146 0.012109
147 0.012097
148 0.012094
149 0.012095
150 0.012102
151 0.012117
152 0.012107
153 0.012134
154 0.012129
155 0.012170
156 0.012199
157 0.012236
158 0.012284
159 0.012286
160 0.012351
161 0.012317
162 0.012351
163 0.012302
164 0.012149
165 0.011881
166 0.011559
167 0.011329
168 0.010963
169 0.010735
170 0.010432
171 0.010192
172 0.009945
173 0.009698
174 0.009531
175 0.009246
176 0.009104
177 0.008845
178 0.008680
179 0.008477
180 0.008277
181 0.008145
182 0.007918
183 0.007843
184 0.007623
185 0.007538
186 0.007381
187 0.007251
188 0.007158
189 0.006976
190 0.006941
191 0.006726
192 0.006690
193 0.006537
194 0.006455
195 0.006386
196 0.006248
197 0.006247
198 0.006035
199 0.006042
200 0.005883
201 0.005829
202 0.005741
203 0.005613
204 0.005604
205 0.005395
206 0.005415
207 0.005215
208 0.005181
209 0.005063
210 0.004945
211 0.004912
212 0.004697
213 0.004722
214 0.004476
215 0.004466
216 0.004300
217 0.004186
218 0.004113
219 0.003893
220 0.003909
221 0.003591
222 0.003596
223 0.003374
224 0.003268
225 0.003148
226 0.002928
227 0.002917
228 0.002582
229 0.002588
230 0.002322
231 0.002239
232 0.002085
233 0.001899
234 0.001855
235 0.001588
236 0.001590
237 0.001377
238 0.001345
239 0.001227
240 0.001212
241 0.001218
242 0.001236
243 0.001237
244 0.001258
245 0.001261
246 0.001274
247 0.001284
248 0.001291
249 0.001306
250 0.001307
251 0.001329
252 0.001330
253 0.001345
254 0.001352
255 0.001361
256 0.001374
257 0.001380
258 0.002084
259 0.002092
260 0.002108
261 0.002118
262 0.002130
263 0.002143
264 0.002216
265 0.002569
266 0.002581
267 0.002600
268 0.002613
269 0.002812
270 0.002982
271 0.002999
272 0.003020
273 0.003037
274 0.003383
275 0.003425
276 0.003450
277 0.003475
278 0.003614
279 0.003875
280 0.003905
281 0.003940
282 0.003970
283 0.004257
284 0.004393
285 0.004432
286 0.004473
287 0.004553
288 0.004914
289 0.004962
290 0.005014
291 0.005067
292 0.005261
293 0.005462
294 0.005569
295 0.005794
296 0.005878
297 0.006137
298 0.006227
299 0.006386
300 0.006509
301 0.006600
302 0.006772
303 0.006800
304 0.007003
305 0.007024
306 0.007150
307 0.007210
308 0.007270
309 0.007382
310 0.007391
311 0.007554
312 0.007556
313 0.007685
314 0.007734
315 0.007810
316 0.007887
317 0.007871
318 0.007960
319 0.007908
320 0.007976
321 0.007937
322 0.007945
323 0.007940
324 0.007893
325 0.007917
326 0.007828
327 0.007851
328 0.007760
329 0.007720
330 0.007640
331 0.007532
