0 0.361343
1 0.000001
2 0.001539
3 0.001532
4 0.001527
5 0.001522
6 0.001519
7 0.001512
8 0.001508
9 0.001505
10 0.001500
11 0.001496
12 0.001491
13 0.001489
14 0.001492
15 0.001481
16 0.001475
17 0.001474
18 0.001468
19 0.001466
20 0.001461
21 0.001459
22 0.001453
23 0.001450
24 0.001446
25 0.001443
26 0.001442
27 0.002658
28 0.003336
29 0.003316
30 0.003299
31 0.003277
32 0.003264
33 0.003245
34 0.003238
35 0.003212
36 0.003198
37 0.003180
38 0.003276
39 0.004118
40 0.004093
41 0.004071
42 0.004044
43 0.004021
44 0.004003
45 0.003992
46 0.004023
47 0.004001
48 0.004583
49 0.004634
50 0.004606
51 0.004581
52 0.004564
53 0.004532
54 0.004507
55 0.005017
56 0.005005
57 0.004978
58 0.004952
59 0.004926
60 0.004899
61 0.004901
62 0.005368
63 0.005330
64 0.005322
65 0.005311
66 0.005289
67 0.005272
68 0.005313
69 0.005646
70 0.005631
71 0.005615
72 0.005599
73 0.005744
74 0.005874
75 0.005860
76 0.005852
77 0.005827
78 0.006107
79 0.006126
80 0.006105
81 0.006099
82 0.006163
83 0.006360
84 0.006344
85 0.006321
86 0.006306
87 0.006461
88 0.006517
89 0.006485
90 0.006446
91 0.006446
92 0.006681
93 0.006647
94 0.006575
95 0.006464
96 0.006473
97 0.006492
98 0.006386
99 0.006272
100 0.006168
101 0.006256
102 0.006192
103 0.006112
104 0.006046
105 0.006030
106 0.006096
107 0.006025
108 0.005954
109 0.005893
110 0.005950
111 0.005965
112 0.005898
113 0.005844
114 0.005797
115 0.005931
116 0.005889
117 0.005827
118 0.005777
119 0.005807
120 0.005879
121 0.005843
122 0.005819
123 0.005792
124 0.005903
125 0.005898
126 0.005858
127 0.005821
128 0.005823
129 0.005895
130 0.005858
131 0.005823
132 0.005789
133 0.005848
134 0.005874
135 0.005828
136 0.005806
137 0.005775
138 0.005875
139 0.005860
140 0.005854
141 0.005852
142 0.005909
143 0.006026
144 0.006146
145 0.006321
146 0.006430
147 0.006571
148 0.006695
149 0.006815
150 0.006950
151 0.007088
152 0.007286
153 0.007426
154 0.007592
155 0.007726
156 0.007868
157 0.007990
158 0.008110
159 0.008246
160 0.008339
161 0.008490
162 0.008562
163 0.008619
164 0.008673
165 0.008731
166 0.008793
167 0.008815
168 0.008920
169 0.008930
170 0.009013
171 0.009056
172 0.009102
173 0.009162
174 0.009185
175 0.009264
176 0.009280
177 0.009352
178 0.009376
179 0.009428
180 0.009477
181 0.009501
182 0.009567
183 0.009584
184 0.009644
185 0.009669
186 0.009710
187 0.009758
188 0.009779
189 0.009857
190 0.010008
191 0.010248
192 0.010419
193 0.010622
194 0.010793
195 0.010937
196 0.011101
197 0.011221
198 0.011397
199 0.011491
200 0.011634
201 0.011738
202 0.011841
203 0.011897
204 0.011805
205 0.011761
206 0.011684
207 0.011669
208 0.011622
209 0.011601
210 0.011492
211 0.011343
212 0.011243
213 0.011078
214 0.010908
215 0.010710
216 0.010545
217 0.010403
218 0.010265
219 0.010156
220 0.010027
221 0.009955
222 0.009843
223 0.009777
224 0.009692
225 0.009627
226 0.009576
227 0.009508
228 0.009494
229 0.009437
230 0.009415
231 0.009392
232 0.009371
233 0.009366
234 0.009362
235 0.009373
236 0.009365
237 0.009379
238 0.009378
239 0.009391
240 0.009408
241 0.009425
242 0.009466
243 0.009476
244 0.009520
245 0.009534
246 0.009551
247 0.009570
248 0.009575
249 0.009574
250 0.009553
251 0.009553
252 0.009538
253 0.009521
254 0.009494
255 0.009468
256 0.009432
257 0.009394
258 0.009365
259 0.009320
260 0.009278
261 0.009244
262 0.009208
263 0.009178
264 0.009145
265 0.009129
266 0.009093
267 0.009075
268 0.009053
269 0.009041
270 0.009018
271 0.009005
272 0.008987
273 0.008977
274 0.008981
275 0.009015
276 0.009109
277 0.009197
278 0.009277
279 0.009353
280 0.009423
281 0.009531
282 0.009705
283 0.009891
284 0.010068
285 0.010217
286 0.010363
287 0.010499
288 0.010634
289 0.010751
290 0.010962
291 0.011258
292 0.011516
293 0.011763
294 0.011975
295 0.012181
296 0.012364
297 0.012522
298 0.012687
299 0.012834
300 0.012961
301 0.013093
302 0.013113
303 0.012957
304 0.012805
305 0.012693
306 0.012587
307 0.012499
308 0.012419
309 0.012341
310 0.012302
311 0.012251
312 0.012220
313 0.012182
314 0.012154
315 0.012127
316 0.012101
317 0.012078
318 0.012054
319 0.012045
320 0.012019
321 0.012007
322 0.011990
323 0.011983
324 0.012017
325 0.012047
326 0.012106
327 0.012131
328 0.012175
329 0.012197
330 0.012219
331 0.012252
