0 0.361342
1 0.000001
2 0.000662
3 0.000663
4 0.000663
5 0.001364
6 0.001960
7 0.001960
8 0.002060
9 0.003164
10 0.003164
11 0.003164
12 0.003857
13 0.004273
14 0.004273
15 0.004442
16 0.005287
17 0.005288
18 0.005288
19 0.005924
20 0.006186
21 0.006187
22 0.006393
23 0.007009
24 0.007011
25 0.007012
26 0.007581
27 0.007731
28 0.007732
29 0.007935
30 0.008342
31 0.008342
32 0.008344
33 0.008803
34 0.008871
35 0.008873
36 0.009050
37 0.009301
38 0.009303
39 0.009304
40 0.009629
41 0.009642
42 0.009645
43 0.009762
44 0.009880
45 0.009881
46 0.009888
47 0.010024
48 0.010026
49 0.010028
50 0.010054
51 0.010074
52 0.010076
53 0.010072
54 0.010024
55 0.010023
56 0.010021
57 0.009919
58 0.009867
59 0.009864
60 0.009812
61 0.009617
62 0.009615
63 0.009614
64 0.009358
65 0.009274
66 0.009272
67 0.009146
68 0.008842
69 0.008841
70 0.008841
71 0.008405
72 0.008319
73 0.008319
74 0.008090
75 0.007709
76 0.007709
77 0.007709
78 0.007072
79 0.007015
80 0.007014
81 0.006657
82 0.006241
83 0.006242
84 0.006241
85 0.005401
86 0.005402
87 0.005401
88 0.004915
89 0.004517
90 0.004518
91 0.004440
92 0.003639
93 0.003639
94 0.003640
95 0.003136
96 0.002890
97 0.002891
98 0.002724
99 0.002502
100 0.002502
101 0.002503
102 0.002730
103 0.002824
104 0.002826
105 0.002929
106 0.003238
107 0.003240
108 0.003242
109 0.003501
110 0.003570
111 0.003573
112 0.003720
113 0.004046
114 0.004046
115 0.004044
116 0.004162
117 0.004168
118 0.004154
119 0.004247
120 0.004390
121 0.004371
122 0.004353
123 0.004727
124 0.004724
125 0.004700
126 0.004902
127 0.005103
128 0.005075
129 0.005065
130 0.005429
131 0.005397
132 0.005366
133 0.005539
134 0.005651
135 0.005615
136 0.005579
137 0.005549
138 0.005510
139 0.005471
140 0.005601
141 0.005643
142 0.005602
143 0.005607
144 0.005740
145 0.005696
146 0.005653
147 0.005768
148 0.005779
149 0.005743
150 0.005765
151 0.005870
152 0.005833
153 0.005795
154 0.005907
155 0.005897
156 0.005858
157 0.005885
158 0.005956
159 0.005915
160 0.005875
161 0.005972
162 0.005940
163 0.005896
164 0.005930
165 0.005979
166 0.005933
167 0.005887
168 0.005969
169 0.005921
170 0.005875
171 0.005901
172 0.005914
173 0.005867
174 0.005829
175 0.005877
176 0.005830
177 0.005784
178 0.005810
179 0.005808
180 0.005764
181 0.005737
182 0.005770
183 0.005736
184 0.005705
185 0.005741
186 0.005740
187 0.005711
188 0.005700
189 0.005723
190 0.005697
191 0.005673
192 0.005711
193 0.005707
194 0.005689
195 0.005693
196 0.005717
197 0.005704
198 0.005693
199 0.005735
200 0.005734
201 0.005726
202 0.005736
203 0.005752
204 0.005745
205 0.005733
206 0.005770
207 0.005763
208 0.005756
209 0.005764
210 0.005771
211 0.005770
212 0.005770
213 0.005795
214 0.005789
215 0.005782
216 0.005784
217 0.005784
218 0.005781
219 0.005781
220 0.005798
221 0.005803
222 0.005810
223 0.005816
224 0.005828
225 0.005846
226 0.005865
227 0.005881
228 0.005905
229 0.005930
230 0.005953
231 0.005979
232 0.006007
233 0.006027
234 0.006037
235 0.006068
236 0.006101
237 0.006106
238 0.006134
239 0.006169
240 0.006194
241 0.006213
242 0.006248
243 0.006281
244 0.006263
245 0.006286
246 0.006313
247 0.006311
248 0.006304
249 0.006330
250 0.006357
251 0.006332
252 0.006357
253 0.006377
254 0.006348
255 0.006323
256 0.006332
257 0.006338
258 0.006272
259 0.006285
260 0.006299
261 0.006265
262 0.006259
263 0.006283
264 0.006290
265 0.006227
266 0.006253
267 0.006278
268 0.006220
269 0.006212
270 0.006238
271 0.006233
272 0.006166
273 0.006191
274 0.006216
275 0.006147
276 0.006146
277 0.006171
278 0.006148
279 0.006075
280 0.006099
281 0.006123
282 0.006005
283 0.006007
284 0.006029
285 0.005982
286 0.005905
287 0.005924
288 0.005944
289 0.005810
290 0.005822
291 0.005840
292 0.005764
293 0.005686
294 0.005703
295 0.005711
296 0.005530
297 0.005545
298 0.005560
299 0.005452
300 0.005377
301 0.005391
302 0.005375
303 0.005188
304 0.005202
305 0.005217
306 0.005100
307 0.005047
308 0.005063
309 0.005024
310 0.004834
311 0.004848
312 0.004861
313 0.004688
314 0.004641
315 0.004654
316 0.004586
317 0.004400
318 0.004413
319 0.004427
320 0.004214
321 0.004182
322 0.004195
323 0.004093
324 0.003913
325 0.003924
326 0.003935
327 0.003744
328 0.003736
329 0.003746
330 0.003606
331 0.003439
