0 0.361342
1 0.000001
2 0.000042
3 0.000042
4 0.000042
5 0.000042
6 0.000041
7 0.000042
8 0.000042
9 0.000042
10 0.000042
11 0.000042
12 0.000042
13 0.000042
14 0.000042
15 0.000041
16 0.000042
17 0.000042
18 0.000041
19 0.000042
20 0.000042
21 0.000042
22 0.000041
23 0.000042
24 0.000041
25 0.000041
26 0.000042
27 0.000042
28 0.000041
29 0.000042
30 0.000042
31 0.000041
32 0.000042
33 0.000042
34 0.000041
35 0.000042
36 0.000042
37 0.000041
38 0.000042
39 0.000041
40 0.000042
41 0.000042
42 0.000041
43 0.000042
44 0.000041
45 0.000041
46 0.000042
47 0.000042
48 0.000041
49 0.000042
50 0.000042
51 0.000042
52 0.000041
53 0.000042
54 0.000041
55 0.000041
56 0.000042
57 0.000103
58 0.000135
59 0.000135
60 0.000134
61 0.000135
62 0.000134
63 0.000135
64 0.000134
65 0.000135
66 0.000134
67 0.000134
68 0.000134
69 0.000135
70 0.000134
71 0.000187
72 0.000197
73 0.000197
74 0.000197
75 0.000197
76 0.000197
77 0.000197
78 0.000197
79 0.000197
80 0.000197
81 0.000197
82 0.000197
83 0.000197
84 0.000197
85 0.000252
86 0.000252
87 0.000252
88 0.000252
89 0.000252
90 0.000252
91 0.000256
92 0.000292
93 0.000293
94 0.000292
95 0.000293
96 0.000292
97 0.000292
98 0.000299
99 0.000336
100 0.000336
101 0.000336
102 0.000336
103 0.000336
104 0.000336
105 0.000348
106 0.000382
107 0.000383
108 0.000383
109 0.000382
110 0.000382
111 0.000382
112 0.000399
113 0.000432
114 0.000432
115 0.000432
116 0.000432
117 0.000432
118 0.000431
119 0.000454
120 0.000484
121 0.000485
122 0.000484
123 0.000484
124 0.000484
125 0.000484
126 0.000512
127 0.000540
128 0.000540
129 0.000540
130 0.000539
131 0.000539
132 0.000539
133 0.000574
134 0.000598
135 0.000598
136 0.000598
137 0.000598
138 0.000597
139 0.000597
140 0.000639
141 0.000659
142 0.000659
143 0.000659
144 0.000658
145 0.000658
146 0.000658
147 0.000707
148 0.000722
149 0.000723
150 0.000722
151 0.000722
152 0.000722
153 0.000722
154 0.000778
155 0.000790
156 0.000789
157 0.000789
158 0.000789
159 0.000788
160 0.000788
161 0.000854
162 0.000859
163 0.000859
164 0.000859
165 0.000858
166 0.000858
167 0.000858
168 0.000932
169 0.000932
170 0.000931
171 0.000932
172 0.000932
173 0.000931
174 0.000938
175 0.001008
176 0.001008
177 0.001008
178 0.001008
179 0.001008
180 0.001008
181 0.001021
182 0.001088
183 0.001088
184 0.001088
185 0.001088
186 0.001088
187 0.001088
188 0.001109
189 0.001172
190 0.001172
191 0.001172
192 0.001172
193 0.001173
194 0.001173
195 0.001202
196 0.001260
197 0.001261
198 0.001261
199 0.001261
200 0.001262
201 0.001262
202 0.001311
203 0.001379
204 0.001380
205 0.001380
206 0.001381
207 0.001381
208 0.001382
209 0.001453
210 0.001525
211 0.001525
212 0.001526
213 0.001527
214 0.001527
215 0.001528
216 0.001609
217 0.001668
218 0.001668
219 0.001669
220 0.001670
221 0.001671
222 0.001672
223 0.001762
224 0.001808
225 0.001809
226 0.001810
227 0.001811
228 0.001812
229 0.001814
230 0.001912
231 0.001947
232 0.001948
233 0.001949
234 0.001951
235 0.001952
236 0.001953
237 0.002060
238 0.002083
239 0.002085
240 0.002086
241 0.002088
242 0.002089
243 0.002090
244 0.002203
245 0.002214
246 0.002214
247 0.002214
248 0.002212
249 0.002212
250 0.002211
251 0.002328
252 0.002327
253 0.002327
254 0.002325
255 0.002325
256 0.002324
257 0.002334
258 0.002436
259 0.002436
260 0.002435
261 0.002435
262 0.002434
263 0.002434
264 0.002451
265 0.002542
266 0.002541
267 0.002541
268 0.002540
269 0.002540
270 0.002540
271 0.002565
272 0.002643
273 0.002642
274 0.002642
275 0.002641
276 0.002641
277 0.002640
278 0.002673
279 0.002739
280 0.002739
281 0.002739
282 0.002738
283 0.002738
284 0.002738
285 0.002777
286 0.002833
287 0.002833
288 0.002833
289 0.002832
290 0.002832
291 0.002832
292 0.002878
293 0.002923
294 0.002923
295 0.002923
296 0.002924
297 0.002924
298 0.002924
299 0.002975
300 0.003011
301 0.003012
302 0.003013
303 0.003014
304 0.003015
305 0.003016
306 0.003073
307 0.003103
308 0.003106
309 0.003108
310 0.003111
311 0.003113
312 0.003115
313 0.003177
314 0.003199
315 0.003202
316 0.003205
317 0.003209
318 0.003212
319 0.003216
320 0.003282
321 0.003298
322 0.003303
323 0.003308
324 0.003312
325 0.003317
326 0.003323
327 0.003394
328 0.003406
329 0.003412
330 0.003419
331 0.003427
