0 0.361342
1 0.000001
2 0.000505
3 0.000505
4 0.000504
5 0.000505
6 0.000504
7 0.000504
8 0.000503
9 0.000503
10 0.000503
11 0.000502
12 0.000501
13 0.000502
14 0.000503
15 0.000502
16 0.000502
17 0.000501
18 0.000502
19 0.000501
20 0.000501
21 0.000501
22 0.000500
23 0.000500
24 0.000500
25 0.000504
26 0.000504
27 0.000503
28 0.000504
29 0.000725
30 0.001172
31 0.001170
32 0.001168
33 0.001164
34 0.001163
35 0.001161
36 0.001159
37 0.001156
38 0.001152
39 0.001150
40 0.001146
41 0.001145
42 0.001142
43 0.001308
44 0.001472
45 0.001464
46 0.001458
47 0.001453
48 0.001448
49 0.001443
50 0.001437
51 0.001432
52 0.001497
53 0.001674
54 0.001667
55 0.001675
56 0.001672
57 0.001668
58 0.001666
59 0.001664
60 0.001662
61 0.001672
62 0.001866
63 0.001865
64 0.001866
65 0.001865
66 0.001866
67 0.001865
68 0.001889
69 0.002037
70 0.002039
71 0.002039
72 0.002040
73 0.002044
74 0.002048
75 0.002087
76 0.002219
77 0.002222
78 0.002231
79 0.002236
80 0.002240
81 0.002245
82 0.002298
83 0.002417
84 0.002422
85 0.002427
86 0.002433
87 0.002438
88 0.002446
89 0.002511
90 0.002615
91 0.002621
92 0.002633
93 0.002639
94 0.002647
95 0.002652
96 0.002722
97 0.002800
98 0.002807
99 0.002817
100 0.002827
101 0.002923
102 0.002946
103 0.002958
104 0.002965
105 0.003002
106 0.003089
107 0.003100
108 0.003114
109 0.003126
110 0.003204
111 0.003253
112 0.003266
113 0.003279
114 0.003296
115 0.003410
116 0.003424
117 0.003441
118 0.003458
119 0.003514
120 0.003588
121 0.003604
122 0.003623
123 0.003637
124 0.003733
125 0.003768
126 0.003783
127 0.003797
128 0.003827
129 0.003917
130 0.003928
131 0.003938
132 0.003946
133 0.004013
134 0.004062
135 0.004069
136 0.004076
137 0.004081
138 0.004177
139 0.004182
140 0.004185
141 0.004190
142 0.004224
143 0.004287
144 0.004290
145 0.004298
146 0.004305
147 0.004379
148 0.004409
149 0.004418
150 0.004424
151 0.004440
152 0.004517
153 0.004516
154 0.004511
155 0.004507
156 0.004548
157 0.004583
158 0.004578
159 0.004574
160 0.004568
161 0.004635
162 0.004635
163 0.004629
164 0.004621
165 0.004636
166 0.004680
167 0.004670
168 0.004663
169 0.004659
170 0.004714
171 0.004738
172 0.004742
173 0.004745
174 0.004754
175 0.004823
176 0.004826
177 0.004833
178 0.004839
179 0.004877
180 0.004922
181 0.004929
182 0.004936
183 0.004946
184 0.005012
185 0.005030
186 0.005039
187 0.005046
188 0.005068
189 0.005124
190 0.005126
191 0.005129
192 0.005131
193 0.005168
194 0.005188
195 0.005184
196 0.005181
197 0.005179
198 0.005233
199 0.005230
200 0.005226
201 0.005223
202 0.005246
203 0.005278
204 0.005276
205 0.005269
206 0.005255
207 0.005277
208 0.005257
209 0.005218
210 0.005167
211 0.005114
212 0.005084
213 0.005019
214 0.004964
215 0.004903
216 0.004865
217 0.004843
218 0.004803
219 0.004761
220 0.004716
221 0.004702
222 0.004649
223 0.004589
224 0.004525
225 0.004463
226 0.004402
227 0.004315
228 0.004260
229 0.004212
230 0.004182
231 0.004131
232 0.004065
233 0.004066
234 0.004077
235 0.004106
236 0.004114
237 0.004121
238 0.004127
239 0.004149
240 0.004168
241 0.004175
242 0.004184
243 0.004192
244 0.004220
245 0.004229
246 0.004237
247 0.004245
248 0.004255
249 0.004273
250 0.004280
251 0.004295
252 0.004301
253 0.004312
254 0.004320
255 0.004328
256 0.004337
257 0.004341
258 0.004352
259 0.004353
260 0.004361
261 0.004364
262 0.004369
263 0.004374
264 0.004377
265 0.004384
266 0.004385
267 0.004394
268 0.004397
269 0.004403
270 0.004407
271 0.004411
272 0.004417
273 0.004420
274 0.004426
275 0.004430
276 0.004435
277 0.004439
278 0.004444
279 0.004451
280 0.004458
281 0.004469
282 0.004478
283 0.004489
284 0.004502
285 0.004515
286 0.004531
287 0.004547
288 0.004565
289 0.004584
290 0.004605
291 0.004627
292 0.004651
293 0.004677
294 0.004703
295 0.004729
296 0.004756
297 0.004784
298 0.004813
299 0.004841
300 0.004870
301 0.004900
302 0.004931
303 0.004964
304 0.004992
305 0.005025
306 0.005058
307 0.005091
308 0.005126
309 0.005162
310 0.005201
311 0.005235
312 0.005277
313 0.005312
314 0.005350
315 0.005386
316 0.005417
317 0.005451
318 0.005474
319 0.005505
320 0.005524
321 0.005551
322 0.005573
323 0.005597
324 0.005623
325 0.005646
326 0.005677
327 0.005696
328 0.005723
329 0.005742
330 0.005760
331 0.005778
