0 0.361342
1 0.000001
2 0.000275
3 0.000274
4 0.000275
5 0.000274
6 0.000274
7 0.000442
8 0.000632
9 0.000741
10 0.000806
11 0.000940
12 0.000977
13 0.001135
14 0.001160
15 0.001311
16 0.001349
17 0.001471
18 0.001534
19 0.001629
20 0.001715
21 0.001783
22 0.001891
23 0.001934
24 0.002063
25 0.002084
26 0.002227
27 0.002250
28 0.002368
29 0.002412
30 0.002504
31 0.002569
32 0.002637
33 0.002722
34 0.002767
35 0.002871
36 0.002893
37 0.003015
38 0.003031
39 0.003141
40 0.003170
41 0.003259
42 0.003306
43 0.003373
44 0.003438
45 0.003484
46 0.003567
47 0.003593
48 0.003691
49 0.003704
50 0.003808
51 0.003826
52 0.003910
53 0.003944
54 0.004010
55 0.004060
56 0.004108
57 0.004172
58 0.004203
59 0.004282
60 0.004296
61 0.004389
62 0.004401
63 0.004480
64 0.004504
65 0.004567
66 0.004606
67 0.004656
68 0.004709
69 0.004745
70 0.004809
71 0.004831
72 0.004907
73 0.004920
74 0.004995
75 0.005014
76 0.005075
77 0.005105
78 0.005153
79 0.005193
80 0.005228
81 0.005278
82 0.005303
83 0.005361
84 0.005375
85 0.005441
86 0.005453
87 0.005506
88 0.005526
89 0.005568
90 0.005595
91 0.005626
92 0.005660
93 0.005683
94 0.005725
95 0.005740
96 0.005790
97 0.005805
98 0.005854
99 0.005875
100 0.005917
101 0.005945
102 0.005982
103 0.006016
104 0.006046
105 0.006084
106 0.006109
107 0.006151
108 0.006169
109 0.006204
110 0.006212
111 0.006231
112 0.006232
113 0.006233
114 0.006226
115 0.006219
116 0.006213
117 0.006204
118 0.006198
119 0.006186
120 0.006181
121 0.006169
122 0.006162
123 0.006152
124 0.006144
125 0.006134
126 0.006125
127 0.006115
128 0.006106
129 0.006095
130 0.006086
131 0.006072
132 0.006064
133 0.006048
134 0.006040
135 0.006024
136 0.006015
137 0.006002
138 0.005990
139 0.005980
140 0.005965
141 0.005958
142 0.005937
143 0.005930
144 0.005897
145 0.005885
146 0.005850
147 0.005831
148 0.005797
149 0.005773
150 0.005744
151 0.005714
152 0.005692
153 0.005655
154 0.005640
155 0.005597
156 0.005588
157 0.005542
158 0.005531
159 0.005493
160 0.005474
161 0.005444
162 0.005416
163 0.005394
164 0.005357
165 0.005341
166 0.005290
167 0.005280
168 0.005216
169 0.005203
170 0.005144
171 0.005119
172 0.005068
173 0.005031
174 0.004990
175 0.004942
176 0.004915
177 0.004857
178 0.004841
179 0.004769
180 0.004759
181 0.004686
182 0.004669
183 0.004607
184 0.004575
185 0.004526
186 0.004479
187 0.004442
188 0.004379
189 0.004356
190 0.004276
191 0.004265
192 0.004171
193 0.004157
194 0.004076
195 0.004045
196 0.003978
197 0.003929
198 0.003878
199 0.003810
200 0.003775
201 0.003689
202 0.003671
203 0.003563
204 0.003550
205 0.003447
206 0.003419
207 0.003334
208 0.003285
209 0.003217
210 0.003147
211 0.003097
212 0.003004
213 0.002974
214 0.002857
215 0.002841
216 0.002712
217 0.002688
218 0.002579
219 0.002531
220 0.002441
221 0.002369
222 0.002300
223 0.002201
224 0.002154
225 0.002029
226 0.002005
227 0.001852
228 0.001829
229 0.001691
230 0.001645
231 0.001529
232 0.001456
233 0.001364
234 0.001262
235 0.001194
236 0.001062
237 0.001020
238 0.000858
239 0.000831
240 0.000661
241 0.000599
242 0.000382
243 0.000382
244 0.000383
245 0.000149
246 0.000056
247 0.000056
248 0.000056
249 0.000529
250 0.000616
251 0.001013
252 0.001072
253 0.001396
254 0.001527
255 0.001902
256 0.002057
257 0.002236
258 0.002479
259 0.002625
260 0.002902
261 0.002977
262 0.003299
263 0.003345
264 0.003647
265 0.003719
266 0.003959
267 0.004077
268 0.004258
269 0.004418
270 0.004545
271 0.004745
272 0.004820
273 0.005056
274 0.005091
275 0.005348
276 0.005386
277 0.005592
278 0.005667
279 0.005827
280 0.005937
281 0.006054
282 0.006196
283 0.006272
284 0.006442
285 0.006480
286 0.006675
287 0.006702
288 0.006874
289 0.006920
290 0.007055
291 0.007128
292 0.007229
293 0.007326
294 0.007398
295 0.007517
296 0.007564
297 0.007707
298 0.007741
299 0.007888
300 0.007924
301 0.008036
302 0.008084
303 0.008162
304 0.008217
305 0.008272
306 0.008341
307 0.008377
308 0.008456
309 0.008480
310 0.008569
311 0.008594
312 0.008673
313 0.008711
314 0.008777
315 0.008824
316 0.008879
317 0.008935
318 0.008977
319 0.009021
320 0.009042
321 0.009070
322 0.009081
323 0.009103
324 0.009114
325 0.009130
326 0.009143
327 0.009155
328 0.009164
329 0.009174
330 0.009173
331 0.009183
