0 0.358598
1 0.000001
2 0.000231
3 0.000231
4 0.000230
5 0.000297
6 0.000297
7 0.000369
8 0.000467
9 0.000465
10 0.000601
11 0.000660
12 0.000658
13 0.000876
14 0.000889
15 0.000913
16 0.001057
17 0.001051
18 0.001058
19 0.001080
20 0.001074
21 0.001168
22 0.001219
23 0.001210
24 0.001333
25 0.001342
26 0.001340
27 0.001404
28 0.001391
29 0.001422
30 0.001494
31 0.001481
32 0.001514
33 0.001535
34 0.001522
35 0.001591
36 0.001597
37 0.001584
38 0.001636
39 0.001621
40 0.001627
41 0.001673
42 0.001656
43 0.001671
44 0.001684
45 0.001668
46 0.001698
47 0.001698
48 0.001681
49 0.001716
50 0.001702
51 0.001694
52 0.001711
53 0.001695
54 0.001701
55 0.001715
56 0.001701
57 0.001701
58 0.001694
59 0.001682
60 0.001717
61 0.001710
62 0.001697
63 0.001686
64 0.001674
65 0.001710
66 0.001861
67 0.001849
68 0.001750
69 0.001682
70 0.001671
71 0.001575
72 0.001548
73 0.001536
74 0.001511
75 0.001501
76 0.001512
77 0.001552
78 0.001542
79 0.001590
80 0.001633
81 0.001623
82 0.001689
83 0.001703
84 0.001694
85 0.001759
86 0.001750
87 0.001693
88 0.001554
89 0.001553
90 0.001558
91 0.001564
92 0.001564
93 0.001562
94 0.001560
95 0.001560
96 0.001563
97 0.001563
98 0.001562
99 0.001565
100 0.001564
101 0.001563
102 0.001562
103 0.001561
104 0.001565
105 0.001568
106 0.001568
107 0.001564
108 0.001563
109 0.001565
110 0.001573
111 0.001574
112 0.001572
113 0.001569
114 0.001569
115 0.001575
116 0.001580
117 0.001581
118 0.001576
119 0.001574
120 0.001576
121 0.001586
122 0.001586
123 0.001585
124 0.001579
125 0.001579
126 0.001587
127 0.001595
128 0.001596
129 0.001589
130 0.001587
131 0.001588
132 0.001579
133 0.001579
134 0.001583
135 0.001598
136 0.001599
137 0.001594
138 0.001588
139 0.001588
140 0.001580
141 0.001575
142 0.001575
143 0.001589
144 0.001590
145 0.001588
146 0.001578
147 0.001577
148 0.001572
149 0.001563
150 0.001562
151 0.001571
152 0.001577
153 0.001577
154 0.001565
155 0.001562
156 0.001561
157 0.001550
158 0.001550
159 0.001554
160 0.001564
161 0.001563
162 0.001557
163 0.001551
164 0.001550
165 0.001539
166 0.001536
167 0.001535
168 0.001523
169 0.001523
170 0.001526
171 0.001539
172 0.001538
173 0.001532
174 0.001526
175 0.001526
176 0.001515
177 0.001511
178 0.001511
179 0.001498
180 0.001496
181 0.001499
182 0.001513
183 0.001513
184 0.001508
185 0.001499
186 0.001499
187 0.001490
188 0.001485
189 0.001485
190 0.001474
191 0.001473
192 0.001472
193 0.001459
194 0.001460
195 0.001465
196 0.001475
197 0.001476
198 0.001469
199 0.001463
200 0.001464
201 0.001454
202 0.001453
203 0.001453
204 0.001439
205 0.001440
206 0.001438
207 0.001427
208 0.001428
209 0.001422
210 0.001415
211 0.001417
212 0.001426
213 0.001431
214 0.001432
215 0.001420
216 0.001421
217 0.001420
218 0.001408
219 0.001410
220 0.001404
221 0.001397
222 0.001399
223 0.001389
224 0.001386
225 0.001387
226 0.001374
227 0.001374
228 0.001374
229 0.001361
230 0.001362
231 0.001358
232 0.001350
233 0.001352
234 0.001352
235 0.001353
236 0.001355
237 0.001342
238 0.001341
239 0.001341
240 0.001327
241 0.001329
242 0.001325
243 0.001314
244 0.001316
245 0.001307
246 0.001300
247 0.001300
248 0.001287
249 0.001283
250 0.001284
251 0.001266
252 0.001266
253 0.001262
254 0.001247
255 0.001247
256 0.001239
257 0.001229
258 0.001229
259 0.001213
260 0.001206
261 0.001206
262 0.001189
263 0.001188
264 0.001184
265 0.001169
266 0.001169
267 0.001161
268 0.001150
269 0.001149
270 0.001139
271 0.001133
272 0.001133
273 0.001116
274 0.001114
275 0.001112
276 0.001095
277 0.001095
278 0.001089
279 0.001076
280 0.001076
281 0.001066
282 0.001058
283 0.001057
284 0.001028
285 0.001020
286 0.001019
287 0.001000
288 0.001001
289 0.000997
290 0.000985
291 0.000986
292 0.000976
293 0.000967
294 0.000967
295 0.000953
296 0.000948
297 0.000949
298 0.000932
299 0.000932
300 0.000929
301 0.000916
302 0.000918
303 0.000899
304 0.000876
305 0.000878
306 0.000870
307 0.000867
308 0.000870
309 0.000855
310 0.000856
311 0.000856
312 0.000842
313 0.000844
314 0.000840
315 0.000829
316 0.000832
317 0.000822
318 0.000817
319 0.000819
320 0.000783
321 0.000777
322 0.000779
323 0.000761
324 0.000764
325 0.000760
326 0.000747
327 0.000749
328 0.000741
329 0.000733
330 0.000735
331 0.000721
