0 0.361342
1 0.000001
2 0.000543
3 0.000543
4 0.000541
5 0.000541
6 0.000539
7 0.000538
8 0.000538
9 0.000537
10 0.000537
11 0.000535
12 0.000535
13 0.000535
14 0.000533
15 0.000532
16 0.000531
17 0.000531
18 0.000530
19 0.000530
20 0.000529
21 0.000528
22 0.000526
23 0.000527
24 0.000526
25 0.000525
26 0.000595
27 0.001227
28 0.001223
29 0.001219
30 0.001215
31 0.001210
32 0.001207
33 0.001203
34 0.001200
35 0.001196
36 0.001191
37 0.001199
38 0.001517
39 0.001511
40 0.001504
41 0.001499
42 0.001493
43 0.001487
44 0.001481
45 0.001476
46 0.001658
47 0.001721
48 0.001711
49 0.001702
50 0.001695
51 0.001684
52 0.001677
53 0.001668
54 0.001761
55 0.001882
56 0.001871
57 0.001861
58 0.001849
59 0.001839
60 0.001830
61 0.001820
62 0.001834
63 0.001973
64 0.001962
65 0.001951
66 0.001939
67 0.001929
68 0.001995
69 0.002034
70 0.002023
71 0.002011
72 0.002000
73 0.001996
74 0.002095
75 0.002084
76 0.002071
77 0.002060
78 0.002048
79 0.002095
80 0.002133
81 0.002121
82 0.002109
83 0.002097
84 0.002086
85 0.002174
86 0.002162
87 0.002150
88 0.002138
89 0.002127
90 0.002158
91 0.002195
92 0.002183
93 0.002172
94 0.002160
95 0.002149
96 0.002215
97 0.002209
98 0.002197
99 0.002186
100 0.002176
101 0.002195
102 0.002227
103 0.002218
104 0.002207
105 0.002196
106 0.002186
107 0.002234
108 0.002232
109 0.002222
110 0.002212
111 0.002203
112 0.002213
113 0.002243
114 0.002233
115 0.002223
116 0.002214
117 0.002204
118 0.002239
119 0.002239
120 0.002230
121 0.002221
122 0.002213
123 0.002217
124 0.002242
125 0.002233
126 0.002225
127 0.002217
128 0.002209
129 0.002230
130 0.002234
131 0.002226
132 0.002217
133 0.002210
134 0.002210
135 0.002230
136 0.002222
137 0.002215
138 0.002208
139 0.002201
140 0.002214
141 0.002217
142 0.002211
143 0.002204
144 0.002197
145 0.002194
146 0.002209
147 0.002202
148 0.002196
149 0.002190
150 0.002183
151 0.002189
152 0.002191
153 0.002185
154 0.002179
155 0.002174
156 0.002168
157 0.002176
158 0.002171
159 0.002166
160 0.002160
161 0.002154
162 0.002155
163 0.002154
164 0.002149
165 0.002144
166 0.002139
167 0.002134
168 0.002134
169 0.002129
170 0.002125
171 0.002120
172 0.002137
173 0.002208
174 0.002295
175 0.002525
176 0.002823
177 0.003127
178 0.003440
179 0.003716
180 0.003955
181 0.004146
182 0.004316
183 0.004655
184 0.005101
185 0.005473
186 0.005839
187 0.006186
188 0.006506
189 0.006787
190 0.006987
191 0.007181
192 0.007388
193 0.007616
194 0.007816
195 0.007968
196 0.008079
197 0.008220
198 0.008341
199 0.008448
200 0.008544
201 0.008550
202 0.008604
203 0.008667
204 0.008725
205 0.008776
206 0.008793
207 0.008751
208 0.008787
209 0.008826
210 0.008858
211 0.008890
212 0.008818
213 0.008808
214 0.008835
215 0.008864
216 0.008890
217 0.008887
218 0.008779
219 0.008806
220 0.008827
221 0.008848
222 0.008867
223 0.008761
224 0.008718
225 0.008736
226 0.008755
227 0.008774
228 0.008763
229 0.008602
230 0.008629
231 0.008654
232 0.008675
233 0.008698
234 0.008579
235 0.008507
236 0.008527
237 0.008542
238 0.008562
239 0.008561
240 0.008339
241 0.008352
242 0.008368
243 0.008382
244 0.008396
245 0.008261
246 0.008142
247 0.008152
248 0.008165
249 0.008178
250 0.008185
251 0.007891
252 0.007903
253 0.007909
254 0.007921
255 0.007926
256 0.007783
257 0.007616
258 0.007623
259 0.007630
260 0.007637
261 0.007643
262 0.007325
263 0.007294
264 0.007282
265 0.007257
266 0.007232
267 0.007052
268 0.006788
269 0.006742
270 0.006692
271 0.006635
272 0.006576
273 0.006199
274 0.006100
275 0.006045
276 0.005992
277 0.005943
278 0.005771
279 0.005492
280 0.005461
281 0.005429
282 0.005401
283 0.005372
284 0.005049
285 0.004947
286 0.004921
287 0.004893
288 0.004865
289 0.004736
290 0.004432
291 0.004407
292 0.004382
293 0.004358
294 0.004334
295 0.003958
296 0.003815
297 0.003799
298 0.003783
299 0.003772
300 0.003757
301 0.003746
302 0.003735
303 0.003464
304 0.003117
305 0.003107
306 0.003093
307 0.003082
308 0.003070
309 0.003054
310 0.003042
311 0.002930
312 0.002300
313 0.002288
314 0.002281
315 0.002270
316 0.002259
317 0.002252
318 0.002242
319 0.002234
320 0.002223
321 0.002214
322 0.002057
323 0.000036
324 0.000036
325 0.000035
326 0.000036
327 0.000035
328 0.000036
329 0.000035
330 0.000036
331 0.000036
