0 0.361342
1 0.000001
2 0.000168
3 0.000169
4 0.000169
5 0.000168
6 0.000169
7 0.000169
8 0.000168
9 0.000169
10 0.000168
11 0.000169
12 0.000169
13 0.000168
14 0.000169
15 0.000168
16 0.000168
17 0.000168
18 0.000169
19 0.000168
20 0.000168
21 0.000167
22 0.000168
23 0.000168
24 0.000168
25 0.000168
26 0.000168
27 0.000167
28 0.000168
29 0.000167
30 0.000168
31 0.000167
32 0.000167
33 0.000167
34 0.000168
35 0.000168
36 0.000167
37 0.000168
38 0.000167
39 0.000168
40 0.000168
41 0.000168
42 0.000167
43 0.000168
44 0.000167
45 0.000167
46 0.000168
47 0.000167
48 0.000167
49 0.000168
50 0.000167
51 0.000168
52 0.000168
53 0.000168
54 0.000167
55 0.000167
56 0.000168
57 0.000166
58 0.000167
59 0.000167
60 0.000167
61 0.000168
62 0.000166
63 0.000168
64 0.000167
65 0.000168
66 0.000167
67 0.000166
68 0.000168
69 0.000167
70 0.000166
71 0.000169
72 0.000168
73 0.000169
74 0.000169
75 0.000168
76 0.000168
77 0.000168
78 0.000169
79 0.000167
80 0.000169
81 0.000168
82 0.000168
83 0.000167
84 0.000168
85 0.000393
86 0.000393
87 0.000392
88 0.000391
89 0.000391
90 0.000392
91 0.000391
92 0.000391
93 0.000389
94 0.000391
95 0.000389
96 0.000389
97 0.000390
98 0.000389
99 0.000389
100 0.000389
101 0.000389
102 0.000388
103 0.000387
104 0.000388
105 0.000387
106 0.000387
107 0.000387
108 0.000386
109 0.000387
110 0.000385
111 0.000385
112 0.000386
113 0.000386
114 0.000384
115 0.000384
116 0.000383
117 0.000385
118 0.000382
119 0.000384
120 0.000384
121 0.000382
122 0.000382
123 0.000383
124 0.000380
125 0.000382
126 0.000438
127 0.000493
128 0.000494
129 0.000493
130 0.000492
131 0.000490
132 0.000491
133 0.000489
134 0.000489
135 0.000489
136 0.000487
137 0.000488
138 0.000485
139 0.000486
140 0.000486
141 0.000484
142 0.000485
143 0.000483
144 0.000484
145 0.000482
146 0.000482
147 0.000482
148 0.000480
149 0.000480
150 0.000479
151 0.000479
152 0.000477
153 0.000477
154 0.000550
155 0.000561
156 0.000561
157 0.000560
158 0.000559
159 0.000558
160 0.000558
161 0.000561
162 0.000560
163 0.000561
164 0.000560
165 0.000559
166 0.000560
167 0.000558
168 0.000559
169 0.000558
170 0.000558
171 0.000558
172 0.000556
173 0.000557
174 0.000557
175 0.000558
176 0.000555
177 0.000557
178 0.000556
179 0.000556
180 0.000555
181 0.000567
182 0.000625
183 0.000625
184 0.000623
185 0.000624
186 0.000624
187 0.000624
188 0.000624
189 0.000624
190 0.000625
191 0.000624
192 0.000624
193 0.000624
194 0.000624
195 0.000624
196 0.000624
197 0.000624
198 0.000623
199 0.000625
200 0.000623
201 0.000625
202 0.000647
203 0.000682
204 0.000681
205 0.000682
206 0.000683
207 0.000682
208 0.000682
209 0.000682
210 0.000682
211 0.000683
212 0.000683
213 0.000682
214 0.000683
215 0.000683
216 0.000684
217 0.000685
218 0.000685
219 0.000685
220 0.000686
221 0.000686
222 0.000685
223 0.000723
224 0.000742
225 0.000743
226 0.000743
227 0.000743
228 0.000744
229 0.000743
230 0.000745
231 0.000747
232 0.000746
233 0.000748
234 0.000748
235 0.000748
236 0.000750
237 0.000749
238 0.000749
239 0.000751
240 0.000750
241 0.000751
242 0.000752
243 0.000752
244 0.000803
245 0.000809
246 0.000809
247 0.000809
248 0.000810
249 0.000811
250 0.000811
251 0.000812
252 0.000811
253 0.000813
254 0.000813
255 0.000813
256 0.000816
257 0.000814
258 0.000817
259 0.000816
260 0.000818
261 0.000819
262 0.000819
263 0.000818
264 0.000829
265 0.000874
266 0.000875
267 0.000875
268 0.000876
269 0.000877
270 0.000878
271 0.000878
272 0.000881
273 0.000881
274 0.000881
275 0.000883
276 0.000883
277 0.000885
278 0.000885
279 0.000885
280 0.000888
281 0.000886
282 0.000888
283 0.000889
284 0.000889
285 0.000909
286 0.000935
287 0.000937
288 0.000936
289 0.000939
290 0.000939
291 0.000940
292 0.000941
293 0.000942
294 0.000943
295 0.000944
296 0.000946
297 0.000947
298 0.000948
299 0.000968
300 0.000983
301 0.000985
302 0.000986
303 0.000987
304 0.000987
305 0.000989
306 0.000991
307 0.000991
308 0.000993
309 0.000993
310 0.000993
311 0.000996
312 0.000997
313 0.001023
314 0.001033
315 0.001036
316 0.001035
317 0.001037
318 0.001038
319 0.001039
320 0.001041
321 0.001044
322 0.001044
323 0.001047
324 0.001046
325 0.001048
326 0.001050
327 0.001081
328 0.001088
329 0.001088
330 0.001090
331 0.001092
