0 0.361342
1 0.000001
2 0.000280
3 0.000279
4 0.000263
5 0.000280
6 0.000276
7 0.000261
8 0.000280
9 0.000261
10 0.000277
11 0.000278
12 0.000259
13 0.000278
14 0.000278
15 0.000259
16 0.000276
17 0.000276
18 0.000259
19 0.000276
20 0.000277
21 0.000257
22 0.000274
23 0.000276
24 0.000257
25 0.000275
26 0.000275
27 0.000258
28 0.000272
29 0.000275
30 0.000258
31 0.000273
32 0.000256
33 0.000274
34 0.000274
35 0.000255
36 0.000274
37 0.000274
38 0.000256
39 0.000273
40 0.000275
41 0.000255
42 0.000273
43 0.000274
44 0.000255
45 0.000275
46 0.000272
47 0.000256
48 0.000271
49 0.000273
50 0.000256
51 0.000272
52 0.000270
53 0.000256
54 0.000271
55 0.000273
56 0.000254
57 0.000270
58 0.000255
59 0.000272
60 0.000271
61 0.000252
62 0.000272
63 0.000272
64 0.000253
65 0.000270
66 0.000272
67 0.000253
68 0.000271
69 0.000271
70 0.000252
71 0.000268
72 0.000270
73 0.000253
74 0.000271
75 0.000270
76 0.000252
77 0.000270
78 0.000271
79 0.000252
80 0.000270
81 0.000271
82 0.000251
83 0.000269
84 0.000254
85 0.000636
86 0.000638
87 0.000618
88 0.000634
89 0.000634
90 0.000615
91 0.000632
92 0.000637
93 0.000615
94 0.000633
95 0.000635
96 0.000613
97 0.000632
98 0.000631
99 0.000612
100 0.000630
101 0.000629
102 0.000609
103 0.000625
104 0.000628
105 0.000607
106 0.000625
107 0.000623
108 0.000608
109 0.000622
110 0.000605
111 0.000621
112 0.000620
113 0.000602
114 0.000621
115 0.000618
116 0.000601
117 0.000617
118 0.000617
119 0.000599
120 0.000617
121 0.000614
122 0.000597
123 0.000615
124 0.000612
125 0.000596
126 0.000704
127 0.000794
128 0.000773
129 0.000792
130 0.000791
131 0.000771
132 0.000788
133 0.000789
134 0.000772
135 0.000789
136 0.000772
137 0.000786
138 0.000787
139 0.000767
140 0.000786
141 0.000782
142 0.000768
143 0.000781
144 0.000784
145 0.000763
146 0.000780
147 0.000780
148 0.000764
149 0.000779
150 0.000778
151 0.000762
152 0.000778
153 0.000776
154 0.000872
155 0.000909
156 0.000912
157 0.000891
158 0.000909
159 0.000908
160 0.000888
161 0.000906
162 0.000887
163 0.000906
164 0.000903
165 0.000887
166 0.000903
167 0.000901
168 0.000885
169 0.000903
170 0.000903
171 0.000884
172 0.000899
173 0.000901
174 0.000882
175 0.000899
176 0.000898
177 0.000880
178 0.000896
179 0.000896
180 0.000877
181 0.000914
182 0.001006
183 0.000988
184 0.001002
185 0.001004
186 0.000986
187 0.001000
188 0.000984
189 0.001001
190 0.000999
191 0.000982
192 0.000998
193 0.000998
194 0.000979
195 0.000997
196 0.000997
197 0.000980
198 0.000997
199 0.000995
200 0.000976
201 0.000996
202 0.001031
203 0.001066
204 0.001082
205 0.001081
206 0.001065
207 0.001080
208 0.001080
209 0.001062
210 0.001078
211 0.001061
212 0.001078
213 0.001076
214 0.001059
215 0.001075
216 0.001077
217 0.001057
218 0.001072
219 0.001072
220 0.001056
221 0.001071
222 0.001072
223 0.001112
224 0.001158
225 0.001158
226 0.001139
227 0.001157
228 0.001154
229 0.001138
230 0.001153
231 0.001154
232 0.001136
233 0.001154
234 0.001151
235 0.001133
236 0.001152
237 0.001134
238 0.001150
239 0.001150
240 0.001132
241 0.001148
242 0.001148
243 0.001131
244 0.001224
245 0.001231
246 0.001213
247 0.001229
248 0.001229
249 0.001212
250 0.001226
251 0.001230
252 0.001208
253 0.001228
254 0.001226
255 0.001208
256 0.001226
257 0.001224
258 0.001209
259 0.001223
260 0.001224
261 0.001205
262 0.001224
263 0.001204
264 0.001235
265 0.001303
266 0.001283
267 0.001300
268 0.001302
269 0.001282
270 0.001302
271 0.001298
272 0.001282
273 0.001298
274 0.001297
275 0.001280
276 0.001297
277 0.001296
278 0.001277
279 0.001295
280 0.001296
281 0.001276
282 0.001293
283 0.001291
284 0.001277
285 0.001321
286 0.001356
287 0.001337
288 0.001355
289 0.001338
290 0.001354
291 0.001354
292 0.001336
293 0.001352
294 0.001352
295 0.001333
296 0.001353
297 0.001350
298 0.001334
299 0.001377
300 0.001398
301 0.001381
302 0.001397
303 0.001396
304 0.001381
305 0.001395
306 0.001396
307 0.001379
308 0.001396
309 0.001393
310 0.001377
311 0.001394
312 0.001392
313 0.001411
314 0.001440
315 0.001422
316 0.001440
317 0.001437
318 0.001420
319 0.001437
320 0.001437
321 0.001421
322 0.001434
323 0.001435
324 0.001419
325 0.001432
326 0.001434
327 0.001458
328 0.001482
329 0.001479
330 0.001461
331 0.001479
