0 0.361342
1 0.000001
2 0.000337
3 0.000337
4 0.000337
5 0.000336
6 0.000337
7 0.000336
8 0.000336
9 0.000336
10 0.000337
11 0.000335
12 0.000336
13 0.000336
14 0.000335
15 0.000335
16 0.000335
17 0.000334
18 0.000335
19 0.000335
20 0.000335
21 0.000336
22 0.000334
23 0.000335
24 0.000335
25 0.000335
26 0.000334
27 0.000336
28 0.000334
29 0.000334
30 0.000334
31 0.000334
32 0.000334
33 0.000334
34 0.000333
35 0.000335
36 0.000334
37 0.000336
38 0.000336
39 0.000336
40 0.000336
41 0.000337
42 0.000335
43 0.000559
44 0.000784
45 0.000781
46 0.000781
47 0.000779
48 0.000779
49 0.000778
50 0.000777
51 0.000777
52 0.000774
53 0.000774
54 0.000773
55 0.000772
56 0.000769
57 0.000770
58 0.000767
59 0.000766
60 0.000765
61 0.000764
62 0.000764
63 0.000761
64 0.000929
65 0.000984
66 0.000980
67 0.000979
68 0.000976
69 0.000973
70 0.000969
71 0.000968
72 0.000966
73 0.000964
74 0.000961
75 0.000958
76 0.000956
77 0.000952
78 0.001108
79 0.001118
80 0.001115
81 0.001116
82 0.001119
83 0.001117
84 0.001116
85 0.001114
86 0.001114
87 0.001111
88 0.001112
89 0.001110
90 0.001109
91 0.001121
92 0.001247
93 0.001245
94 0.001246
95 0.001246
96 0.001247
97 0.001246
98 0.001246
99 0.001246
100 0.001246
101 0.001246
102 0.001327
103 0.001360
104 0.001362
105 0.001362
106 0.001362
107 0.001362
108 0.001364
109 0.001366
110 0.001367
111 0.001369
112 0.001406
113 0.001482
114 0.001483
115 0.001485
116 0.001490
117 0.001491
118 0.001493
119 0.001496
120 0.001497
121 0.001499
122 0.001501
123 0.001608
124 0.001615
125 0.001617
126 0.001620
127 0.001621
128 0.001624
129 0.001627
130 0.001630
131 0.001633
132 0.001634
133 0.001700
134 0.001746
135 0.001749
136 0.001752
137 0.001759
138 0.001761
139 0.001764
140 0.001766
141 0.001771
142 0.001773
143 0.001794
144 0.001868
145 0.001871
146 0.001874
147 0.001879
148 0.001883
149 0.001888
150 0.001911
151 0.001964
152 0.001968
153 0.001972
154 0.001978
155 0.001981
156 0.001984
157 0.002016
158 0.002064
159 0.002068
160 0.002072
161 0.002080
162 0.002086
163 0.002089
164 0.002126
165 0.002170
166 0.002176
167 0.002181
168 0.002187
169 0.002194
170 0.002200
171 0.002242
172 0.002281
173 0.002287
174 0.002294
175 0.002303
176 0.002310
177 0.002317
178 0.002364
179 0.002397
180 0.002403
181 0.002412
182 0.002421
183 0.002427
184 0.002433
185 0.002488
186 0.002515
187 0.002521
188 0.002528
189 0.002535
190 0.002541
191 0.002546
192 0.002604
193 0.002621
194 0.002626
195 0.002631
196 0.002636
197 0.002640
198 0.002644
199 0.002704
200 0.002717
201 0.002721
202 0.002724
203 0.002727
204 0.002730
205 0.002732
206 0.002794
207 0.002800
208 0.002799
209 0.002802
210 0.002804
211 0.002805
212 0.002807
213 0.002869
214 0.002870
215 0.002871
216 0.002875
217 0.002878
218 0.002881
219 0.002892
220 0.002947
221 0.002952
222 0.002954
223 0.002958
224 0.002962
225 0.002963
226 0.002979
227 0.003025
228 0.003026
229 0.003024
230 0.003021
231 0.003022
232 0.003019
233 0.003033
234 0.003073
235 0.003070
236 0.003067
237 0.003067
238 0.003063
239 0.003061
240 0.003078
241 0.003110
242 0.003107
243 0.003103
244 0.003101
245 0.003097
246 0.003094
247 0.003113
248 0.003138
249 0.003133
250 0.003128
251 0.003125
252 0.003123
253 0.003121
254 0.003149
255 0.003174
256 0.003174
257 0.003175
258 0.003178
259 0.003179
260 0.003179
261 0.003212
262 0.003231
263 0.003233
264 0.003235
265 0.003238
266 0.003241
267 0.003243
268 0.003278
269 0.003295
270 0.003299
271 0.003304
272 0.003305
273 0.003310
274 0.003314
275 0.003354
276 0.003367
277 0.003371
278 0.003375
279 0.003379
280 0.003382
281 0.003385
282 0.003425
283 0.003434
284 0.003434
285 0.003438
286 0.003438
287 0.003439
288 0.003440
289 0.003478
290 0.003478
291 0.003478
292 0.003477
293 0.003474
294 0.003473
295 0.003473
296 0.003509
297 0.003508
298 0.003508
299 0.003504
300 0.003503
301 0.003503
302 0.003507
303 0.003540
304 0.003540
305 0.003539
306 0.003538
307 0.003534
308 0.003528
309 0.003529
310 0.003546
311 0.003534
312 0.003519
313 0.003500
314 0.003479
315 0.003452
316 0.003433
317 0.003425
318 0.003394
319 0.003366
320 0.003342
321 0.003315
322 0.003288
323 0.003269
324 0.003266
325 0.003247
326 0.003230
327 0.003211
328 0.003192
329 0.003171
330 0.003162
331 0.003153
