0 0.360981
1 0.000001
2 0.000118
3 0.000119
4 0.000111
5 0.000094
6 0.000094
7 0.000094
8 0.000101
9 0.000101
10 0.000118
11 0.000146
12 0.000146
13 0.000202
14 0.000206
15 0.000198
16 0.000216
17 0.000216
18 0.000225
19 0.000243
20 0.000243
21 0.000266
22 0.000281
23 0.000281
24 0.000306
25 0.000310
26 0.000313
27 0.000346
28 0.000345
29 0.000356
30 0.000377
31 0.000376
32 0.000397
33 0.000413
34 0.000412
35 0.000439
36 0.000445
37 0.000445
38 0.000484
39 0.000483
40 0.000493
41 0.000525
42 0.000524
43 0.000547
44 0.000570
45 0.000569
46 0.000611
47 0.000626
48 0.000624
49 0.000673
50 0.000673
51 0.000686
52 0.000744
53 0.000742
54 0.000765
55 0.000795
56 0.000793
57 0.000852
58 0.000881
59 0.000879
60 0.000933
61 0.000938
62 0.000952
63 0.001064
64 0.001062
65 0.001085
66 0.001127
67 0.001126
68 0.001169
69 0.001197
70 0.001196
71 0.001403
72 0.001447
73 0.001451
74 0.001519
75 0.001519
76 0.001543
77 0.001599
78 0.001601
79 0.001646
80 0.001687
81 0.001690
82 0.001743
83 0.001761
84 0.001764
85 0.001812
86 0.001815
87 0.001829
88 0.001868
89 0.001871
90 0.001896
91 0.001923
92 0.001928
93 0.001963
94 0.001981
95 0.001987
96 0.002074
97 0.002086
98 0.002098
99 0.002139
100 0.002144
101 0.002164
102 0.002192
103 0.002194
104 0.002220
105 0.002231
106 0.002228
107 0.002256
108 0.002258
109 0.002258
110 0.002286
111 0.002281
112 0.002287
113 0.002305
114 0.002300
115 0.002313
116 0.002323
117 0.002318
118 0.002338
119 0.002340
120 0.002338
121 0.002364
122 0.002361
123 0.002366
124 0.002386
125 0.002384
126 0.002397
127 0.002411
128 0.002411
129 0.002431
130 0.002439
131 0.002440
132 0.002465
133 0.002468
134 0.002475
135 0.002497
136 0.002500
137 0.002514
138 0.002531
139 0.002535
140 0.002554
141 0.002566
142 0.002571
143 0.002596
144 0.002604
145 0.002614
146 0.002638
147 0.002647
148 0.002662
149 0.002683
150 0.002692
151 0.002714
152 0.002731
153 0.002742
154 0.002766
155 0.002780
156 0.002793
157 0.002818
158 0.002829
159 0.002844
160 0.002864
161 0.002875
162 0.002892
163 0.002909
164 0.002919
165 0.002939
166 0.002953
167 0.002965
168 0.002987
169 0.002999
170 0.003013
171 0.003032
172 0.003044
173 0.003059
174 0.003075
175 0.003087
176 0.003104
177 0.003118
178 0.003129
179 0.003144
180 0.003156
181 0.003167
182 0.003181
183 0.003193
184 0.003205
185 0.003217
186 0.003228
187 0.003239
188 0.003250
189 0.003260
190 0.003270
191 0.003281
192 0.003291
193 0.003300
194 0.003312
195 0.003327
196 0.003347
197 0.003361
198 0.003373
199 0.003386
200 0.003401
201 0.003409
202 0.003422
203 0.003434
204 0.003438
205 0.003450
206 0.003458
207 0.003460
208 0.003470
209 0.003473
210 0.003477
211 0.003486
212 0.003484
213 0.003488
214 0.003495
215 0.003484
216 0.003487
217 0.003484
218 0.003469
219 0.003464
220 0.003450
221 0.003432
222 0.003423
223 0.003400
224 0.003383
225 0.003363
226 0.003321
227 0.003294
228 0.003261
229 0.003211
230 0.003181
231 0.003139
232 0.003089
233 0.003052
234 0.003003
235 0.002959
236 0.002925
237 0.002871
238 0.002835
239 0.002802
240 0.002747
241 0.002717
242 0.002680
243 0.002635
244 0.002609
245 0.002569
246 0.002533
247 0.002510
248 0.002468
249 0.002443
250 0.002425
251 0.002381
252 0.002371
253 0.002357
254 0.002333
255 0.002331
256 0.002316
257 0.002300
258 0.002299
259 0.002278
260 0.002268
261 0.002267
262 0.002234
263 0.002229
264 0.002221
265 0.002191
266 0.002189
267 0.002174
268 0.002152
269 0.002151
270 0.002129
271 0.002116
272 0.002115
273 0.002082
274 0.002076
275 0.002070
276 0.002034
277 0.002032
278 0.002017
279 0.001989
280 0.001987
281 0.001961
282 0.001941
283 0.001938
284 0.001902
285 0.001891
286 0.001888
287 0.001844
288 0.001841
289 0.001827
290 0.001792
291 0.001789
292 0.001763
293 0.001739
294 0.001736
295 0.001701
296 0.001686
297 0.001684
298 0.001638
299 0.001635
300 0.001624
301 0.001585
302 0.001583
303 0.001561
304 0.001531
305 0.001530
306 0.001495
307 0.001478
308 0.001476
309 0.001430
310 0.001424
311 0.001416
312 0.001371
313 0.001370
314 0.001350
315 0.001317
316 0.001316
317 0.001284
318 0.001262
319 0.001262
320 0.001217
321 0.001208
322 0.001204
323 0.001152
324 0.001152
325 0.001135
326 0.001095
327 0.001095
328 0.001065
329 0.001038
330 0.001038
331 0.000993
