0 0.361340
1 0.000001
2 0.000226
3 0.000226
4 0.000294
5 0.000671
6 0.000669
7 0.000909
8 0.001186
9 0.001179
10 0.001535
11 0.001678
12 0.001665
13 0.002090
14 0.002100
15 0.002122
16 0.002311
17 0.002286
18 0.002424
19 0.002640
20 0.002608
21 0.002816
22 0.002919
23 0.002883
24 0.003083
25 0.003079
26 0.003074
27 0.003321
28 0.003280
29 0.003328
30 0.003458
31 0.003419
32 0.003533
33 0.003608
34 0.003571
35 0.003703
36 0.003710
37 0.003683
38 0.003863
39 0.003829
40 0.003850
41 0.003966
42 0.003935
43 0.003996
44 0.004058
45 0.004029
46 0.004137
47 0.004158
48 0.004132
49 0.004249
50 0.004224
51 0.004228
52 0.004333
53 0.004300
54 0.004318
55 0.004351
56 0.004318
57 0.004388
58 0.004405
59 0.004372
60 0.004417
61 0.004393
62 0.004382
63 0.004491
64 0.004459
65 0.004450
66 0.004457
67 0.004426
68 0.004425
69 0.004414
70 0.004385
71 0.004594
72 0.004613
73 0.004584
74 0.004577
75 0.004548
76 0.004524
77 0.004507
78 0.004481
79 0.004461
80 0.004443
81 0.004421
82 0.004379
83 0.004355
84 0.004334
85 0.004288
86 0.004269
87 0.004243
88 0.004203
89 0.004189
90 0.004165
91 0.004146
92 0.004150
93 0.004139
94 0.004147
95 0.004170
96 0.004175
97 0.004211
98 0.004249
99 0.004271
100 0.004325
101 0.004370
102 0.004416
103 0.004494
104 0.004561
105 0.004639
106 0.004738
107 0.004820
108 0.004931
109 0.005049
110 0.005146
111 0.005285
112 0.005421
113 0.005549
114 0.005712
115 0.005862
116 0.006025
117 0.006210
118 0.006367
119 0.006551
120 0.006750
121 0.006929
122 0.007137
123 0.007343
124 0.007531
125 0.007758
126 0.007965
127 0.008175
128 0.008415
129 0.008622
130 0.008857
131 0.009111
132 0.009315
133 0.009566
134 0.009801
135 0.009995
136 0.010240
137 0.010465
138 0.010684
139 0.010944
140 0.011142
141 0.011376
142 0.011650
143 0.011868
144 0.012143
145 0.012423
146 0.012650
147 0.012942
148 0.013215
149 0.013468
150 0.013764
151 0.013974
152 0.014173
153 0.014406
154 0.014570
155 0.014792
156 0.015031
157 0.015194
158 0.015426
159 0.015606
160 0.015649
161 0.015269
162 0.014810
163 0.014462
164 0.014268
165 0.014019
166 0.013820
167 0.013636
168 0.013373
169 0.013181
170 0.012971
171 0.012728
172 0.012540
173 0.012323
174 0.012106
175 0.011929
176 0.011707
177 0.011506
178 0.011334
179 0.011093
180 0.010884
181 0.010687
182 0.010468
183 0.010305
184 0.010101
185 0.009887
186 0.009699
187 0.009484
188 0.009290
189 0.009115
190 0.008899
191 0.008718
192 0.008537
193 0.008325
194 0.008153
195 0.007969
196 0.007775
197 0.007599
198 0.007393
199 0.007173
200 0.006967
201 0.006740
202 0.006538
203 0.006343
204 0.006126
205 0.005942
206 0.005756
207 0.005565
208 0.005398
209 0.005228
210 0.005064
211 0.004910
212 0.004744
213 0.004593
214 0.004450
215 0.004293
216 0.004158
217 0.004023
218 0.003882
219 0.003758
220 0.003630
221 0.003506
222 0.003394
223 0.003277
224 0.003169
225 0.003069
226 0.002962
227 0.002870
228 0.002781
229 0.002692
230 0.002624
231 0.002561
232 0.002504
233 0.002461
234 0.002418
235 0.002380
236 0.002350
237 0.002315
238 0.002289
239 0.002267
240 0.002240
241 0.002224
242 0.002208
243 0.002192
244 0.002184
245 0.002175
246 0.002168
247 0.002166
248 0.002159
249 0.002158
250 0.002159
251 0.002152
252 0.002154
253 0.002155
254 0.002151
255 0.002155
256 0.002154
257 0.002153
258 0.002157
259 0.002155
260 0.002157
261 0.002160
262 0.002157
263 0.002160
264 0.002163
265 0.002161
266 0.002167
267 0.002169
268 0.002170
269 0.002176
270 0.002174
271 0.002176
272 0.002182
273 0.002181
274 0.002185
275 0.002190
276 0.002188
277 0.002194
278 0.002197
279 0.002198
280 0.002205
281 0.002208
282 0.002213
283 0.002221
284 0.002223
285 0.002230
286 0.002238
287 0.002239
288 0.002248
289 0.002255
290 0.002258
291 0.002267
292 0.002271
293 0.002275
294 0.002282
295 0.002282
296 0.002287
297 0.002292
298 0.002289
299 0.002293
300 0.002296
301 0.002292
302 0.002296
303 0.002296
304 0.002294
305 0.002296
306 0.002292
307 0.002293
308 0.002296
309 0.002290
310 0.002292
311 0.002296
312 0.002293
313 0.002299
314 0.002302
315 0.002303
316 0.002310
317 0.002311
318 0.002314
319 0.002321
320 0.002320
321 0.002325
322 0.002331
323 0.002330
324 0.002337
325 0.002341
326 0.002341
327 0.002348
328 0.002350
329 0.002352
330 0.002359
331 0.002358
