0 0.361343
1 0.000001
2 0.000602
3 0.000602
4 0.000603
5 0.001206
6 0.001717
7 0.001716
8 0.001801
9 0.002747
10 0.002743
11 0.002742
12 0.003330
13 0.003681
14 0.003675
15 0.003813
16 0.004523
17 0.004515
18 0.004505
19 0.005042
20 0.005255
21 0.005243
22 0.005400
23 0.005898
24 0.005882
25 0.005864
26 0.006320
27 0.006424
28 0.006404
29 0.006559
30 0.006887
31 0.006864
32 0.006841
33 0.007192
34 0.007221
35 0.007197
36 0.007321
37 0.007504
38 0.007478
39 0.007452
40 0.007682
41 0.007665
42 0.007639
43 0.007712
44 0.007784
45 0.007756
46 0.007732
47 0.007819
48 0.007791
49 0.007761
50 0.007759
51 0.007749
52 0.007719
53 0.007686
54 0.007635
55 0.007603
56 0.007572
57 0.007481
58 0.007422
59 0.007394
60 0.007334
61 0.007183
62 0.007159
63 0.007134
64 0.006943
65 0.006866
66 0.006845
67 0.006740
68 0.006520
69 0.006501
70 0.006483
71 0.006179
72 0.006106
73 0.006090
74 0.005925
75 0.005662
76 0.005649
77 0.005636
78 0.005210
79 0.005162
80 0.005151
81 0.004912
82 0.004635
83 0.004627
84 0.004619
85 0.004078
86 0.004072
87 0.004066
88 0.003756
89 0.003504
90 0.003500
91 0.003449
92 0.002956
93 0.002954
94 0.002953
95 0.002646
96 0.002495
97 0.002495
98 0.002388
99 0.002162
100 0.002164
101 0.002166
102 0.002310
103 0.002370
104 0.002374
105 0.002437
106 0.002624
107 0.002627
108 0.002630
109 0.002823
110 0.002876
111 0.002880
112 0.002962
113 0.003122
114 0.003127
115 0.003133
116 0.003336
117 0.003371
118 0.003377
119 0.003476
120 0.003611
121 0.003616
122 0.003619
123 0.003823
124 0.003830
125 0.003826
126 0.003925
127 0.004024
128 0.004020
129 0.004025
130 0.004210
131 0.004207
132 0.004205
133 0.004312
134 0.004388
135 0.004386
136 0.004407
137 0.004562
138 0.004560
139 0.004557
140 0.004670
141 0.004726
142 0.004725
143 0.004759
144 0.004889
145 0.004889
146 0.004889
147 0.005007
148 0.005047
149 0.005048
150 0.005094
151 0.005202
152 0.005205
153 0.005208
154 0.005338
155 0.005373
156 0.005386
157 0.005449
158 0.005549
159 0.005564
160 0.005581
161 0.005719
162 0.005751
163 0.005774
164 0.005853
165 0.005946
166 0.005977
167 0.006010
168 0.006163
169 0.006201
170 0.006238
171 0.006334
172 0.006421
173 0.006456
174 0.006499
175 0.006631
176 0.006665
177 0.006699
178 0.006793
179 0.006863
180 0.006895
181 0.006942
182 0.007049
183 0.007080
184 0.007113
185 0.007208
186 0.007268
187 0.007303
188 0.007356
189 0.007451
190 0.007487
191 0.007519
192 0.007607
193 0.007654
194 0.007687
195 0.007738
196 0.007808
197 0.007838
198 0.007869
199 0.007944
200 0.007979
201 0.008007
202 0.008041
203 0.008069
204 0.008061
205 0.008053
206 0.008076
207 0.008070
208 0.008064
209 0.008070
210 0.008077
211 0.008072
212 0.008068
213 0.008077
214 0.008072
215 0.008067
216 0.008066
217 0.008063
218 0.008059
219 0.008055
220 0.008048
221 0.008047
222 0.008049
223 0.008045
224 0.008048
225 0.008057
226 0.008061
227 0.008052
228 0.008062
229 0.008074
230 0.008064
231 0.008075
232 0.008098
233 0.008113
234 0.008112
235 0.008142
236 0.008171
237 0.008156
238 0.008175
239 0.008204
240 0.008207
241 0.008191
242 0.008210
243 0.008226
244 0.008163
245 0.008119
246 0.008038
247 0.007894
248 0.007744
249 0.007641
250 0.007539
251 0.007349
252 0.007243
253 0.007144
254 0.007002
255 0.006871
256 0.006783
257 0.006690
258 0.006525
259 0.006455
260 0.006386
261 0.006256
262 0.006154
263 0.006091
264 0.006011
265 0.005865
266 0.005807
267 0.005749
268 0.005618
269 0.005535
270 0.005486
271 0.005413
272 0.005289
273 0.005254
274 0.005222
275 0.005098
276 0.005045
277 0.005018
278 0.004953
279 0.004849
280 0.004828
281 0.004807
282 0.004678
283 0.004645
284 0.004629
285 0.004560
286 0.004471
287 0.004460
288 0.004450
289 0.004309
290 0.004298
291 0.004299
292 0.004229
293 0.004159
294 0.004162
295 0.004158
296 0.004017
297 0.004020
298 0.004024
299 0.003937
300 0.003877
301 0.003882
302 0.003868
303 0.003731
304 0.003738
305 0.003747
306 0.003642
307 0.003593
308 0.003602
309 0.003573
310 0.003438
311 0.003447
312 0.003456
313 0.003326
314 0.003289
315 0.003299
316 0.003252
317 0.003123
318 0.003134
319 0.003145
320 0.002988
321 0.002965
322 0.002975
323 0.002904
324 0.002780
325 0.002789
326 0.002797
327 0.002604
328 0.002593
329 0.002601
330 0.002503
331 0.002386
