0 0.361342
1 0.000001
2 0.000675
3 0.000676
4 0.000675
5 0.000676
6 0.000675
7 0.000675
8 0.000675
9 0.000677
10 0.000674
11 0.000676
12 0.000673
13 0.000676
14 0.000686
15 0.000675
16 0.000677
17 0.000674
18 0.000675
19 0.000677
20 0.000677
21 0.000676
22 0.000677
23 0.000679
24 0.000679
25 0.000678
26 0.000678
27 0.000678
28 0.000679
29 0.000679
30 0.000680
31 0.000679
32 0.000677
33 0.000681
34 0.000679
35 0.000681
36 0.000680
37 0.000680
38 0.000682
39 0.000680
40 0.001572
41 0.001599
42 0.001599
43 0.001609
44 0.001598
45 0.001608
46 0.001596
47 0.001610
48 0.001597
49 0.001608
50 0.001598
51 0.001596
52 0.001608
53 0.001596
54 0.001608
55 0.001596
56 0.001608
57 0.001924
58 0.002084
59 0.002083
60 0.002082
61 0.002083
62 0.002092
63 0.002081
64 0.002080
65 0.002082
66 0.002079
67 0.002090
68 0.002078
69 0.002078
70 0.002077
71 0.002384
72 0.002442
73 0.002430
74 0.002441
75 0.002438
76 0.002437
77 0.002427
78 0.002442
79 0.002440
80 0.002439
81 0.002574
82 0.002731
83 0.002729
84 0.002729
85 0.002727
86 0.002737
87 0.002725
88 0.002723
89 0.002722
90 0.002721
91 0.002752
92 0.003001
93 0.003008
94 0.003007
95 0.002995
96 0.003003
97 0.003003
98 0.002989
99 0.002998
100 0.002997
101 0.002984
102 0.003154
103 0.003218
104 0.003215
105 0.003214
106 0.003211
107 0.003209
108 0.003217
109 0.003345
110 0.003378
111 0.003375
112 0.003375
113 0.003374
114 0.003382
115 0.003369
116 0.003525
117 0.003534
118 0.003540
119 0.003526
120 0.003537
121 0.003522
122 0.003527
123 0.003679
124 0.003662
125 0.003658
126 0.003644
127 0.003630
128 0.003613
129 0.003593
130 0.003738
131 0.003728
132 0.003699
133 0.003679
134 0.003658
135 0.003635
136 0.003632
137 0.003738
138 0.003712
139 0.003693
140 0.003655
141 0.003626
142 0.003605
143 0.003589
144 0.003673
145 0.003624
146 0.003595
147 0.003543
148 0.003510
149 0.003465
150 0.003476
151 0.003529
152 0.003483
153 0.003457
154 0.003420
155 0.003384
156 0.003333
157 0.003344
158 0.003370
159 0.003321
160 0.003275
161 0.003230
162 0.003195
163 0.003168
164 0.003192
165 0.003236
166 0.003209
167 0.003194
168 0.003184
169 0.003174
170 0.003177
171 0.003214
172 0.003255
173 0.003262
174 0.003250
175 0.003254
176 0.003265
177 0.003259
178 0.003332
179 0.003362
180 0.003378
181 0.003384
182 0.003385
183 0.003403
184 0.003404
185 0.003490
186 0.003527
187 0.003540
188 0.003551
189 0.003556
190 0.003580
191 0.003593
192 0.003681
193 0.003715
194 0.003732
195 0.003749
196 0.003765
197 0.003783
198 0.003800
199 0.003900
200 0.003931
201 0.003951
202 0.003972
203 0.003993
204 0.004026
205 0.004039
206 0.004152
207 0.004182
208 0.004218
209 0.004237
210 0.004266
211 0.004307
212 0.004332
213 0.004438
214 0.004487
215 0.004520
216 0.004601
217 0.004657
218 0.004716
219 0.004763
220 0.004870
221 0.004919
222 0.004990
223 0.005088
224 0.005166
225 0.005247
226 0.005335
227 0.005443
228 0.005536
229 0.005623
230 0.005748
231 0.005829
232 0.005871
233 0.005904
234 0.005957
235 0.005969
236 0.005985
237 0.006045
238 0.006061
239 0.006084
240 0.006099
241 0.006119
242 0.006107
243 0.006095
244 0.006127
245 0.006119
246 0.006102
247 0.006110
248 0.006130
249 0.006104
250 0.006085
251 0.006115
252 0.006094
253 0.006077
254 0.006077
255 0.006078
256 0.006053
257 0.006060
258 0.006097
259 0.006100
260 0.006095
261 0.006129
262 0.006145
263 0.006141
264 0.006153
265 0.006190
266 0.006192
267 0.006188
268 0.006227
269 0.006241
270 0.006244
271 0.006258
272 0.006293
273 0.006298
274 0.006304
275 0.006344
276 0.006358
277 0.006367
278 0.006389
279 0.006425
280 0.006436
281 0.006449
282 0.006503
283 0.006519
284 0.006535
285 0.006571
286 0.006619
287 0.006639
288 0.006665
289 0.006737
290 0.006769
291 0.006806
292 0.006872
293 0.006933
294 0.007002
295 0.007070
296 0.007113
297 0.007070
298 0.007031
299 0.007003
300 0.006975
301 0.006924
302 0.006871
303 0.006850
304 0.006786
305 0.006724
306 0.006678
307 0.006614
308 0.006530
309 0.006456
310 0.006388
311 0.006289
312 0.006177
313 0.006089
314 0.005976
315 0.005879
316 0.005833
317 0.005807
318 0.005751
319 0.005694
320 0.005652
321 0.005589
322 0.005518
323 0.005450
324 0.005383
325 0.005297
326 0.005208
327 0.005168
328 0.005135
329 0.005096
330 0.005065
331 0.005034
