0 0.361342
1 0.000001
2 0.001018
3 0.001007
4 0.001019
5 0.001007
6 0.001018
7 0.001007
8 0.001017
9 0.001007
10 0.001017
11 0.001019
12 0.001006
13 0.001019
14 0.001009
15 0.001020
16 0.001010
17 0.001023
18 0.001012
19 0.001023
20 0.001012
21 0.001024
22 0.001012
23 0.001025
24 0.001026
25 0.001014
26 0.001027
27 0.001903
28 0.002395
29 0.002405
30 0.002403
31 0.002392
32 0.002405
33 0.002402
34 0.002393
35 0.002401
36 0.002401
37 0.002390
38 0.002480
39 0.003125
40 0.003123
41 0.003111
42 0.003121
43 0.003118
44 0.003120
45 0.003117
46 0.003106
47 0.003114
48 0.003595
49 0.003642
50 0.003649
51 0.003648
52 0.003637
53 0.003653
54 0.003640
55 0.004082
56 0.004082
57 0.004079
58 0.004087
59 0.004073
60 0.004071
61 0.004099
62 0.004496
63 0.004490
64 0.004488
65 0.004484
66 0.004479
67 0.004476
68 0.004518
69 0.004805
70 0.004811
71 0.004795
72 0.004801
73 0.004933
74 0.005041
75 0.005049
76 0.005047
77 0.005040
78 0.005276
79 0.005280
80 0.005275
81 0.005268
82 0.005340
83 0.005477
84 0.005454
85 0.005423
86 0.005386
87 0.005501
88 0.005550
89 0.005496
90 0.005448
91 0.005416
92 0.005565
93 0.005512
94 0.005439
95 0.005380
96 0.005391
97 0.005425
98 0.005335
99 0.005240
100 0.005161
101 0.005243
102 0.005188
103 0.005107
104 0.005023
105 0.004972
106 0.005006
107 0.004890
108 0.004805
109 0.004733
110 0.004790
111 0.004803
112 0.004773
113 0.004742
114 0.004742
115 0.004872
116 0.004866
117 0.004870
118 0.004885
119 0.004944
120 0.005036
121 0.005061
122 0.005073
123 0.005094
124 0.005238
125 0.005292
126 0.005310
127 0.005351
128 0.005409
129 0.005553
130 0.005589
131 0.005628
132 0.005666
133 0.005788
134 0.005889
135 0.005934
136 0.005983
137 0.006044
138 0.006224
139 0.006295
140 0.006350
141 0.006428
142 0.006532
143 0.006695
144 0.006794
145 0.006953
146 0.007073
147 0.007245
148 0.007396
149 0.007570
150 0.007770
151 0.007946
152 0.008187
153 0.008379
154 0.008634
155 0.008745
156 0.008825
157 0.008902
158 0.008943
159 0.009041
160 0.009069
161 0.009107
162 0.009096
163 0.009102
164 0.009108
165 0.009089
166 0.009112
167 0.009072
168 0.009095
169 0.009054
170 0.009047
171 0.009025
172 0.009048
173 0.009088
174 0.009088
175 0.009158
176 0.009154
177 0.009206
178 0.009223
179 0.009258
180 0.009302
181 0.009315
182 0.009375
183 0.009393
184 0.009455
185 0.009484
186 0.009538
187 0.009581
188 0.009630
189 0.009708
190 0.009746
191 0.009845
192 0.009902
193 0.010003
194 0.010101
195 0.010210
196 0.010361
197 0.010514
198 0.010547
199 0.010450
200 0.010388
201 0.010296
202 0.010194
203 0.010093
204 0.009956
205 0.009838
206 0.009654
207 0.009497
208 0.009278
209 0.009054
210 0.008806
211 0.008688
212 0.008609
213 0.008482
214 0.008374
215 0.008223
216 0.008070
217 0.007898
218 0.007715
219 0.007658
220 0.007572
221 0.007508
222 0.007412
223 0.007334
224 0.007344
225 0.007362
226 0.007391
227 0.007403
228 0.007440
229 0.007460
230 0.007490
231 0.007514
232 0.007544
233 0.007582
234 0.007606
235 0.007652
236 0.007682
237 0.007736
238 0.007764
239 0.007804
240 0.007844
241 0.007881
242 0.007920
243 0.007943
244 0.007983
245 0.007997
246 0.008021
247 0.008045
248 0.008058
249 0.008079
250 0.008081
251 0.008098
252 0.008085
253 0.008081
254 0.008075
255 0.008057
256 0.008044
257 0.008026
258 0.008026
259 0.008009
260 0.008011
261 0.008011
262 0.008018
263 0.008020
264 0.008025
265 0.008041
266 0.008055
267 0.008084
268 0.008113
269 0.008153
270 0.008191
271 0.008239
272 0.008300
273 0.008363
274 0.008437
275 0.008510
276 0.008595
277 0.008686
278 0.008779
279 0.008893
280 0.009009
281 0.009141
282 0.009284
283 0.009443
284 0.009614
285 0.009811
286 0.009960
287 0.010066
288 0.010197
289 0.010334
290 0.010476
291 0.010522
292 0.010566
293 0.010610
294 0.010673
295 0.010738
296 0.010822
297 0.010906
298 0.010855
299 0.010771
300 0.010680
301 0.010582
302 0.010470
303 0.010355
304 0.010206
305 0.010061
306 0.009885
307 0.009690
308 0.009463
309 0.009282
310 0.009257
311 0.009237
312 0.009221
313 0.009193
314 0.009177
315 0.009152
316 0.009131
317 0.009109
318 0.009077
319 0.009063
320 0.009027
321 0.009004
322 0.008975
323 0.008946
324 0.008920
325 0.008884
326 0.008859
327 0.008818
328 0.008788
329 0.008751
330 0.008717
331 0.008678
