0 0.361342
1 0.000001
2 0.000821
3 0.000817
4 0.000817
5 0.000815
6 0.000811
7 0.000811
8 0.000807
9 0.000807
10 0.000804
11 0.000805
12 0.000803
13 0.000803
14 0.000802
15 0.000801
16 0.000801
17 0.000800
18 0.000797
19 0.000799
20 0.000778
21 0.000795
22 0.000797
23 0.000794
24 0.000794
25 0.000792
26 0.000792
27 0.000792
28 0.000791
29 0.001155
30 0.001886
31 0.001879
32 0.001883
33 0.001877
34 0.001869
35 0.001861
36 0.001858
37 0.001851
38 0.001844
39 0.001838
40 0.001832
41 0.001827
42 0.001822
43 0.002090
44 0.002352
45 0.002346
46 0.002329
47 0.002337
48 0.002333
49 0.002325
50 0.002322
51 0.002315
52 0.002423
53 0.002708
54 0.002701
55 0.002697
56 0.002690
57 0.002686
58 0.002684
59 0.002678
60 0.002672
61 0.002685
62 0.002993
63 0.002987
64 0.002981
65 0.002975
66 0.002970
67 0.002969
68 0.002999
69 0.003227
70 0.003222
71 0.003198
72 0.003210
73 0.003205
74 0.003197
75 0.003252
76 0.003453
77 0.003446
78 0.003441
79 0.003436
80 0.003432
81 0.003427
82 0.003500
83 0.003671
84 0.003665
85 0.003663
86 0.003657
87 0.003653
88 0.003652
89 0.003740
90 0.003883
91 0.003879
92 0.003873
93 0.003871
94 0.003866
95 0.003858
96 0.003951
97 0.004027
98 0.004041
99 0.004035
100 0.004034
101 0.004153
102 0.004170
103 0.004167
104 0.004163
105 0.004195
106 0.004299
107 0.004291
108 0.004289
109 0.004283
110 0.004371
111 0.004417
112 0.004413
113 0.004409
114 0.004411
115 0.004541
116 0.004538
117 0.004538
118 0.004538
119 0.004591
120 0.004666
121 0.004667
122 0.004651
123 0.004670
124 0.004774
125 0.004801
126 0.004802
127 0.004805
128 0.004830
129 0.004929
130 0.004932
131 0.004933
132 0.004935
133 0.005007
134 0.005058
135 0.005059
136 0.005060
137 0.005062
138 0.005177
139 0.005180
140 0.005183
141 0.005185
142 0.005226
143 0.005301
144 0.005301
145 0.005303
146 0.005307
147 0.005388
148 0.005401
149 0.005419
150 0.005423
151 0.005437
152 0.005532
153 0.005532
154 0.005535
155 0.005536
156 0.005593
157 0.005643
158 0.005645
159 0.005648
160 0.005649
161 0.005741
162 0.005752
163 0.005755
164 0.005756
165 0.005789
166 0.005857
167 0.005862
168 0.005863
169 0.005870
170 0.005938
171 0.005969
172 0.005976
173 0.005964
174 0.005992
175 0.006078
176 0.006081
177 0.006087
178 0.006094
179 0.006141
180 0.006195
181 0.006204
182 0.006213
183 0.006221
184 0.006307
185 0.006329
186 0.006339
187 0.006353
188 0.006385
189 0.006457
190 0.006470
191 0.006486
192 0.006506
193 0.006569
194 0.006616
195 0.006635
196 0.006653
197 0.006671
198 0.006766
199 0.006766
200 0.006804
201 0.006812
202 0.006844
203 0.006883
204 0.006882
205 0.006881
206 0.006878
207 0.006934
208 0.006945
209 0.006949
210 0.006949
211 0.006965
212 0.007019
213 0.007023
214 0.007029
215 0.007034
216 0.007069
217 0.007110
218 0.007119
219 0.007120
220 0.007137
221 0.007193
222 0.007214
223 0.007226
224 0.007225
225 0.007260
226 0.007294
227 0.007308
228 0.007318
229 0.007318
230 0.007374
231 0.007389
232 0.007410
233 0.007427
234 0.007442
235 0.007507
236 0.007518
237 0.007545
238 0.007561
239 0.007594
240 0.007644
241 0.007654
242 0.007683
243 0.007703
244 0.007751
245 0.007783
246 0.007795
247 0.007825
248 0.007840
249 0.007872
250 0.007860
251 0.007855
252 0.007852
253 0.007839
254 0.007839
255 0.007832
256 0.007817
257 0.007812
258 0.007804
259 0.007797
260 0.007793
261 0.007772
262 0.007772
263 0.007755
264 0.007755
265 0.007752
266 0.007735
267 0.007744
268 0.007726
269 0.007734
270 0.007728
271 0.007712
272 0.007718
273 0.007701
274 0.007709
275 0.007701
276 0.007688
277 0.007691
278 0.007677
279 0.007682
280 0.007676
281 0.007664
282 0.007667
283 0.007655
284 0.007661
285 0.007656
286 0.007643
287 0.007628
288 0.007594
289 0.007572
290 0.007548
291 0.007512
292 0.007494
293 0.007460
294 0.007440
295 0.007403
296 0.007385
297 0.007357
298 0.007321
299 0.007301
300 0.007263
301 0.007246
302 0.007219
303 0.007187
304 0.007171
305 0.007145
306 0.007137
307 0.007125
308 0.007107
309 0.007107
310 0.007095
311 0.007096
312 0.007096
313 0.007080
314 0.007086
315 0.007075
316 0.007076
317 0.007074
318 0.007057
319 0.007066
320 0.007046
321 0.007055
322 0.007053
323 0.007044
324 0.007058
325 0.007053
326 0.007077
327 0.007081
328 0.007092
329 0.007114
330 0.007125
331 0.007155
