0 0.361342
1 0.000001
2 0.000815
3 0.000811
4 0.000811
5 0.000808
6 0.000807
7 0.000805
8 0.000803
9 0.000802
10 0.000800
11 0.000798
12 0.000797
13 0.000795
14 0.000793
15 0.000791
16 0.000791
17 0.000788
18 0.001210
19 0.001837
20 0.001828
21 0.001819
22 0.001810
23 0.001803
24 0.001793
25 0.001796
26 0.002276
27 0.002260
28 0.002248
29 0.002235
30 0.002222
31 0.002398
32 0.002580
33 0.002560
34 0.002541
35 0.002521
36 0.002502
37 0.002814
38 0.002805
39 0.002782
40 0.002759
41 0.002736
42 0.002825
43 0.002951
44 0.002926
45 0.002901
46 0.003017
47 0.003042
48 0.003016
49 0.002999
50 0.003142
51 0.003116
52 0.003089
53 0.003122
54 0.003199
55 0.003173
56 0.003147
57 0.003220
58 0.003243
59 0.003216
60 0.003192
61 0.003299
62 0.003276
63 0.003251
64 0.003261
65 0.003323
66 0.003298
67 0.003274
68 0.003316
69 0.003337
70 0.003313
71 0.003289
72 0.003358
73 0.003344
74 0.003321
75 0.003320
76 0.003368
77 0.003346
78 0.003324
79 0.003347
80 0.003363
81 0.003343
82 0.003324
83 0.003363
84 0.003354
85 0.003336
86 0.003327
87 0.003362
88 0.003343
89 0.003326
90 0.003334
91 0.003345
92 0.003328
93 0.003314
94 0.003332
95 0.003327
96 0.003311
97 0.003300
98 0.003319
99 0.003305
100 0.003291
101 0.003289
102 0.003293
103 0.003280
104 0.003267
105 0.003269
106 0.003264
107 0.003252
108 0.003239
109 0.003242
110 0.003231
111 0.003219
112 0.003211
113 0.003204
114 0.003195
115 0.003217
116 0.003392
117 0.003825
118 0.004534
119 0.005255
120 0.005881
121 0.006350
122 0.006832
123 0.007831
124 0.008678
125 0.009496
126 0.010210
127 0.010747
128 0.011168
129 0.011694
130 0.012143
131 0.012419
132 0.012720
133 0.012974
134 0.013159
135 0.013205
136 0.013349
137 0.013473
138 0.013485
139 0.013484
140 0.013565
141 0.013641
142 0.013526
143 0.013550
144 0.013615
145 0.013642
146 0.013477
147 0.013529
148 0.013576
149 0.013488
150 0.013368
151 0.013411
152 0.013454
153 0.013249
154 0.013229
155 0.013281
156 0.013306
157 0.013014
158 0.013057
159 0.013094
160 0.012982
161 0.012771
162 0.012802
163 0.012834
164 0.012565
165 0.012452
166 0.012480
167 0.012505
168 0.012053
169 0.012073
170 0.012093
171 0.011955
172 0.011622
173 0.011636
174 0.011655
175 0.011328
176 0.011103
177 0.011062
178 0.010993
179 0.010367
180 0.010216
181 0.010091
182 0.009812
183 0.009260
184 0.009135
185 0.009018
186 0.008601
187 0.008276
188 0.008208
189 0.008141
190 0.007587
191 0.007451
192 0.007386
193 0.007218
194 0.006684
195 0.006626
196 0.006570
197 0.006162
198 0.005753
199 0.005713
200 0.005685
201 0.005658
202 0.005632
203 0.004742
204 0.004677
205 0.004648
206 0.004620
207 0.004588
208 0.004095
209 0.003448
210 0.003426
211 0.003405
212 0.003385
213 0.003363
214 0.003341
215 0.003171
216 0.000053
217 0.000054
218 0.000053
219 0.000054
220 0.000054
221 0.000054
222 0.000053
223 0.000053
224 0.000053
225 0.000054
226 0.000054
227 0.000054
228 0.000052
229 0.000054
230 0.000054
231 0.000054
232 0.000053
233 0.000054
234 0.000053
235 0.000054
236 0.001491
237 0.001954
238 0.002430
239 0.002515
240 0.004104
241 0.004173
242 0.004459
243 0.004791
244 0.005351
245 0.005522
246 0.005670
247 0.006164
248 0.006372
249 0.006857
250 0.006924
251 0.007493
252 0.007566
253 0.008039
254 0.008209
255 0.008596
256 0.008859
257 0.009164
258 0.009518
259 0.009745
260 0.010188
261 0.010341
262 0.010872
263 0.011000
264 0.011527
265 0.011712
266 0.012166
267 0.012441
268 0.012828
269 0.013199
270 0.013528
271 0.013998
272 0.014293
273 0.014914
274 0.015197
275 0.015906
276 0.016232
277 0.016901
278 0.017346
279 0.017982
280 0.018559
281 0.019190
282 0.019933
283 0.020585
284 0.021499
285 0.022125
286 0.023157
287 0.023786
288 0.024813
289 0.025522
290 0.026507
291 0.027349
292 0.028298
293 0.029153
294 0.029773
295 0.030546
296 0.031087
297 0.031969
298 0.032482
299 0.033336
300 0.033744
301 0.034412
302 0.034768
303 0.035041
304 0.035130
305 0.035177
306 0.035291
307 0.035267
308 0.035438
309 0.035335
310 0.035578
311 0.035543
312 0.035741
313 0.035688
314 0.035796
315 0.035802
316 0.035824
317 0.035804
318 0.035609
319 0.035344
320 0.034959
321 0.034756
322 0.034255
323 0.033793
324 0.033139
325 0.032594
326 0.031962
327 0.031334
328 0.030682
329 0.029982
330 0.029229
331 0.028311
