0 0.361340
1 0.000001
2 0.000113
3 0.000113
4 0.000113
5 0.000113
6 0.000113
7 0.000199
8 0.000336
9 0.000336
10 0.000336
11 0.000334
12 0.000334
13 0.000579
14 0.000595
15 0.000593
16 0.000591
17 0.000589
18 0.000691
19 0.000846
20 0.000842
21 0.000839
22 0.000836
23 0.000833
24 0.001034
25 0.001061
26 0.001055
27 0.001050
28 0.001046
29 0.001081
30 0.001162
31 0.001156
32 0.001150
33 0.001143
34 0.001137
35 0.001294
36 0.001328
37 0.001320
38 0.001312
39 0.001304
40 0.001347
41 0.001478
42 0.001469
43 0.001460
44 0.001451
45 0.001442
46 0.001533
47 0.001560
48 0.001550
49 0.001540
50 0.001530
51 0.001553
52 0.001672
53 0.001661
54 0.001650
55 0.001641
56 0.001631
57 0.001707
58 0.001740
59 0.001730
60 0.001720
61 0.001710
62 0.001719
63 0.001825
64 0.001815
65 0.001805
66 0.001796
67 0.001786
68 0.001840
69 0.001873
70 0.001864
71 0.001855
72 0.001847
73 0.001845
74 0.001941
75 0.001932
76 0.001923
77 0.001915
78 0.001906
79 0.001952
80 0.001992
81 0.001983
82 0.001975
83 0.001967
84 0.001960
85 0.002044
86 0.002037
87 0.002029
88 0.002022
89 0.002015
90 0.002051
91 0.002093
92 0.002086
93 0.002080
94 0.002073
95 0.002067
96 0.002129
97 0.002128
98 0.002120
99 0.002113
100 0.002105
101 0.002131
102 0.002175
103 0.002167
104 0.002159
105 0.002151
106 0.002142
107 0.002185
108 0.002184
109 0.002176
110 0.002167
111 0.002159
112 0.002177
113 0.002220
114 0.002211
115 0.002203
116 0.002195
117 0.002186
118 0.002213
119 0.002213
120 0.002205
121 0.002197
122 0.002189
123 0.002202
124 0.002255
125 0.002246
126 0.002238
127 0.002230
128 0.002222
129 0.002237
130 0.002237
131 0.002229
132 0.002221
133 0.002214
134 0.002211
135 0.002223
136 0.002215
137 0.002208
138 0.002200
139 0.002193
140 0.002282
141 0.002322
142 0.002315
143 0.002307
144 0.002299
145 0.002293
146 0.002297
147 0.002289
148 0.002282
149 0.002274
150 0.002267
151 0.002265
152 0.002261
153 0.002254
154 0.002248
155 0.002242
156 0.002235
157 0.002234
158 0.002228
159 0.002222
160 0.002216
161 0.002211
162 0.002198
163 0.002187
164 0.002183
165 0.002178
166 0.002173
167 0.002168
168 0.002149
169 0.002144
170 0.002140
171 0.002135
172 0.002130
173 0.002119
174 0.002107
175 0.002102
176 0.002099
177 0.002095
178 0.002092
179 0.002076
180 0.002074
181 0.002074
182 0.002074
183 0.002076
184 0.002071
185 0.002066
186 0.002069
187 0.002074
188 0.002079
189 0.002086
190 0.002081
191 0.002087
192 0.002096
193 0.002106
194 0.002117
195 0.002123
196 0.002124
197 0.002136
198 0.002149
199 0.002163
200 0.002177
201 0.002179
202 0.002192
203 0.002208
204 0.002228
205 0.002248
206 0.002265
207 0.002276
208 0.002298
209 0.002320
210 0.002345
211 0.002370
212 0.002386
213 0.002409
214 0.002438
215 0.002467
216 0.002497
217 0.002524
218 0.002542
219 0.002574
220 0.002608
221 0.002644
222 0.002680
223 0.002706
224 0.002738
225 0.002776
226 0.002815
227 0.002858
228 0.002898
229 0.002925
230 0.002969
231 0.003015
232 0.003060
233 0.003107
234 0.003142
235 0.003181
236 0.003229
237 0.003278
238 0.003327
239 0.003377
240 0.003417
241 0.003467
242 0.003519
243 0.003571
244 0.003625
245 0.003668
246 0.003713
247 0.003769
248 0.003825
249 0.003882
250 0.003940
251 0.003974
252 0.004032
253 0.004091
254 0.004151
255 0.004211
256 0.004260
257 0.004308
258 0.004370
259 0.004432
260 0.004495
261 0.004559
262 0.004598
263 0.004661
264 0.004724
265 0.004787
266 0.004850
267 0.004899
268 0.004942
269 0.005002
270 0.005063
271 0.005125
272 0.005188
273 0.005224
274 0.005283
275 0.005347
276 0.005412
277 0.005477
278 0.005528
279 0.005562
280 0.005627
281 0.005694
282 0.005763
283 0.005831
284 0.005874
285 0.005937
286 0.006007
287 0.006079
288 0.006151
289 0.006214
290 0.006260
291 0.006333
292 0.006405
293 0.006479
294 0.006554
295 0.006602
296 0.006667
297 0.006743
298 0.006817
299 0.006891
300 0.006952
301 0.006981
302 0.007039
303 0.007096
304 0.007154
305 0.007213
306 0.007245
307 0.007289
308 0.007345
309 0.007407
310 0.007468
311 0.007523
312 0.007549
313 0.007608
314 0.007667
315 0.007725
316 0.007779
317 0.007803
318 0.007822
319 0.007837
320 0.007762
321 0.007646
322 0.007535
323 0.007396
324 0.007317
325 0.007243
326 0.007193
327 0.007145
328 0.007077
329 0.007012
330 0.006966
331 0.006920
