0 0.361342
1 0.000001
2 0.000993
3 0.000994
4 0.002343
5 0.002940
6 0.003642
7 0.004747
8 0.004885
9 0.006410
10 0.006411
11 0.007592
12 0.007932
13 0.008568
14 0.009279
15 0.009487
16 0.010515
17 0.010518
18 0.011445
19 0.011598
20 0.012105
21 0.012513
22 0.012712
23 0.013305
24 0.013310
25 0.013915
26 0.013955
27 0.014281
28 0.014465
29 0.014584
30 0.014820
31 0.014829
32 0.015036
33 0.015040
34 0.015090
35 0.015112
36 0.015082
37 0.015032
38 0.015002
39 0.014799
40 0.014794
41 0.014494
42 0.014420
43 0.014162
44 0.013908
45 0.013780
46 0.013260
47 0.013259
48 0.012563
49 0.012477
50 0.011942
51 0.011562
52 0.011272
53 0.010520
54 0.010521
55 0.009393
56 0.009362
57 0.008516
58 0.008101
59 0.007613
60 0.006775
61 0.006699
62 0.005458
63 0.005460
64 0.004573
65 0.004337
66 0.003791
67 0.003753
68 0.003821
69 0.004236
70 0.004239
71 0.004754
72 0.004860
73 0.005121
74 0.005356
75 0.005505
76 0.006069
77 0.006066
78 0.006243
79 0.006230
80 0.006437
81 0.006557
82 0.006701
83 0.007086
84 0.007035
85 0.007655
86 0.007593
87 0.007956
88 0.008074
89 0.008207
90 0.008451
91 0.008370
92 0.008297
93 0.008208
94 0.008415
95 0.008405
96 0.008469
97 0.008547
98 0.008503
99 0.008672
100 0.008591
101 0.008767
102 0.008724
103 0.008788
104 0.008820
105 0.008798
106 0.008908
107 0.008816
108 0.008936
109 0.008849
110 0.008913
111 0.008904
112 0.008865
113 0.008888
114 0.008789
115 0.008877
116 0.008771
117 0.008778
118 0.008717
119 0.008686
120 0.008685
121 0.008604
122 0.008632
123 0.008564
124 0.008610
125 0.008572
126 0.008561
127 0.008552
128 0.008521
129 0.008566
130 0.008528
131 0.008572
132 0.008554
133 0.008583
134 0.008602
135 0.008602
136 0.008630
137 0.008606
138 0.008655
139 0.008641
140 0.008655
141 0.008661
142 0.008674
143 0.008690
144 0.008677
145 0.008682
146 0.008676
147 0.008697
148 0.008715
149 0.008733
150 0.008761
151 0.008805
152 0.008846
153 0.008901
154 0.008955
155 0.009017
156 0.009060
157 0.009109
158 0.009172
159 0.009209
160 0.009288
161 0.009330
162 0.009404
163 0.009425
164 0.009457
165 0.009489
166 0.009484
167 0.009543
168 0.009525
169 0.009573
170 0.009520
171 0.009507
172 0.009484
173 0.009435
174 0.009456
175 0.009396
176 0.009450
177 0.009384
178 0.009405
179 0.009379
180 0.009345
181 0.009373
182 0.009274
183 0.009331
184 0.009233
185 0.009264
186 0.009199
187 0.009156
188 0.009149
189 0.009018
190 0.009067
191 0.008877
192 0.008907
193 0.008798
194 0.008753
195 0.008699
196 0.008548
197 0.008577
198 0.008312
199 0.008345
200 0.008149
201 0.008092
202 0.007978
203 0.007808
204 0.007809
205 0.007576
206 0.007609
207 0.007330
208 0.007287
209 0.007130
210 0.006975
211 0.006924
212 0.006614
213 0.006644
214 0.006311
215 0.006295
216 0.006055
217 0.005889
218 0.005821
219 0.005607
220 0.005628
221 0.005174
222 0.005178
223 0.004873
224 0.004729
225 0.004554
226 0.004238
227 0.004219
228 0.003760
229 0.003768
230 0.003403
231 0.003288
232 0.003037
233 0.002776
234 0.002695
235 0.002275
236 0.002277
237 0.001961
238 0.001911
239 0.001711
240 0.001647
241 0.001653
242 0.001678
243 0.001677
244 0.001707
245 0.001709
246 0.001729
247 0.001740
248 0.001749
249 0.001771
250 0.001770
251 0.001800
252 0.001800
253 0.001819
254 0.001828
255 0.001839
256 0.001856
257 0.001883
258 0.002820
259 0.002801
260 0.002792
261 0.002774
262 0.002760
263 0.002747
264 0.002799
265 0.003166
266 0.003134
267 0.003113
268 0.003085
269 0.003256
270 0.003385
271 0.003350
272 0.003320
273 0.003286
274 0.003578
275 0.003556
276 0.003520
277 0.003483
278 0.003553
279 0.003728
280 0.003683
281 0.003648
282 0.003607
283 0.003782
284 0.003821
285 0.003764
286 0.003704
287 0.003693
288 0.003901
289 0.003857
290 0.003818
291 0.003778
292 0.003836
293 0.003894
294 0.003878
295 0.003940
296 0.003900
297 0.003970
298 0.003944
299 0.003972
300 0.003983
301 0.003977
302 0.004022
303 0.003987
304 0.004057
305 0.004026
306 0.004061
307 0.004063
308 0.004066
309 0.004098
310 0.004071
311 0.004119
312 0.004090
313 0.004130
314 0.004125
315 0.004137
316 0.004159
317 0.004144
318 0.004191
319 0.004165
320 0.004205
321 0.004193
322 0.004210
323 0.004223
324 0.004216
325 0.004251
326 0.004227
327 0.004272
328 0.004255
329 0.004272
330 0.004276
331 0.004275
