0 0.361342
1 0.000001
2 0.000559
3 0.000543
4 0.000537
5 0.000541
6 0.000555
7 0.000537
8 0.000536
9 0.000552
10 0.000535
11 0.000534
12 0.000550
13 0.000531
14 0.000532
15 0.000547
16 0.000531
17 0.000530
18 0.000529
19 0.000548
20 0.000528
21 0.000529
22 0.000547
23 0.000530
24 0.000528
25 0.000544
26 0.000528
27 0.000526
28 0.000543
29 0.000524
30 0.000527
31 0.000523
32 0.000544
33 0.000523
34 0.000524
35 0.000542
36 0.000520
37 0.000524
38 0.000541
39 0.000521
40 0.000522
41 0.000541
42 0.000519
43 0.000887
44 0.001254
45 0.001268
46 0.001246
47 0.001251
48 0.001267
49 0.001244
50 0.001241
51 0.001257
52 0.001233
53 0.001234
54 0.001248
55 0.001229
56 0.001225
57 0.001221
58 0.001238
59 0.001217
60 0.001215
61 0.001230
62 0.001211
63 0.001208
64 0.001496
65 0.001564
66 0.001561
67 0.001576
68 0.001560
69 0.001557
70 0.001553
71 0.001567
72 0.001548
73 0.001546
74 0.001560
75 0.001542
76 0.001539
77 0.001553
78 0.001780
79 0.001801
80 0.001815
81 0.001794
82 0.001792
83 0.001789
84 0.001803
85 0.001787
86 0.001786
87 0.001799
88 0.001779
89 0.001777
90 0.001791
91 0.001791
92 0.001993
93 0.002005
94 0.001985
95 0.001984
96 0.001981
97 0.001995
98 0.001975
99 0.001976
100 0.001991
101 0.001971
102 0.002096
103 0.002162
104 0.002144
105 0.002141
106 0.002138
107 0.002153
108 0.002132
109 0.002133
110 0.002143
111 0.002126
112 0.002182
113 0.002315
114 0.002295
115 0.002292
116 0.002307
117 0.002289
118 0.002284
119 0.002284
120 0.002299
121 0.002279
122 0.002277
123 0.002454
124 0.002441
125 0.002441
126 0.002455
127 0.002435
128 0.002433
129 0.002448
130 0.002431
131 0.002429
132 0.002427
133 0.002537
134 0.002582
135 0.002583
136 0.002599
137 0.002578
138 0.002576
139 0.002592
140 0.002571
141 0.002572
142 0.002583
143 0.002597
144 0.002692
145 0.002692
146 0.002707
147 0.002687
148 0.002684
149 0.002702
150 0.002709
151 0.002778
152 0.002792
153 0.002775
154 0.002774
155 0.002788
156 0.002770
157 0.002803
158 0.002861
159 0.002876
160 0.002856
161 0.002857
162 0.002869
163 0.002850
164 0.002891
165 0.002961
166 0.002939
167 0.002937
168 0.002955
169 0.002934
170 0.002933
171 0.002984
172 0.003038
173 0.003020
174 0.003019
175 0.003039
176 0.003020
177 0.003018
178 0.003093
179 0.003105
180 0.003105
181 0.003125
182 0.003107
183 0.003107
184 0.003108
185 0.003187
186 0.003194
187 0.003194
188 0.003212
189 0.003197
190 0.003199
191 0.003214
192 0.003266
193 0.003280
194 0.003300
195 0.003283
196 0.003284
197 0.003286
198 0.003303
199 0.003354
200 0.003367
201 0.003384
202 0.003368
203 0.003368
204 0.003387
205 0.003369
206 0.003446
207 0.003465
208 0.003448
209 0.003451
210 0.003451
211 0.003468
212 0.003454
213 0.003529
214 0.003546
215 0.003528
216 0.003531
217 0.003548
218 0.003533
219 0.003541
220 0.003623
221 0.003607
222 0.003607
223 0.003607
224 0.003628
225 0.003609
226 0.003625
227 0.003698
228 0.003685
229 0.003682
230 0.003701
231 0.003686
232 0.003685
233 0.003724
234 0.003757
235 0.003757
236 0.003757
237 0.003777
238 0.003760
239 0.003760
240 0.003804
241 0.003828
242 0.003831
243 0.003845
244 0.003832
245 0.003834
246 0.003851
247 0.003863
248 0.003901
249 0.003900
250 0.003920
251 0.003904
252 0.003905
253 0.003925
254 0.003943
255 0.003973
256 0.003992
257 0.003978
258 0.003981
259 0.003982
260 0.004000
261 0.004023
262 0.004047
263 0.004065
264 0.004051
265 0.004054
266 0.004074
267 0.004059
268 0.004102
269 0.004141
270 0.004127
271 0.004131
272 0.004134
273 0.004157
274 0.004142
275 0.004195
276 0.004226
277 0.004215
278 0.004218
279 0.004243
280 0.004231
281 0.004235
282 0.004305
283 0.004301
284 0.004305
285 0.004314
286 0.004337
287 0.004328
288 0.004336
289 0.004408
290 0.004402
291 0.004409
292 0.004437
293 0.004426
294 0.004435
295 0.004461
296 0.004502
297 0.004509
298 0.004518
299 0.004545
300 0.004533
301 0.004537
302 0.004562
303 0.004586
304 0.004584
305 0.004599
306 0.004584
307 0.004583
308 0.004589
309 0.004599
310 0.004627
311 0.004635
312 0.004635
313 0.004627
314 0.004637
315 0.004629
316 0.004651
317 0.004682
318 0.004676
319 0.004686
320 0.004680
321 0.004692
322 0.004693
323 0.004704
324 0.004742
325 0.004735
326 0.004740
327 0.004753
328 0.004747
329 0.004760
330 0.004773
331 0.004798
