0 0.361343
1 0.000001
2 0.000934
3 0.000946
4 0.000928
5 0.000927
6 0.000943
7 0.000919
8 0.000919
9 0.000935
10 0.000915
11 0.000911
12 0.000927
13 0.000910
14 0.000905
15 0.000920
16 0.000904
17 0.000901
18 0.000912
19 0.000897
20 0.000893
21 0.000910
22 0.000882
23 0.000864
24 0.000881
25 0.000862
26 0.000861
27 0.000876
28 0.000856
29 0.000852
30 0.000860
31 0.000845
32 0.000842
33 0.000855
34 0.000838
35 0.000835
36 0.000880
37 0.000897
38 0.000895
39 0.000915
40 0.000891
41 0.000892
42 0.000904
43 0.000884
44 0.000880
45 0.000895
46 0.000876
47 0.000873
48 0.000891
49 0.000871
50 0.001538
51 0.002034
52 0.002007
53 0.001999
54 0.002009
55 0.001983
56 0.001974
57 0.001979
58 0.001950
59 0.001941
60 0.001952
61 0.001929
62 0.001922
63 0.001930
64 0.001920
65 0.001918
66 0.001927
67 0.001903
68 0.001896
69 0.001908
70 0.001885
71 0.002291
72 0.002383
73 0.002356
74 0.002347
75 0.002353
76 0.002329
77 0.002318
78 0.002333
79 0.002307
80 0.002300
81 0.002307
82 0.002282
83 0.002273
84 0.002283
85 0.002622
86 0.002612
87 0.002619
88 0.002591
89 0.002582
90 0.002588
91 0.002563
92 0.002559
93 0.002565
94 0.002539
95 0.002532
96 0.002539
97 0.002515
98 0.002560
99 0.002848
100 0.002818
101 0.002809
102 0.002816
103 0.002789
104 0.002780
105 0.002787
106 0.002763
107 0.002754
108 0.002762
109 0.002735
110 0.002728
111 0.002732
112 0.002811
113 0.003003
114 0.003009
115 0.002984
116 0.002968
117 0.002978
118 0.002950
119 0.002938
120 0.002912
121 0.002901
122 0.002890
123 0.002881
124 0.002887
125 0.002860
126 0.002991
127 0.003118
128 0.003109
129 0.003095
130 0.003100
131 0.003073
132 0.003059
133 0.003050
134 0.003038
135 0.003028
136 0.003032
137 0.003005
138 0.002992
139 0.002978
140 0.003098
141 0.003166
142 0.003134
143 0.003122
144 0.003109
145 0.003096
146 0.003083
147 0.003178
148 0.003178
149 0.003163
150 0.003150
151 0.003138
152 0.003122
153 0.003128
154 0.003192
155 0.003199
156 0.003183
157 0.003173
158 0.003159
159 0.003166
160 0.003134
161 0.003225
162 0.003221
163 0.003210
164 0.003200
165 0.003206
166 0.003179
167 0.003169
168 0.003264
169 0.003252
170 0.003243
171 0.003248
172 0.003219
173 0.003208
174 0.003205
175 0.003284
176 0.003272
177 0.003278
178 0.003247
179 0.003237
180 0.003224
181 0.003230
182 0.003315
183 0.003286
184 0.003275
185 0.003264
186 0.003254
187 0.003243
188 0.003273
189 0.003333
190 0.003321
191 0.003311
192 0.003300
193 0.003292
194 0.003301
195 0.003301
196 0.003352
197 0.003343
198 0.003335
199 0.003327
200 0.003322
201 0.003332
202 0.003342
203 0.003385
204 0.003379
205 0.003374
206 0.003371
207 0.003369
208 0.003380
209 0.003400
210 0.003439
211 0.003435
212 0.003433
213 0.003430
214 0.003427
215 0.003422
216 0.003482
217 0.003495
218 0.003490
219 0.003490
220 0.003488
221 0.003487
222 0.003487
223 0.003535
224 0.003578
225 0.003562
226 0.003565
227 0.003566
228 0.003570
229 0.003574
230 0.003632
231 0.003657
232 0.003680
233 0.003668
234 0.003678
235 0.003686
236 0.003697
237 0.003763
238 0.003788
239 0.003816
240 0.003812
241 0.003825
242 0.003841
243 0.003856
244 0.003936
245 0.003960
246 0.003980
247 0.004016
248 0.004018
249 0.004039
250 0.004060
251 0.004151
252 0.004173
253 0.004194
254 0.004233
255 0.004238
256 0.004260
257 0.004286
258 0.004371
259 0.004393
260 0.004415
261 0.004437
262 0.004473
263 0.004478
264 0.004510
265 0.004591
266 0.004612
267 0.004631
268 0.004650
269 0.004686
270 0.004688
271 0.004722
272 0.004791
273 0.004808
274 0.004827
275 0.004841
276 0.004879
277 0.004878
278 0.004918
279 0.004978
280 0.004996
281 0.005011
282 0.005024
283 0.005056
284 0.005052
285 0.005111
286 0.005201
287 0.005213
288 0.005223
289 0.005236
290 0.005249
291 0.005273
292 0.005301
293 0.005344
294 0.005354
295 0.005365
296 0.005377
297 0.005386
298 0.005396
299 0.005444
300 0.005479
301 0.005490
302 0.005501
303 0.005527
304 0.005520
305 0.005530
306 0.005581
307 0.005610
308 0.005620
309 0.005630
310 0.005639
311 0.005649
312 0.005668
313 0.005713
314 0.005736
315 0.005748
316 0.005755
317 0.005768
318 0.005786
319 0.005790
320 0.005847
321 0.005870
322 0.005884
323 0.005900
324 0.005925
325 0.005936
326 0.005956
327 0.006026
328 0.006055
329 0.006089
330 0.006109
331 0.006137
