0 0.361340
1 0.000001
2 0.000340
3 0.000399
4 0.001006
5 0.001242
6 0.001775
7 0.002118
8 0.002508
9 0.002914
10 0.003136
11 0.003379
12 0.003409
13 0.003917
14 0.003938
15 0.004377
16 0.004396
17 0.004618
18 0.004723
19 0.004919
20 0.005045
21 0.005127
22 0.005325
23 0.005353
24 0.005548
25 0.005520
26 0.005767
27 0.005747
28 0.005924
29 0.005947
30 0.006063
31 0.006136
32 0.006216
33 0.006300
34 0.006312
35 0.006447
36 0.006425
37 0.006517
38 0.006476
39 0.006606
40 0.006566
41 0.006588
42 0.006618
43 0.006687
44 0.006669
45 0.006637
46 0.006623
47 0.006576
48 0.006891
49 0.006873
50 0.006842
51 0.006782
52 0.006740
53 0.006687
54 0.006645
55 0.006576
56 0.006516
57 0.006443
58 0.006388
59 0.006311
60 0.006273
61 0.006219
62 0.006223
63 0.006219
64 0.006264
65 0.006315
66 0.006393
67 0.006485
68 0.006590
69 0.006739
70 0.006899
71 0.007103
72 0.007311
73 0.007572
74 0.007816
75 0.008132
76 0.008437
77 0.008799
78 0.009170
79 0.009560
80 0.009969
81 0.010398
82 0.010860
83 0.011299
84 0.011800
85 0.012253
86 0.012783
87 0.013273
88 0.013820
89 0.014337
90 0.014844
91 0.015347
92 0.015854
93 0.016401
94 0.016877
95 0.017456
96 0.017988
97 0.018617
98 0.019169
99 0.019811
100 0.020400
101 0.020956
102 0.021405
103 0.021858
104 0.022340
105 0.022791
106 0.023268
107 0.023454
108 0.022542
109 0.021659
110 0.021203
111 0.020698
112 0.020245
113 0.019743
114 0.019260
115 0.018785
116 0.018306
117 0.017872
118 0.017392
119 0.016982
120 0.016464
121 0.016018
122 0.015565
123 0.015144
124 0.014673
125 0.014228
126 0.013791
127 0.013356
128 0.012932
129 0.012494
130 0.012090
131 0.011659
132 0.011251
133 0.010751
134 0.010282
135 0.009800
136 0.009351
137 0.008907
138 0.008489
139 0.008092
140 0.007715
141 0.007361
142 0.007000
143 0.006672
144 0.006334
145 0.006034
146 0.005726
147 0.005447
148 0.005172
149 0.004918
150 0.004676
151 0.004448
152 0.004238
153 0.004041
154 0.003888
155 0.003756
156 0.003661
157 0.003569
158 0.003500
159 0.003433
160 0.003381
161 0.003335
162 0.003300
163 0.003276
164 0.003257
165 0.003248
166 0.003238
167 0.003238
168 0.003229
169 0.003232
170 0.003229
171 0.003233
172 0.003232
173 0.003235
174 0.003237
175 0.003238
176 0.003243
177 0.003244
178 0.003254
179 0.003255
180 0.003266
181 0.003263
182 0.003273
183 0.003277
184 0.003285
185 0.003290
186 0.003297
187 0.003307
188 0.003316
189 0.003331
190 0.003340
191 0.003357
192 0.003365
193 0.003383
194 0.003393
195 0.003408
196 0.003417
197 0.003426
198 0.003434
199 0.003437
200 0.003443
201 0.003441
202 0.003446
203 0.003440
204 0.003443
205 0.003438
206 0.003441
207 0.003438
208 0.003442
209 0.003448
210 0.003454
211 0.003464
212 0.003469
213 0.003480
214 0.003484
215 0.003497
216 0.003499
217 0.003512
218 0.003516
219 0.003526
220 0.003533
221 0.003540
222 0.003549
223 0.003554
224 0.003564
225 0.003568
226 0.003579
227 0.003580
228 0.003592
229 0.003606
230 0.003614
231 0.003617
232 0.003624
233 0.003628
234 0.003632
235 0.003638
236 0.003638
237 0.003646
238 0.003637
239 0.003645
240 0.003643
241 0.003651
242 0.003651
243 0.003657
244 0.003658
245 0.003661
246 0.003665
247 0.003665
248 0.003670
249 0.003667
250 0.003673
251 0.003665
252 0.003670
253 0.003663
254 0.003663
255 0.003657
256 0.003654
257 0.003647
258 0.003640
259 0.003636
260 0.003623
261 0.003621
262 0.003604
263 0.003600
264 0.003582
265 0.003575
266 0.003559
267 0.003547
268 0.003533
269 0.003518
270 0.003506
271 0.003488
272 0.003477
273 0.003455
274 0.003447
275 0.003422
276 0.003413
277 0.003391
278 0.003378
279 0.003360
280 0.003345
281 0.003328
282 0.003305
283 0.003290
284 0.003270
285 0.003262
286 0.003239
287 0.003231
288 0.003209
289 0.003199
290 0.003180
291 0.003167
292 0.003152
293 0.003136
294 0.003124
295 0.003106
296 0.003097
297 0.003075
298 0.003069
299 0.003046
300 0.003040
301 0.003021
302 0.003011
303 0.002996
304 0.002983
305 0.002971
306 0.002957
307 0.002948
308 0.002930
309 0.002926
310 0.002905
311 0.002902
312 0.002884
313 0.002878
314 0.002864
315 0.002855
316 0.002845
317 0.002833
318 0.002826
319 0.002812
320 0.002809
321 0.002792
322 0.002791
323 0.002773
324 0.002772
325 0.002757
326 0.002752
327 0.002741
328 0.002732
329 0.002727
330 0.002714
331 0.002712
