0 0.361343
1 0.000001
2 0.000402
3 0.000403
4 0.000399
5 0.000401
6 0.000402
7 0.000400
8 0.000400
9 0.000399
10 0.000399
11 0.000400
12 0.000398
13 0.000401
14 0.000397
15 0.000398
16 0.000397
17 0.000400
18 0.000395
19 0.000396
20 0.000399
21 0.000396
22 0.000396
23 0.000395
24 0.000396
25 0.000394
26 0.000395
27 0.000396
28 0.000394
29 0.000395
30 0.000393
31 0.000394
32 0.000393
33 0.000393
34 0.000393
35 0.000392
36 0.000392
37 0.000393
38 0.000391
39 0.000391
40 0.000392
41 0.000395
42 0.000387
43 0.000393
44 0.000392
45 0.000390
46 0.000390
47 0.000390
48 0.000389
49 0.000388
50 0.000390
51 0.000388
52 0.000388
53 0.000391
54 0.000385
55 0.000389
56 0.000388
57 0.000387
58 0.000388
59 0.000386
60 0.000388
61 0.000386
62 0.000387
63 0.000386
64 0.000385
65 0.000386
66 0.000385
67 0.000385
68 0.000386
69 0.000385
70 0.000384
71 0.000384
72 0.000386
73 0.000381
74 0.000385
75 0.000383
76 0.000383
77 0.000382
78 0.000383
79 0.000381
80 0.000382
81 0.000383
82 0.000379
83 0.000383
84 0.000380
85 0.000896
86 0.000895
87 0.000891
88 0.000892
89 0.000893
90 0.000889
91 0.000887
92 0.000887
93 0.000886
94 0.000886
95 0.000884
96 0.000882
97 0.000882
98 0.000879
99 0.000879
100 0.000879
101 0.000878
102 0.000875
103 0.000873
104 0.000875
105 0.000872
106 0.000871
107 0.000871
108 0.000870
109 0.000868
110 0.000867
111 0.000867
112 0.000864
113 0.000865
114 0.000863
115 0.000863
116 0.000862
117 0.000861
118 0.000858
119 0.000962
120 0.001102
121 0.001100
122 0.001101
123 0.001097
124 0.001096
125 0.001094
126 0.001094
127 0.001090
128 0.001090
129 0.001087
130 0.001086
131 0.001086
132 0.001085
133 0.001080
134 0.001082
135 0.001079
136 0.001078
137 0.001077
138 0.001076
139 0.001073
140 0.001074
141 0.001070
142 0.001070
143 0.001068
144 0.001069
145 0.001066
146 0.001065
147 0.001212
148 0.001265
149 0.001260
150 0.001260
151 0.001258
152 0.001255
153 0.001253
154 0.001253
155 0.001251
156 0.001250
157 0.001246
158 0.001247
159 0.001243
160 0.001242
161 0.001242
162 0.001238
163 0.001237
164 0.001237
165 0.001234
166 0.001233
167 0.001231
168 0.001229
169 0.001229
170 0.001226
171 0.001224
172 0.001223
173 0.001222
174 0.001235
175 0.001383
176 0.001382
177 0.001378
178 0.001377
179 0.001376
180 0.001373
181 0.001372
182 0.001370
183 0.001368
184 0.001366
185 0.001365
186 0.001362
187 0.001361
188 0.001360
189 0.001358
190 0.001356
191 0.001355
192 0.001353
193 0.001351
194 0.001350
195 0.001393
196 0.001479
197 0.001477
198 0.001474
199 0.001473
200 0.001473
201 0.001469
202 0.001466
203 0.001468
204 0.001465
205 0.001462
206 0.001461
207 0.001458
208 0.001459
209 0.001455
210 0.001454
211 0.001453
212 0.001450
213 0.001450
214 0.001446
215 0.001448
216 0.001516
217 0.001568
218 0.001565
219 0.001565
220 0.001562
221 0.001562
222 0.001558
223 0.001557
224 0.001554
225 0.001555
226 0.001552
227 0.001550
228 0.001550
229 0.001550
230 0.001548
231 0.001549
232 0.001547
233 0.001548
234 0.001546
235 0.001546
236 0.001547
237 0.001645
238 0.001663
239 0.001663
240 0.001662
241 0.001664
242 0.001662
243 0.001660
244 0.001662
245 0.001659
246 0.001658
247 0.001660
248 0.001656
249 0.001659
250 0.001656
251 0.001656
252 0.001656
253 0.001656
254 0.001653
255 0.001654
256 0.001653
257 0.001662
258 0.001766
259 0.001767
260 0.001765
261 0.001763
262 0.001764
263 0.001765
264 0.001762
265 0.001762
266 0.001761
267 0.001761
268 0.001759
269 0.001759
270 0.001758
271 0.001759
272 0.001755
273 0.001758
274 0.001755
275 0.001755
276 0.001755
277 0.001753
278 0.001782
279 0.001846
280 0.001843
281 0.001843
282 0.001843
283 0.001840
284 0.001841
285 0.001840
286 0.001839
287 0.001838
288 0.001838
289 0.001837
290 0.001837
291 0.001835
292 0.001872
293 0.001905
294 0.001905
295 0.001903
296 0.001903
297 0.001905
298 0.001900
299 0.001903
300 0.001900
301 0.001899
302 0.001897
303 0.001896
304 0.001893
305 0.001890
306 0.001933
307 0.001953
308 0.001950
309 0.001948
310 0.001944
311 0.001941
312 0.001938
313 0.001935
314 0.001934
315 0.001929
316 0.001928
317 0.001924
318 0.001921
319 0.001920
320 0.001971
321 0.001979
322 0.001977
323 0.001974
324 0.001970
325 0.001968
326 0.001966
327 0.001963
328 0.001961
329 0.001959
330 0.001954
331 0.001949
