0 0.361342
1 0.000001
2 0.000272
3 0.000271
4 0.000272
5 0.000270
6 0.000270
7 0.000270
8 0.000271
9 0.000271
10 0.000269
11 0.000269
12 0.000269
13 0.000269
14 0.000269
15 0.000269
16 0.000269
17 0.000268
18 0.000268
19 0.000268
20 0.000267
21 0.000268
22 0.000268
23 0.000267
24 0.000267
25 0.000268
26 0.000266
27 0.000267
28 0.000266
29 0.000266
30 0.000266
31 0.000265
32 0.000266
33 0.000265
34 0.000265
35 0.000265
36 0.000264
37 0.000265
38 0.000264
39 0.000265
40 0.000263
41 0.000264
42 0.000263
43 0.000263
44 0.000264
45 0.000263
46 0.000263
47 0.000263
48 0.000262
49 0.000262
50 0.000263
51 0.000332
52 0.000614
53 0.000612
54 0.000612
55 0.000610
56 0.000609
57 0.000609
58 0.000608
59 0.000607
60 0.000605
61 0.000604
62 0.000604
63 0.000602
64 0.000601
65 0.000601
66 0.000600
67 0.000599
68 0.000597
69 0.000598
70 0.000596
71 0.000595
72 0.000594
73 0.000604
74 0.000758
75 0.000756
76 0.000756
77 0.000754
78 0.000752
79 0.000750
80 0.000749
81 0.000748
82 0.000746
83 0.000745
84 0.000743
85 0.000742
86 0.000740
87 0.000739
88 0.000738
89 0.000737
90 0.000795
91 0.000861
92 0.000861
93 0.000858
94 0.000855
95 0.000854
96 0.000851
97 0.000850
98 0.000848
99 0.000845
100 0.000843
101 0.000840
102 0.000839
103 0.000836
104 0.000834
105 0.000832
106 0.000831
107 0.000928
108 0.000941
109 0.000939
110 0.000935
111 0.000934
112 0.000930
113 0.000929
114 0.000924
115 0.000923
116 0.000921
117 0.000917
118 0.000916
119 0.000912
120 0.000911
121 0.000907
122 0.000906
123 0.000926
124 0.000987
125 0.000984
126 0.000982
127 0.000978
128 0.000976
129 0.000973
130 0.000970
131 0.000967
132 0.000965
133 0.000962
134 0.000972
135 0.001020
136 0.001017
137 0.001014
138 0.001011
139 0.001009
140 0.001005
141 0.001003
142 0.001000
143 0.000997
144 0.000994
145 0.000999
146 0.001047
147 0.001044
148 0.001041
149 0.001039
150 0.001035
151 0.001033
152 0.001029
153 0.001027
154 0.001024
155 0.001021
156 0.001022
157 0.001070
158 0.001066
159 0.001064
160 0.001060
161 0.001057
162 0.001054
163 0.001052
164 0.001049
165 0.001045
166 0.001044
167 0.001039
168 0.001087
169 0.001084
170 0.001080
171 0.001078
172 0.001074
173 0.001072
174 0.001069
175 0.001065
176 0.001064
177 0.001060
178 0.001058
179 0.001097
180 0.001097
181 0.001094
182 0.001090
183 0.001088
184 0.001085
185 0.001083
186 0.001079
187 0.001077
188 0.001074
189 0.001071
190 0.001104
191 0.001107
192 0.001104
193 0.001101
194 0.001098
195 0.001095
196 0.001092
197 0.001090
198 0.001087
199 0.001085
200 0.001081
201 0.001109
202 0.001113
203 0.001110
204 0.001108
205 0.001105
206 0.001103
207 0.001100
208 0.001097
209 0.001094
210 0.001092
211 0.001089
212 0.001111
213 0.001118
214 0.001115
215 0.001113
216 0.001110
217 0.001107
218 0.001105
219 0.001102
220 0.001100
221 0.001098
222 0.001096
223 0.001113
224 0.001120
225 0.001117
226 0.001115
227 0.001113
228 0.001110
229 0.001109
230 0.001106
231 0.001103
232 0.001101
233 0.001098
234 0.001113
235 0.001121
236 0.001118
237 0.001116
238 0.001114
239 0.001111
240 0.001110
241 0.001106
242 0.001105
243 0.001103
244 0.001101
245 0.001111
246 0.001119
247 0.001117
248 0.001115
249 0.001113
250 0.001111
251 0.001109
252 0.001107
253 0.001105
254 0.001103
255 0.001101
256 0.001108
257 0.001117
258 0.001115
259 0.001113
260 0.001111
261 0.001110
262 0.001107
263 0.001105
264 0.001103
265 0.001101
266 0.001100
267 0.001104
268 0.001113
269 0.001111
270 0.001109
271 0.001108
272 0.001106
273 0.001104
274 0.001102
275 0.001101
276 0.001099
277 0.001097
278 0.001100
279 0.001108
280 0.001107
281 0.001105
282 0.001103
283 0.001101
284 0.001100
285 0.001098
286 0.001096
287 0.001095
288 0.001094
289 0.001095
290 0.001102
291 0.001101
292 0.001099
293 0.001097
294 0.001096
295 0.001094
296 0.001093
297 0.001091
298 0.001090
299 0.001088
300 0.001089
301 0.001095
302 0.001094
303 0.001092
304 0.001090
305 0.001089
306 0.001087
307 0.001085
308 0.001085
309 0.001083
310 0.001082
311 0.001081
312 0.001086
313 0.001084
314 0.001083
315 0.001082
316 0.001080
317 0.001080
318 0.001078
319 0.001076
320 0.001075
321 0.001074
322 0.001073
323 0.001076
324 0.001075
325 0.001073
326 0.001073
327 0.001071
328 0.001070
329 0.001068
330 0.001067
331 0.001066
