0 0.361343
1 0.000001
2 0.000512
3 0.000513
4 0.000512
5 0.000509
6 0.000509
7 0.000511
8 0.000508
9 0.000509
10 0.000509
11 0.000507
12 0.000507
13 0.000506
14 0.000506
15 0.000504
16 0.000507
17 0.000504
18 0.000503
19 0.000503
20 0.000503
21 0.000501
22 0.000502
23 0.000502
24 0.000500
25 0.000502
26 0.000499
27 0.000500
28 0.000499
29 0.000497
30 0.000498
31 0.000499
32 0.000497
33 0.000495
34 0.000497
35 0.000495
36 0.000498
37 0.000495
38 0.000493
39 0.000504
40 0.000494
41 0.000492
42 0.000492
43 0.000494
44 0.000490
45 0.000493
46 0.000491
47 0.000491
48 0.000491
49 0.000491
50 0.000489
51 0.000489
52 0.000489
53 0.000489
54 0.000487
55 0.000488
56 0.000487
57 0.000486
58 0.000487
59 0.000487
60 0.000482
61 0.000488
62 0.000484
63 0.000483
64 0.000484
65 0.000484
66 0.000483
67 0.000482
68 0.000482
69 0.000483
70 0.000480
71 0.000481
72 0.000483
73 0.000478
74 0.000483
75 0.000478
76 0.000480
77 0.000479
78 0.001062
79 0.001113
80 0.001111
81 0.001109
82 0.001107
83 0.001105
84 0.001102
85 0.001100
86 0.001099
87 0.001096
88 0.001095
89 0.001091
90 0.001090
91 0.001087
92 0.001087
93 0.001083
94 0.001085
95 0.001079
96 0.001080
97 0.001076
98 0.001075
99 0.001082
100 0.001073
101 0.001070
102 0.001067
103 0.001066
104 0.001066
105 0.001061
106 0.001062
107 0.001059
108 0.001059
109 0.001054
110 0.001055
111 0.001055
112 0.001157
113 0.001372
114 0.001368
115 0.001365
116 0.001363
117 0.001359
118 0.001357
119 0.001355
120 0.001350
121 0.001351
122 0.001344
123 0.001345
124 0.001340
125 0.001338
126 0.001337
127 0.001332
128 0.001333
129 0.001329
130 0.001327
131 0.001322
132 0.001323
133 0.001334
134 0.001336
135 0.001342
136 0.001331
137 0.001327
138 0.001336
139 0.001324
140 0.001471
141 0.001554
142 0.001540
143 0.001548
144 0.001535
145 0.001532
146 0.001539
147 0.001527
148 0.001522
149 0.001531
150 0.001517
151 0.001515
152 0.001521
153 0.001509
154 0.001516
155 0.001505
156 0.001500
157 0.001509
158 0.001495
159 0.001493
160 0.001501
161 0.001655
162 0.001668
163 0.001672
164 0.001662
165 0.001667
166 0.001653
167 0.001653
168 0.001657
169 0.001645
170 0.001643
171 0.001650
172 0.001637
173 0.001635
174 0.001638
175 0.001630
176 0.001634
177 0.001623
178 0.001622
179 0.001626
180 0.001614
181 0.001638
182 0.001788
183 0.001774
184 0.001780
185 0.001768
186 0.001766
187 0.001770
188 0.001760
189 0.001770
190 0.001766
191 0.001764
192 0.001760
193 0.001760
194 0.001756
195 0.001754
196 0.001751
197 0.001749
198 0.001748
199 0.001746
200 0.001743
201 0.001743
202 0.001797
203 0.001872
204 0.001872
205 0.001869
206 0.001869
207 0.001866
208 0.001863
209 0.001864
210 0.001858
211 0.001859
212 0.001857
213 0.001854
214 0.001855
215 0.001850
216 0.001910
217 0.001949
218 0.001948
219 0.001946
220 0.001944
221 0.001943
222 0.001941
223 0.001939
224 0.001938
225 0.001935
226 0.001943
227 0.001931
228 0.001930
229 0.001929
230 0.002004
231 0.002028
232 0.002035
233 0.002034
234 0.002022
235 0.002030
236 0.002019
237 0.002027
238 0.002018
239 0.002024
240 0.002014
241 0.002021
242 0.002010
243 0.002018
244 0.002093
245 0.002110
246 0.002101
247 0.002105
248 0.002096
249 0.002102
250 0.002102
251 0.002091
252 0.002099
253 0.002087
254 0.002093
255 0.002084
256 0.002088
257 0.002085
258 0.002175
259 0.002162
260 0.002166
261 0.002152
262 0.002159
263 0.002146
264 0.002150
265 0.002148
266 0.002135
267 0.002142
268 0.002129
269 0.002134
270 0.002122
271 0.002149
272 0.002217
273 0.002212
274 0.002209
275 0.002205
276 0.002203
277 0.002197
278 0.002193
279 0.002184
280 0.002174
281 0.002162
282 0.002148
283 0.002139
284 0.002125
285 0.002148
286 0.002185
287 0.002170
288 0.002159
289 0.002148
290 0.002135
291 0.002124
292 0.002113
293 0.002100
294 0.002087
295 0.002074
296 0.002065
297 0.002052
298 0.002040
299 0.002072
300 0.002093
301 0.002079
302 0.002069
303 0.002059
304 0.002048
305 0.002039
306 0.002032
307 0.002023
308 0.002024
309 0.002007
310 0.001997
311 0.001999
312 0.001980
313 0.002032
314 0.002032
315 0.002021
316 0.002024
317 0.002007
318 0.002008
319 0.001992
320 0.001982
321 0.001985
322 0.001968
323 0.001962
324 0.001964
325 0.001948
326 0.001950
327 0.001990
328 0.001989
329 0.001990
330 0.001974
331 0.001979
