0 0.358598
1 0.000001
2 0.000347
3 0.000344
4 0.000445
5 0.000515
6 0.000700
7 0.000831
8 0.000989
9 0.001201
10 0.001330
11 0.001525
12 0.001572
13 0.001615
14 0.001626
15 0.001829
16 0.001864
17 0.002013
18 0.002039
19 0.002087
20 0.002166
21 0.002222
22 0.002279
23 0.002283
24 0.002386
25 0.002376
26 0.002443
27 0.002430
28 0.002497
29 0.002492
30 0.002514
31 0.002523
32 0.002535
33 0.002549
34 0.002541
35 0.002554
36 0.002531
37 0.002569
38 0.002545
39 0.002542
40 0.002535
41 0.002565
42 0.002538
43 0.002512
44 0.002622
45 0.002773
46 0.002589
47 0.002507
48 0.002347
49 0.002306
50 0.002259
51 0.002258
52 0.002321
53 0.002356
54 0.002442
55 0.002496
56 0.002548
57 0.002601
58 0.002619
59 0.002371
60 0.002329
61 0.002346
62 0.002345
63 0.002341
64 0.002341
65 0.002344
66 0.002345
67 0.002346
68 0.002344
69 0.002342
70 0.002349
71 0.002352
72 0.002346
73 0.002347
74 0.002360
75 0.002360
76 0.002354
77 0.002361
78 0.002371
79 0.002367
80 0.002363
81 0.002374
82 0.002380
83 0.002370
84 0.002370
85 0.002393
86 0.002392
87 0.002382
88 0.002378
89 0.002369
90 0.002383
91 0.002398
92 0.002388
93 0.002382
94 0.002368
95 0.002362
96 0.002384
97 0.002383
98 0.002367
99 0.002360
100 0.002344
101 0.002352
102 0.002366
103 0.002354
104 0.002343
105 0.002331
106 0.002325
107 0.002343
108 0.002345
109 0.002326
110 0.002322
111 0.002304
112 0.002297
113 0.002285
114 0.002296
115 0.002308
116 0.002296
117 0.002289
118 0.002271
119 0.002266
120 0.002246
121 0.002248
122 0.002270
123 0.002265
124 0.002249
125 0.002240
126 0.002228
127 0.002218
128 0.002210
129 0.002195
130 0.002191
131 0.002211
132 0.002214
133 0.002195
134 0.002193
135 0.002179
136 0.002173
137 0.002161
138 0.002152
139 0.002143
140 0.002130
141 0.002125
142 0.002142
143 0.002148
144 0.002131
145 0.002131
146 0.002113
147 0.002110
148 0.002097
149 0.002089
150 0.002080
151 0.002068
152 0.002062
153 0.002047
154 0.002045
155 0.002027
156 0.002028
157 0.002030
158 0.002028
159 0.002011
160 0.002006
161 0.001993
162 0.001982
163 0.001973
164 0.001957
165 0.001951
166 0.001929
167 0.001925
168 0.001899
169 0.001894
170 0.001871
171 0.001862
172 0.001843
173 0.001827
174 0.001809
175 0.001792
176 0.001781
177 0.001760
178 0.001753
179 0.001727
180 0.001722
181 0.001699
182 0.001692
183 0.001670
184 0.001659
185 0.001643
186 0.001627
187 0.001614
188 0.001595
189 0.001586
190 0.001537
191 0.001529
192 0.001501
193 0.001497
194 0.001478
195 0.001468
196 0.001450
197 0.001437
198 0.001422
199 0.001406
200 0.001399
201 0.001379
202 0.001378
203 0.001316
204 0.001316
205 0.001301
206 0.001299
207 0.001283
208 0.001278
209 0.001266
210 0.001255
211 0.001248
212 0.001231
213 0.001229
214 0.001172
215 0.001168
216 0.001144
217 0.001143
218 0.001122
219 0.001117
220 0.001101
221 0.001089
222 0.001078
223 0.001035
224 0.001017
225 0.000995
226 0.000994
227 0.000966
228 0.000965
229 0.000940
230 0.000925
231 0.000881
232 0.000871
233 0.000856
234 0.000840
235 0.000830
236 0.000809
237 0.000804
238 0.000758
239 0.000754
240 0.000728
241 0.000724
242 0.000704
243 0.000683
244 0.000648
245 0.000651
246 0.000655
247 0.000642
248 0.000637
249 0.000602
250 0.000597
251 0.000585
252 0.000591
253 0.000617
254 0.000613
255 0.000607
256 0.000607
257 0.000608
258 0.000632
259 0.000648
260 0.000653
261 0.000654
262 0.000667
263 0.000672
264 0.000717
265 0.000721
266 0.000739
267 0.000743
268 0.000751
269 0.000787
270 0.000814
271 0.000832
272 0.000838
273 0.000848
274 0.000848
275 0.000921
276 0.000919
277 0.000929
278 0.000974
279 0.001084
280 0.001101
281 0.001119
282 0.001107
283 0.001097
284 0.001106
285 0.001102
286 0.001119
287 0.001117
288 0.001138
289 0.001138
290 0.001139
291 0.001188
292 0.001269
293 0.001275
294 0.001281
295 0.001358
296 0.001390
297 0.001398
298 0.001415
299 0.001674
300 0.001689
301 0.001721
302 0.001770
303 0.001849
304 0.001892
305 0.001935
306 0.002004
307 0.002049
308 0.002122
309 0.002148
310 0.002226
311 0.002245
312 0.002306
313 0.002325
314 0.002371
315 0.002397
316 0.002429
317 0.002465
318 0.002487
319 0.002523
320 0.002531
321 0.002582
322 0.002586
323 0.002635
324 0.002642
325 0.002680
326 0.002695
327 0.002721
328 0.002743
329 0.002761
330 0.002779
331 0.002783
