0 0.361342
1 0.000001
2 0.000092
3 0.000091
4 0.000092
5 0.000091
6 0.000091
7 0.000092
8 0.000091
9 0.000092
10 0.000092
11 0.000092
12 0.000091
13 0.000091
14 0.000092
15 0.000091
16 0.000092
17 0.000092
18 0.000139
19 0.000211
20 0.000211
21 0.000211
22 0.000211
23 0.000211
24 0.000261
25 0.000269
26 0.000269
27 0.000269
28 0.000269
29 0.000288
30 0.000326
31 0.000326
32 0.000326
33 0.000326
34 0.000326
35 0.000371
36 0.000382
37 0.000382
38 0.000382
39 0.000382
40 0.000396
41 0.000437
42 0.000437
43 0.000437
44 0.000437
45 0.000437
46 0.000477
47 0.000491
48 0.000491
49 0.000490
50 0.000490
51 0.000501
52 0.000543
53 0.000544
54 0.000543
55 0.000543
56 0.000543
57 0.000578
58 0.000595
59 0.000595
60 0.000595
61 0.000594
62 0.000601
63 0.000646
64 0.000645
65 0.000645
66 0.000645
67 0.000645
68 0.000675
69 0.000695
70 0.000694
71 0.000694
72 0.000694
73 0.000697
74 0.000743
75 0.000743
76 0.000742
77 0.000742
78 0.000742
79 0.000767
80 0.000790
81 0.000789
82 0.000789
83 0.000789
84 0.000788
85 0.000836
86 0.000835
87 0.000835
88 0.000835
89 0.000834
90 0.000856
91 0.000880
92 0.000880
93 0.000879
94 0.000879
95 0.000878
96 0.000921
97 0.000924
98 0.000923
99 0.000923
100 0.000922
101 0.000940
102 0.000966
103 0.000966
104 0.000965
105 0.000965
106 0.000964
107 0.001002
108 0.001007
109 0.001007
110 0.001006
111 0.001006
112 0.001020
113 0.001048
114 0.001048
115 0.001047
116 0.001046
117 0.001046
118 0.001079
119 0.001087
120 0.001087
121 0.001086
122 0.001085
123 0.001096
124 0.001126
125 0.001126
126 0.001124
127 0.001124
128 0.001123
129 0.001153
130 0.001163
131 0.001163
132 0.001161
133 0.001161
134 0.001169
135 0.001199
136 0.001199
137 0.001198
138 0.001198
139 0.001197
140 0.001223
141 0.001235
142 0.001234
143 0.001234
144 0.001233
145 0.001238
146 0.001270
147 0.001269
148 0.001269
149 0.001269
150 0.001268
151 0.001290
152 0.001304
153 0.001304
154 0.001303
155 0.001303
156 0.001304
157 0.001338
158 0.001337
159 0.001337
160 0.001336
161 0.001336
162 0.001354
163 0.001370
164 0.001370
165 0.001369
166 0.001369
167 0.001368
168 0.001402
169 0.001401
170 0.001401
171 0.001401
172 0.001401
173 0.001416
174 0.001433
175 0.001433
176 0.001432
177 0.001432
178 0.001432
179 0.001462
180 0.001463
181 0.001463
182 0.001463
183 0.001462
184 0.001475
185 0.001494
186 0.001493
187 0.001493
188 0.001493
189 0.001492
190 0.001519
191 0.001522
192 0.001522
193 0.001522
194 0.001522
195 0.001532
196 0.001551
197 0.001551
198 0.001552
199 0.001551
200 0.001552
201 0.001575
202 0.001580
203 0.001581
204 0.001581
205 0.001581
206 0.001589
207 0.001609
208 0.001609
209 0.001609
210 0.001610
211 0.001610
212 0.001630
213 0.001637
214 0.001638
215 0.001637
216 0.001638
217 0.001643
218 0.001664
219 0.001664
220 0.001665
221 0.001665
222 0.001665
223 0.001682
224 0.001691
225 0.001691
226 0.001691
227 0.001691
228 0.001695
229 0.001716
230 0.001716
231 0.001717
232 0.001717
233 0.001717
234 0.001732
235 0.001741
236 0.001741
237 0.001742
238 0.001742
239 0.001744
240 0.001765
241 0.001766
242 0.001766
243 0.001766
244 0.001767
245 0.001779
246 0.001789
247 0.001790
248 0.001790
249 0.001791
250 0.001791
251 0.001812
252 0.001812
253 0.001813
254 0.001813
255 0.001814
256 0.001823
257 0.001834
258 0.001834
259 0.001835
260 0.001835
261 0.001835
262 0.001853
263 0.001855
264 0.001855
265 0.001855
266 0.001855
267 0.001862
268 0.001874
269 0.001874
270 0.001874
271 0.001875
272 0.001875
273 0.001890
274 0.001892
275 0.001893
276 0.001893
277 0.001894
278 0.001899
279 0.001911
280 0.001911
281 0.001912
282 0.001912
283 0.001913
284 0.001925
285 0.001929
286 0.001930
287 0.001931
288 0.001932
289 0.001937
290 0.001948
291 0.001950
292 0.001951
293 0.001952
294 0.001953
295 0.001964
296 0.001969
297 0.001970
298 0.001972
299 0.001973
300 0.001977
301 0.001988
302 0.001990
303 0.001992
304 0.001993
305 0.001995
306 0.002004
307 0.002009
308 0.002011
309 0.002013
310 0.002015
311 0.002018
312 0.002028
313 0.002030
314 0.002032
315 0.002034
316 0.002035
317 0.002043
318 0.002049
319 0.002051
320 0.002052
321 0.002054
322 0.002056
323 0.002065
324 0.002066
325 0.002067
326 0.002068
327 0.002068
328 0.002073
329 0.002076
330 0.002076
331 0.002076
