0 0.361342
1 0.000001
2 0.000331
3 0.000331
4 0.000331
5 0.000331
6 0.000331
7 0.000332
8 0.000385
9 0.000980
10 0.000979
11 0.000980
12 0.000980
13 0.000979
14 0.000980
15 0.001080
16 0.001581
17 0.001582
18 0.001582
19 0.001582
20 0.001582
21 0.001582
22 0.001721
23 0.002136
24 0.002136
25 0.002137
26 0.002137
27 0.002137
28 0.002137
29 0.002305
30 0.002644
31 0.002643
32 0.002644
33 0.002645
34 0.002644
35 0.002644
36 0.002831
37 0.003094
38 0.003092
39 0.003093
40 0.003094
41 0.003093
42 0.003094
43 0.003299
44 0.003504
45 0.003505
46 0.003505
47 0.003506
48 0.003506
49 0.003506
50 0.003715
51 0.003865
52 0.003864
53 0.003866
54 0.003865
55 0.003866
56 0.003867
57 0.004069
58 0.004171
59 0.004172
60 0.004170
61 0.004172
62 0.004173
63 0.004172
64 0.004368
65 0.004434
66 0.004435
67 0.004435
68 0.004437
69 0.004436
70 0.004437
71 0.004614
72 0.004651
73 0.004650
74 0.004651
75 0.004652
76 0.004653
77 0.004652
78 0.004807
79 0.004822
80 0.004822
81 0.004821
82 0.004823
83 0.004823
84 0.004823
85 0.004939
86 0.004940
87 0.004940
88 0.004941
89 0.004940
90 0.004941
91 0.004947
92 0.005012
93 0.005013
94 0.005013
95 0.005013
96 0.005014
97 0.005014
98 0.005018
99 0.005036
100 0.005037
101 0.005037
102 0.005038
103 0.005039
104 0.005039
105 0.005033
106 0.005013
107 0.005012
108 0.005013
109 0.005012
110 0.005011
111 0.005011
112 0.004985
113 0.004936
114 0.004935
115 0.004933
116 0.004934
117 0.004933
118 0.004933
119 0.004881
120 0.004810
121 0.004809
122 0.004808
123 0.004808
124 0.004808
125 0.004808
126 0.004723
127 0.004637
128 0.004638
129 0.004637
130 0.004637
131 0.004637
132 0.004637
133 0.004511
134 0.004422
135 0.004421
136 0.004421
137 0.004421
138 0.004421
139 0.004421
140 0.004246
141 0.004160
142 0.004160
143 0.004159
144 0.004161
145 0.004160
146 0.004161
147 0.003931
148 0.003856
149 0.003855
150 0.003855
151 0.003855
152 0.003856
153 0.003854
154 0.003566
155 0.003508
156 0.003507
157 0.003508
158 0.003508
159 0.003507
160 0.003508
161 0.003152
162 0.003121
163 0.003121
164 0.003121
165 0.003121
166 0.003122
167 0.003121
168 0.002701
169 0.002701
170 0.002701
171 0.002701
172 0.002701
173 0.002701
174 0.002664
175 0.002258
176 0.002258
177 0.002258
178 0.002259
179 0.002259
180 0.002259
181 0.002182
182 0.001819
183 0.001819
184 0.001820
185 0.001820
186 0.001820
187 0.001821
188 0.001714
189 0.001445
190 0.001445
191 0.001445
192 0.001446
193 0.001446
194 0.001446
195 0.001296
196 0.001251
197 0.001251
198 0.001251
199 0.001251
200 0.001251
201 0.001252
202 0.001318
203 0.001412
204 0.001412
205 0.001412
206 0.001413
207 0.001413
208 0.001413
209 0.001515
210 0.001619
211 0.001619
212 0.001619
213 0.001620
214 0.001621
215 0.001621
216 0.001716
217 0.001785
218 0.001785
219 0.001785
220 0.001785
221 0.001787
222 0.001786
223 0.001938
224 0.002023
225 0.002023
226 0.002023
227 0.002023
228 0.002023
229 0.002022
230 0.002074
231 0.002090
232 0.002087
233 0.002084
234 0.002081
235 0.002077
236 0.002073
237 0.002180
238 0.002199
239 0.002195
240 0.002191
241 0.002185
242 0.002181
243 0.002176
244 0.002360
245 0.002372
246 0.002367
247 0.002362
248 0.002356
249 0.002350
250 0.002345
251 0.002564
252 0.002558
253 0.002551
254 0.002544
255 0.002538
256 0.002530
257 0.002540
258 0.002722
259 0.002714
260 0.002707
261 0.002698
262 0.002690
263 0.002682
264 0.002704
265 0.002843
266 0.002834
267 0.002825
268 0.002815
269 0.002807
270 0.002798
271 0.002789
272 0.002783
273 0.002774
274 0.002765
275 0.002754
276 0.002745
277 0.002735
278 0.002768
279 0.002842
280 0.002832
281 0.002821
282 0.002810
283 0.002800
284 0.002790
285 0.002825
286 0.002881
287 0.002869
288 0.002859
289 0.002846
290 0.002836
291 0.002825
292 0.002868
293 0.002910
294 0.002898
295 0.002889
296 0.002880
297 0.002870
298 0.002862
299 0.002911
300 0.002944
301 0.002934
302 0.002925
303 0.002915
304 0.002905
305 0.002896
306 0.002947
307 0.002967
308 0.002956
309 0.002947
310 0.002937
311 0.002928
312 0.002917
313 0.002975
314 0.002987
315 0.002977
316 0.002966
317 0.002956
318 0.002945
319 0.002936
320 0.002988
321 0.002991
322 0.002980
323 0.002969
324 0.002957
325 0.002947
326 0.002935
327 0.003003
328 0.002999
329 0.002988
330 0.002977
331 0.002964
