0 0.361342
1 0.000001
2 0.001010
3 0.001008
4 0.001006
5 0.001009
6 0.001020
7 0.001007
8 0.001002
9 0.001002
10 0.001002
11 0.001000
12 0.001000
13 0.001000
14 0.000999
15 0.001000
16 0.000997
17 0.000995
18 0.000995
19 0.001012
20 0.000995
21 0.000992
22 0.000993
23 0.000990
24 0.000996
25 0.000987
26 0.000990
27 0.000989
28 0.000989
29 0.001438
30 0.002337
31 0.002349
32 0.002329
33 0.002324
34 0.002320
35 0.002314
36 0.002312
37 0.002310
38 0.002303
39 0.002303
40 0.002295
41 0.002822
42 0.002943
43 0.002939
44 0.002954
45 0.002925
46 0.002924
47 0.002916
48 0.002911
49 0.002906
50 0.003222
51 0.003444
52 0.003436
53 0.003431
54 0.003423
55 0.003416
56 0.003408
57 0.003418
58 0.003395
59 0.003552
60 0.003834
61 0.003826
62 0.003817
63 0.003809
64 0.003798
65 0.003788
66 0.003947
67 0.004142
68 0.004133
69 0.004135
70 0.004109
71 0.004099
72 0.004089
73 0.004263
74 0.004419
75 0.004405
76 0.004393
77 0.004381
78 0.004369
79 0.004356
80 0.004548
81 0.004665
82 0.004669
83 0.004638
84 0.004627
85 0.004612
86 0.004602
87 0.004811
88 0.004897
89 0.004884
90 0.004873
91 0.004862
92 0.004856
93 0.004842
94 0.005033
95 0.005096
96 0.005070
97 0.005063
98 0.005087
99 0.005241
100 0.005238
101 0.005228
102 0.005223
103 0.005324
104 0.005400
105 0.005397
106 0.005391
107 0.005403
108 0.005556
109 0.005561
110 0.005555
111 0.005547
112 0.005604
113 0.005717
114 0.005713
115 0.005709
116 0.005705
117 0.005826
118 0.005866
119 0.005866
120 0.005878
121 0.005877
122 0.006023
123 0.006022
124 0.006024
125 0.006021
126 0.006105
127 0.006189
128 0.006189
129 0.006192
130 0.006195
131 0.006339
132 0.006357
133 0.006378
134 0.006362
135 0.006408
136 0.006522
137 0.006524
138 0.006529
139 0.006532
140 0.006632
141 0.006689
142 0.006690
143 0.006694
144 0.006703
145 0.006862
146 0.006842
147 0.006844
148 0.006844
149 0.006903
150 0.006983
151 0.006982
152 0.006979
153 0.006983
154 0.007091
155 0.007114
156 0.007108
157 0.007107
158 0.007146
159 0.007228
160 0.007217
161 0.007210
162 0.007203
163 0.007274
164 0.007313
165 0.007307
166 0.007303
167 0.007294
168 0.007409
169 0.007402
170 0.007395
171 0.007406
172 0.007427
173 0.007494
174 0.007490
175 0.007486
176 0.007485
177 0.007570
178 0.007596
179 0.007595
180 0.007600
181 0.007622
182 0.007717
183 0.007741
184 0.007733
185 0.007748
186 0.007817
187 0.007880
188 0.007897
189 0.007921
190 0.007945
191 0.008067
192 0.008103
193 0.008137
194 0.008173
195 0.008245
196 0.008367
197 0.008390
198 0.008433
199 0.008475
200 0.008590
201 0.008660
202 0.008708
203 0.008755
204 0.008814
205 0.008946
206 0.009004
207 0.009048
208 0.009100
209 0.009197
210 0.009297
211 0.009351
212 0.009406
213 0.009425
214 0.009515
215 0.009536
216 0.009544
217 0.009549
218 0.009586
219 0.009640
220 0.009647
221 0.009654
222 0.009657
223 0.009714
224 0.009740
225 0.009752
226 0.009746
227 0.009753
228 0.009819
229 0.009821
230 0.009822
231 0.009832
232 0.009851
233 0.009888
234 0.009883
235 0.009872
236 0.009855
237 0.009878
238 0.009846
239 0.009832
240 0.009815
241 0.009788
242 0.009777
243 0.009746
244 0.009741
245 0.009702
246 0.009685
247 0.009663
248 0.009642
249 0.009627
250 0.009598
251 0.009592
252 0.009566
253 0.009555
254 0.009545
255 0.009530
256 0.009524
257 0.009505
258 0.009499
259 0.009482
260 0.009471
261 0.009451
262 0.009437
263 0.009420
264 0.009409
265 0.009387
266 0.009364
267 0.009353
268 0.009331
269 0.009315
270 0.009296
271 0.009277
272 0.009263
273 0.009242
274 0.009224
275 0.009186
276 0.009132
277 0.009073
278 0.009013
279 0.008955
280 0.008893
281 0.008836
282 0.008775
283 0.008716
284 0.008655
285 0.008597
286 0.008548
287 0.008481
288 0.008425
289 0.008368
290 0.008311
291 0.008256
292 0.008204
293 0.008155
294 0.008115
295 0.008075
296 0.008042
297 0.008012
298 0.007986
299 0.007962
300 0.007938
301 0.007919
302 0.007896
303 0.007877
304 0.007852
305 0.007837
306 0.007814
307 0.007797
308 0.007790
309 0.007764
310 0.007755
311 0.007739
312 0.007738
313 0.007731
314 0.007736
315 0.007738
316 0.007744
317 0.007754
318 0.007758
319 0.007775
320 0.007780
321 0.007795
322 0.007807
323 0.007817
324 0.007832
325 0.007839
326 0.007861
327 0.007868
328 0.007893
329 0.007912
330 0.007947
331 0.007972
