0 0.361342
1 0.000001
2 0.000183
3 0.000183
4 0.000183
5 0.000183
6 0.000183
7 0.000183
8 0.000183
9 0.000183
10 0.000350
11 0.000422
12 0.000422
13 0.000530
14 0.000538
15 0.000557
16 0.000652
17 0.000652
18 0.000697
19 0.000764
20 0.000764
21 0.000833
22 0.000874
23 0.000873
24 0.000967
25 0.000981
26 0.000991
27 0.001087
28 0.001086
29 0.001120
30 0.001190
31 0.001189
32 0.001246
33 0.001290
34 0.001289
35 0.001369
36 0.001388
37 0.001390
38 0.001485
39 0.001484
40 0.001509
41 0.001579
42 0.001578
43 0.001624
44 0.001670
45 0.001668
46 0.001736
47 0.001759
48 0.001757
49 0.001844
50 0.001845
51 0.001861
52 0.001932
53 0.001930
54 0.001966
55 0.002014
56 0.002012
57 0.002067
58 0.002094
59 0.002092
60 0.002166
61 0.002172
62 0.002181
63 0.002251
64 0.002248
65 0.002276
66 0.002325
67 0.002322
68 0.002368
69 0.002397
70 0.002395
71 0.002457
72 0.002468
73 0.002471
74 0.002539
75 0.002537
76 0.002557
77 0.002608
78 0.002605
79 0.002642
80 0.002674
81 0.002672
82 0.002724
83 0.002739
84 0.002737
85 0.002804
86 0.002802
87 0.002816
88 0.002866
89 0.002864
90 0.002894
91 0.002927
92 0.002925
93 0.002968
94 0.002986
95 0.002985
96 0.003041
97 0.003044
98 0.003054
99 0.003103
100 0.003104
101 0.003127
102 0.003162
103 0.003162
104 0.003198
105 0.003219
106 0.003220
107 0.003267
108 0.003275
109 0.003281
110 0.003329
111 0.003330
112 0.003348
113 0.003382
114 0.003383
115 0.003412
116 0.003434
117 0.003435
118 0.003474
119 0.003484
120 0.003487
121 0.003532
122 0.003533
123 0.003547
124 0.003580
125 0.003582
126 0.003604
127 0.003626
128 0.003628
129 0.003658
130 0.003670
131 0.003671
132 0.003709
133 0.003711
134 0.003719
135 0.003749
136 0.003750
137 0.003766
138 0.003786
139 0.003788
140 0.003811
141 0.003824
142 0.003826
143 0.003856
144 0.003863
145 0.003871
146 0.003900
147 0.003904
148 0.003919
149 0.003941
150 0.003947
151 0.003968
152 0.003984
153 0.003990
154 0.004016
155 0.004026
156 0.004035
157 0.004061
158 0.004068
159 0.004081
160 0.004102
161 0.004109
162 0.004123
163 0.004135
164 0.004137
165 0.004150
166 0.004153
167 0.004151
168 0.004160
169 0.004154
170 0.004150
171 0.004152
172 0.004145
173 0.004143
174 0.004141
175 0.004135
176 0.004133
177 0.004129
178 0.004123
179 0.004123
180 0.004117
181 0.004112
182 0.004110
183 0.004105
184 0.004101
185 0.004097
186 0.004093
187 0.004088
188 0.004084
189 0.004081
190 0.004075
191 0.004072
192 0.004068
193 0.004061
194 0.004058
195 0.004053
196 0.004046
197 0.004044
198 0.004037
199 0.004031
200 0.004028
201 0.004019
202 0.004015
203 0.004013
204 0.004001
205 0.004000
206 0.003996
207 0.003986
208 0.003986
209 0.003978
210 0.003971
211 0.003971
212 0.003959
213 0.003954
214 0.003952
215 0.003932
216 0.003929
217 0.003921
218 0.003901
219 0.003897
220 0.003883
221 0.003866
222 0.003862
223 0.003842
224 0.003830
225 0.003827
226 0.003801
227 0.003795
228 0.003789
229 0.003763
230 0.003760
231 0.003748
232 0.003728
233 0.003727
234 0.003707
235 0.003694
236 0.003694
237 0.003666
238 0.003661
239 0.003660
240 0.003628
241 0.003628
242 0.003618
243 0.003594
244 0.003595
245 0.003576
246 0.003559
247 0.003560
248 0.003529
249 0.003520
250 0.003519
251 0.003477
252 0.003476
253 0.003465
254 0.003430
255 0.003428
256 0.003405
257 0.003379
258 0.003377
259 0.003342
260 0.003327
261 0.003326
262 0.003279
263 0.003276
264 0.003268
265 0.003226
266 0.003227
267 0.003206
268 0.003175
269 0.003176
270 0.003142
271 0.003124
272 0.003125
273 0.003077
274 0.003071
275 0.003067
276 0.003015
277 0.003017
278 0.002998
279 0.002960
280 0.002961
281 0.002927
282 0.002902
283 0.002904
284 0.002854
285 0.002842
286 0.002842
287 0.002779
288 0.002781
289 0.002765
290 0.002716
291 0.002718
292 0.002684
293 0.002651
294 0.002653
295 0.002602
296 0.002584
297 0.002586
298 0.002516
299 0.002516
300 0.002502
301 0.002443
302 0.002446
303 0.002414
304 0.002372
305 0.002374
306 0.002322
307 0.002298
308 0.002300
309 0.002228
310 0.002222
311 0.002213
312 0.002142
313 0.002144
314 0.002115
315 0.002062
316 0.002064
317 0.002014
318 0.001980
319 0.001982
320 0.001909
321 0.001896
322 0.001892
323 0.001807
324 0.001809
325 0.001782
326 0.001718
327 0.001720
328 0.001670
329 0.001626
330 0.001628
331 0.001554
