0 0.358598
1 0.000001
2 0.000116
3 0.000116
4 0.000115
5 0.000115
6 0.000116
7 0.000120
8 0.000149
9 0.000149
10 0.000148
11 0.000149
12 0.000148
13 0.000228
14 0.000234
15 0.000233
16 0.000233
17 0.000232
18 0.000271
19 0.000331
20 0.000331
21 0.000330
22 0.000330
23 0.000329
24 0.000431
25 0.000446
26 0.000445
27 0.000444
28 0.000443
29 0.000471
30 0.000530
31 0.000528
32 0.000527
33 0.000525
34 0.000524
35 0.000538
36 0.000542
37 0.000540
38 0.000539
39 0.000537
40 0.000556
41 0.000614
42 0.000612
43 0.000610
44 0.000607
45 0.000605
46 0.000659
47 0.000676
48 0.000673
49 0.000671
50 0.000669
51 0.000674
52 0.000704
53 0.000702
54 0.000698
55 0.000695
56 0.000693
57 0.000732
58 0.000750
59 0.000747
60 0.000744
61 0.000741
62 0.000742
63 0.000775
64 0.000771
65 0.000768
66 0.000764
67 0.000761
68 0.000788
69 0.000806
70 0.000802
71 0.000798
72 0.000794
73 0.000793
74 0.000822
75 0.000818
76 0.000814
77 0.000810
78 0.000806
79 0.000825
80 0.000840
81 0.000836
82 0.000832
83 0.000828
84 0.000824
85 0.000851
86 0.000846
87 0.000842
88 0.000838
89 0.000833
90 0.000844
91 0.000857
92 0.000853
93 0.000849
94 0.000845
95 0.000840
96 0.000861
97 0.000859
98 0.000855
99 0.000851
100 0.000846
101 0.000851
102 0.000860
103 0.000855
104 0.000851
105 0.000848
106 0.000843
107 0.000861
108 0.000861
109 0.000857
110 0.000854
111 0.000850
112 0.000850
113 0.000854
114 0.000850
115 0.000847
116 0.000844
117 0.000841
118 0.000859
119 0.000861
120 0.000858
121 0.000855
122 0.000852
123 0.000848
124 0.000846
125 0.000843
126 0.000840
127 0.000837
128 0.000834
129 0.000897
130 0.000933
131 0.000930
132 0.000927
133 0.000924
134 0.000907
135 0.000847
136 0.000844
137 0.000841
138 0.000838
139 0.000835
140 0.000798
141 0.000779
142 0.000777
143 0.000774
144 0.000772
145 0.000767
146 0.000758
147 0.000755
148 0.000753
149 0.000751
150 0.000748
151 0.000766
152 0.000778
153 0.000776
154 0.000773
155 0.000771
156 0.000772
157 0.000821
158 0.000819
159 0.000816
160 0.000814
161 0.000812
162 0.000836
163 0.000856
164 0.000854
165 0.000852
166 0.000849
167 0.000847
168 0.000882
169 0.000880
170 0.000877
171 0.000875
172 0.000873
173 0.000823
174 0.000777
175 0.000777
176 0.000777
177 0.000776
178 0.000776
179 0.000782
180 0.000782
181 0.000782
182 0.000782
183 0.000782
184 0.000781
185 0.000781
186 0.000780
187 0.000780
188 0.000780
189 0.000779
190 0.000782
191 0.000781
192 0.000782
193 0.000781
194 0.000781
195 0.000782
196 0.000783
197 0.000782
198 0.000782
199 0.000782
200 0.000782
201 0.000781
202 0.000781
203 0.000781
204 0.000780
205 0.000780
206 0.000781
207 0.000784
208 0.000784
209 0.000784
210 0.000784
211 0.000784
212 0.000782
213 0.000782
214 0.000781
215 0.000782
216 0.000782
217 0.000783
218 0.000786
219 0.000786
220 0.000787
221 0.000787
222 0.000787
223 0.000785
224 0.000784
225 0.000784
226 0.000784
227 0.000785
228 0.000785
229 0.000790
230 0.000790
231 0.000790
232 0.000790
233 0.000790
234 0.000788
235 0.000787
236 0.000787
237 0.000787
238 0.000787
239 0.000788
240 0.000793
241 0.000793
242 0.000793
243 0.000793
244 0.000793
245 0.000791
246 0.000789
247 0.000789
248 0.000789
249 0.000790
250 0.000790
251 0.000797
252 0.000797
253 0.000797
254 0.000797
255 0.000798
256 0.000795
257 0.000793
258 0.000793
259 0.000794
260 0.000793
261 0.000794
262 0.000789
263 0.000789
264 0.000789
265 0.000789
266 0.000790
267 0.000793
268 0.000799
269 0.000799
270 0.000799
271 0.000799
272 0.000799
273 0.000794
274 0.000794
275 0.000794
276 0.000794
277 0.000794
278 0.000792
279 0.000788
280 0.000788
281 0.000787
282 0.000787
283 0.000787
284 0.000793
285 0.000795
286 0.000795
287 0.000795
288 0.000795
289 0.000793
290 0.000789
291 0.000789
292 0.000789
293 0.000788
294 0.000788
295 0.000783
296 0.000781
297 0.000781
298 0.000781
299 0.000781
300 0.000783
301 0.000789
302 0.000789
303 0.000789
304 0.000789
305 0.000788
306 0.000784
307 0.000781
308 0.000781
309 0.000781
310 0.000781
311 0.000780
312 0.000775
313 0.000775
314 0.000775
315 0.000775
316 0.000775
317 0.000779
318 0.000782
319 0.000782
320 0.000782
321 0.000782
322 0.000781
323 0.000776
324 0.000775
325 0.000775
326 0.000775
327 0.000775
328 0.000771
329 0.000768
330 0.000768
331 0.000768
