0 0.361343
1 0.000001
2 0.001204
3 0.001203
4 0.001199
5 0.001200
6 0.001193
7 0.001192
8 0.001192
9 0.001187
10 0.001186
11 0.001184
12 0.001180
13 0.001178
14 0.001175
15 0.001175
16 0.001173
17 0.001168
18 0.001167
19 0.001166
20 0.001164
21 0.001161
22 0.001158
23 0.001157
24 0.001155
25 0.001152
26 0.001152
27 0.001147
28 0.001146
29 0.001661
30 0.002684
31 0.002674
32 0.002664
33 0.002653
34 0.002643
35 0.002631
36 0.002623
37 0.002614
38 0.002604
39 0.002596
40 0.002585
41 0.003171
42 0.003302
43 0.003287
44 0.003273
45 0.003261
46 0.003248
47 0.003235
48 0.003223
49 0.003211
50 0.003553
51 0.003790
52 0.003774
53 0.003759
54 0.003744
55 0.003729
56 0.003715
57 0.003700
58 0.003686
59 0.003853
60 0.004152
61 0.004137
62 0.004120
63 0.004104
64 0.004089
65 0.004074
66 0.004239
67 0.004443
68 0.004426
69 0.004412
70 0.004396
71 0.004380
72 0.004365
73 0.004552
74 0.004714
75 0.004698
76 0.004684
77 0.004674
78 0.004668
79 0.004665
80 0.004883
81 0.005018
82 0.005013
83 0.005006
84 0.005000
85 0.004996
86 0.004989
87 0.005228
88 0.005325
89 0.005321
90 0.005314
91 0.005309
92 0.005300
93 0.005296
94 0.005507
95 0.005562
96 0.005557
97 0.005551
98 0.005580
99 0.005752
100 0.005747
101 0.005741
102 0.005719
103 0.005808
104 0.005876
105 0.005848
106 0.005824
107 0.005798
108 0.005963
109 0.005949
110 0.005925
111 0.005888
112 0.005880
113 0.005922
114 0.005840
115 0.005760
116 0.005680
117 0.005726
118 0.005688
119 0.005605
120 0.005521
121 0.005466
122 0.005535
123 0.005462
124 0.005394
125 0.005331
126 0.005340
127 0.005348
128 0.005288
129 0.005232
130 0.005174
131 0.005237
132 0.005197
133 0.005145
134 0.005095
135 0.005080
136 0.005121
137 0.005072
138 0.005029
139 0.004985
140 0.005019
141 0.005015
142 0.004976
143 0.004935
144 0.004906
145 0.004971
146 0.004935
147 0.004901
148 0.004871
149 0.004886
150 0.004913
151 0.004886
152 0.004861
153 0.004838
154 0.004892
155 0.004887
156 0.004863
157 0.004844
158 0.004845
159 0.004897
160 0.004881
161 0.004866
162 0.004852
163 0.004893
164 0.004918
165 0.004910
166 0.004906
167 0.004907
168 0.004999
169 0.005019
170 0.005042
171 0.005077
172 0.005163
173 0.005306
174 0.005408
175 0.005506
176 0.005599
177 0.005755
178 0.005857
179 0.005938
180 0.006014
181 0.006113
182 0.006304
183 0.006417
184 0.006522
185 0.006619
186 0.006762
187 0.006889
188 0.006969
189 0.007047
190 0.007116
191 0.007269
192 0.007336
193 0.007395
194 0.007446
195 0.007526
196 0.007616
197 0.007620
198 0.007622
199 0.007625
200 0.007693
201 0.007720
202 0.007725
203 0.007730
204 0.007746
205 0.007830
206 0.007829
207 0.007835
208 0.007839
209 0.007883
210 0.007925
211 0.007930
212 0.007935
213 0.007938
214 0.008007
215 0.008018
216 0.008023
217 0.008027
218 0.008048
219 0.008100
220 0.008103
221 0.008106
222 0.008109
223 0.008154
224 0.008177
225 0.008178
226 0.008182
227 0.008187
228 0.008246
229 0.008247
230 0.008250
231 0.008307
232 0.008494
233 0.008692
234 0.008840
235 0.008977
236 0.009099
237 0.009258
238 0.009381
239 0.009501
240 0.009609
241 0.009702
242 0.009802
243 0.009875
244 0.009966
245 0.010031
246 0.010102
247 0.010163
248 0.010216
249 0.010134
250 0.010024
251 0.009950
252 0.009865
253 0.009803
254 0.009754
255 0.009707
256 0.009671
257 0.009627
258 0.009506
259 0.009364
260 0.009247
261 0.009131
262 0.009029
263 0.008872
264 0.008709
265 0.008564
266 0.008421
267 0.008300
268 0.008178
269 0.008069
270 0.007971
271 0.007878
272 0.007796
273 0.007714
274 0.007641
275 0.007570
276 0.007504
277 0.007442
278 0.007382
279 0.007328
280 0.007276
281 0.007235
282 0.007195
283 0.007159
284 0.007126
285 0.007093
286 0.007067
287 0.007044
288 0.007026
289 0.007009
290 0.006994
291 0.006983
292 0.006974
293 0.006964
294 0.006958
295 0.006950
296 0.006946
297 0.006941
298 0.006939
299 0.006939
300 0.006941
301 0.006947
302 0.006950
303 0.006960
304 0.006962
305 0.006969
306 0.006972
307 0.006973
308 0.006974
309 0.006970
310 0.006967
311 0.006950
312 0.006937
313 0.006916
314 0.006899
315 0.006879
316 0.006856
317 0.006839
318 0.006812
319 0.006794
320 0.006761
321 0.006737
322 0.006706
323 0.006677
324 0.006648
325 0.006614
326 0.006590
327 0.006553
328 0.006525
329 0.006488
330 0.006456
331 0.006427
