0 0.360981
1 0.000001
2 0.000177
3 0.000170
4 0.000141
5 0.000140
6 0.000151
7 0.000153
8 0.000220
9 0.000273
10 0.000308
11 0.000302
12 0.000324
13 0.000362
14 0.000369
15 0.000422
16 0.000431
17 0.000466
18 0.000485
19 0.000518
20 0.000544
21 0.000565
22 0.000603
23 0.000618
24 0.000662
25 0.000667
26 0.000725
27 0.000733
28 0.000787
29 0.000808
30 0.000854
31 0.000894
32 0.000937
33 0.000984
34 0.001008
35 0.001093
36 0.001112
37 0.001189
38 0.001203
39 0.001321
40 0.001341
41 0.001407
42 0.001482
43 0.001592
44 0.001648
45 0.001688
46 0.001766
47 0.001794
48 0.002125
49 0.002174
50 0.002278
51 0.002303
52 0.002399
53 0.002446
54 0.002531
55 0.002588
56 0.002643
57 0.002695
58 0.002725
59 0.002788
60 0.002809
61 0.002883
62 0.002903
63 0.002971
64 0.003021
65 0.003127
66 0.003168
67 0.003214
68 0.003259
69 0.003290
70 0.003334
71 0.003340
72 0.003383
73 0.003384
74 0.003424
75 0.003423
76 0.003452
77 0.003459
78 0.003479
79 0.003494
80 0.003506
81 0.003530
82 0.003539
83 0.003570
84 0.003574
85 0.003615
86 0.003622
87 0.003656
88 0.003670
89 0.003700
90 0.003722
91 0.003748
92 0.003778
93 0.003801
94 0.003836
95 0.003855
96 0.003897
97 0.003918
98 0.003962
99 0.003988
100 0.004029
101 0.004063
102 0.004102
103 0.004141
104 0.004177
105 0.004219
106 0.004250
107 0.004292
108 0.004318
109 0.004361
110 0.004388
111 0.004427
112 0.004459
113 0.004496
114 0.004530
115 0.004563
116 0.004598
117 0.004628
118 0.004663
119 0.004691
120 0.004723
121 0.004748
122 0.004778
123 0.004804
124 0.004831
125 0.004855
126 0.004880
127 0.004903
128 0.004927
129 0.004948
130 0.004974
131 0.005016
132 0.005049
133 0.005076
134 0.005108
135 0.005129
136 0.005153
137 0.005172
138 0.005187
139 0.005202
140 0.005211
141 0.005226
142 0.005227
143 0.005239
144 0.005226
145 0.005225
146 0.005197
147 0.005176
148 0.005139
149 0.005104
150 0.005059
151 0.004988
152 0.004916
153 0.004822
154 0.004744
155 0.004634
156 0.004547
157 0.004436
158 0.004352
159 0.004251
160 0.004166
161 0.004074
162 0.003989
163 0.003911
164 0.003828
165 0.003763
166 0.003683
167 0.003636
168 0.003561
169 0.003538
170 0.003497
171 0.003480
172 0.003448
173 0.003426
174 0.003401
175 0.003365
176 0.003341
177 0.003296
178 0.003281
179 0.003230
180 0.003221
181 0.003173
182 0.003157
183 0.003113
184 0.003086
185 0.003047
186 0.003010
187 0.002979
188 0.002930
189 0.002907
190 0.002847
191 0.002832
192 0.002764
193 0.002745
194 0.002685
195 0.002655
196 0.002605
197 0.002567
198 0.002527
199 0.002479
200 0.002451
201 0.002390
202 0.002373
203 0.002300
204 0.002285
205 0.002216
206 0.002193
207 0.002135
208 0.002101
209 0.002055
210 0.002008
211 0.001974
212 0.001915
213 0.001893
214 0.001821
215 0.001808
216 0.001728
217 0.001711
218 0.001643
219 0.001612
220 0.001557
221 0.001511
222 0.001468
223 0.001407
224 0.001377
225 0.001301
226 0.001285
227 0.001193
228 0.001178
229 0.001095
230 0.001067
231 0.000998
232 0.000955
233 0.000900
234 0.000840
235 0.000800
236 0.000723
237 0.000698
238 0.000604
239 0.000588
240 0.000490
241 0.000466
242 0.000384
243 0.000322
244 0.000221
245 0.000221
246 0.000221
247 0.000010
248 0.000086
249 0.000085
250 0.000086
251 0.000086
252 0.000132
253 0.000384
254 0.000430
255 0.000532
256 0.000600
257 0.000678
258 0.000767
259 0.000821
260 0.000931
261 0.000963
262 0.001091
263 0.001113
264 0.001237
265 0.001270
266 0.001370
267 0.001423
268 0.001502
269 0.001573
270 0.001630
271 0.001719
272 0.001756
273 0.001863
274 0.001882
275 0.001999
276 0.002020
277 0.002116
278 0.002155
279 0.002231
280 0.002286
281 0.002345
282 0.002417
283 0.002460
284 0.002548
285 0.002574
286 0.002678
287 0.002699
288 0.002794
289 0.002826
290 0.002904
291 0.002950
292 0.003014
293 0.003077
294 0.003126
295 0.003204
296 0.003238
297 0.003326
298 0.003348
299 0.003441
300 0.003466
301 0.003541
302 0.003576
303 0.003635
304 0.003680
305 0.003723
306 0.003775
307 0.003804
308 0.003869
309 0.003889
310 0.003967
311 0.003986
312 0.004046
313 0.004065
314 0.004114
315 0.004147
316 0.004201
317 0.004282
318 0.004364
319 0.004477
320 0.004568
321 0.004703
322 0.004800
323 0.004949
324 0.005061
325 0.005208
326 0.005336
327 0.005482
328 0.005620
329 0.005742
330 0.005870
331 0.005963
