0 0.361342
1 0.000001
2 0.000682
3 0.000668
4 0.000668
5 0.000684
6 0.000665
7 0.000668
8 0.000680
9 0.000665
10 0.000683
11 0.000662
12 0.000662
13 0.000680
14 0.000664
15 0.000678
16 0.000661
17 0.000661
18 0.000680
19 0.000659
20 0.000660
21 0.000679
22 0.000660
23 0.000676
24 0.000659
25 0.000657
26 0.000676
27 0.000657
28 0.000674
29 0.000657
30 0.000657
31 0.000673
32 0.000655
33 0.000657
34 0.000672
35 0.000657
36 0.000672
37 0.000654
38 0.000655
39 0.000670
40 0.000655
41 0.000669
42 0.000653
43 0.001105
44 0.001569
45 0.001552
46 0.001567
47 0.001547
48 0.001547
49 0.001561
50 0.001541
51 0.001541
52 0.001554
53 0.001537
54 0.001551
55 0.001534
56 0.001529
57 0.001548
58 0.001531
59 0.001543
60 0.001616
61 0.001960
62 0.001976
63 0.001956
64 0.001952
65 0.001970
66 0.001948
67 0.001963
68 0.001945
69 0.001942
70 0.001955
71 0.001937
72 0.001952
73 0.001930
74 0.002065
75 0.002313
76 0.002290
77 0.002287
78 0.002301
79 0.002281
80 0.002296
81 0.002272
82 0.002273
83 0.002285
84 0.002265
85 0.002279
86 0.002259
87 0.002256
88 0.002435
89 0.002554
90 0.002548
91 0.002562
92 0.002541
93 0.002554
94 0.002534
95 0.002528
96 0.002543
97 0.002518
98 0.002575
99 0.002762
100 0.002756
101 0.002767
102 0.002747
103 0.002758
104 0.002737
105 0.002730
106 0.002745
107 0.002722
108 0.002719
109 0.002916
110 0.002942
111 0.002954
112 0.002932
113 0.002924
114 0.002940
115 0.002915
116 0.002927
117 0.002904
118 0.002899
119 0.003002
120 0.003111
121 0.003106
122 0.003117
123 0.003090
124 0.003105
125 0.003080
126 0.003078
127 0.003086
128 0.003066
129 0.003086
130 0.003266
131 0.003262
132 0.003274
133 0.003249
134 0.003246
135 0.003256
136 0.003237
137 0.003249
138 0.003229
139 0.003223
140 0.003349
141 0.003386
142 0.003397
143 0.003376
144 0.003373
145 0.003387
146 0.003365
147 0.003460
148 0.003506
149 0.003489
150 0.003499
151 0.003481
152 0.003478
153 0.003493
154 0.003579
155 0.003613
156 0.003595
157 0.003592
158 0.003607
159 0.003589
160 0.003601
161 0.003696
162 0.003705
163 0.003719
164 0.003699
165 0.003697
166 0.003709
167 0.003691
168 0.003826
169 0.003806
170 0.003803
171 0.003821
172 0.003800
173 0.003816
174 0.003805
175 0.003913
176 0.003924
177 0.003907
178 0.003904
179 0.003920
180 0.003902
181 0.003936
182 0.004011
183 0.004009
184 0.004026
185 0.004010
186 0.004026
187 0.004009
188 0.004038
189 0.004137
190 0.004120
191 0.004121
192 0.004138
193 0.004122
194 0.004141
195 0.004159
196 0.004234
197 0.004249
198 0.004234
199 0.004252
200 0.004237
201 0.004237
202 0.004297
203 0.004342
204 0.004344
205 0.004361
206 0.004347
207 0.004364
208 0.004350
209 0.004401
210 0.004467
211 0.004453
212 0.004471
213 0.004454
214 0.004459
215 0.004474
216 0.004516
217 0.004575
218 0.004556
219 0.004556
220 0.004575
221 0.004557
222 0.004554
223 0.004638
224 0.004650
225 0.004665
226 0.004651
227 0.004648
228 0.004665
229 0.004650
230 0.004731
231 0.004740
232 0.004736
233 0.004752
234 0.004735
235 0.004731
236 0.004747
237 0.004799
238 0.004830
239 0.004807
240 0.004804
241 0.004819
242 0.004799
243 0.004812
244 0.004870
245 0.004870
246 0.004890
247 0.004864
248 0.004863
249 0.004878
250 0.004858
251 0.004952
252 0.004931
253 0.004932
254 0.004943
255 0.004923
256 0.004938
257 0.004922
258 0.004995
259 0.005008
260 0.004987
261 0.004986
262 0.005005
263 0.004984
264 0.005014
265 0.005059
266 0.005058
267 0.005077
268 0.005057
269 0.005079
270 0.005062
271 0.005081
272 0.005156
273 0.005139
274 0.005162
275 0.005149
276 0.005153
277 0.005176
278 0.005186
279 0.005241
280 0.005266
281 0.005256
282 0.005282
283 0.005275
284 0.005286
285 0.005342
286 0.005377
287 0.005407
288 0.005404
289 0.005419
290 0.005451
291 0.005452
292 0.005502
293 0.005568
294 0.005572
295 0.005605
296 0.005607
297 0.005626
298 0.005662
299 0.005702
300 0.005766
301 0.005769
302 0.005789
303 0.005827
304 0.005833
305 0.005861
306 0.005925
307 0.005958
308 0.005990
309 0.006012
310 0.006035
311 0.006059
312 0.006072
313 0.006149
314 0.006190
315 0.006213
316 0.006229
317 0.006260
318 0.006275
319 0.006287
320 0.006341
321 0.006348
322 0.006360
323 0.006364
324 0.006367
325 0.006362
326 0.006372
327 0.006424
328 0.006430
329 0.006426
330 0.006437
331 0.006439
