0 0.361343
1 0.000001
2 0.000301
3 0.000301
4 0.000301
5 0.000301
6 0.000301
7 0.000302
8 0.000347
9 0.000859
10 0.000858
11 0.000858
12 0.000859
13 0.000858
14 0.000858
15 0.000944
16 0.001374
17 0.001374
18 0.001372
19 0.001372
20 0.001372
21 0.001371
22 0.001488
23 0.001843
24 0.001842
25 0.001841
26 0.001840
27 0.001838
28 0.001836
29 0.001978
30 0.002263
31 0.002261
32 0.002260
33 0.002258
34 0.002255
35 0.002252
36 0.002412
37 0.002634
38 0.002631
39 0.002628
40 0.002624
41 0.002622
42 0.002618
43 0.002787
44 0.002953
45 0.002949
46 0.002945
47 0.002941
48 0.002937
49 0.002933
50 0.003103
51 0.003223
52 0.003217
53 0.003212
54 0.003207
55 0.003203
56 0.003197
57 0.003368
58 0.003451
59 0.003444
60 0.003439
61 0.003432
62 0.003427
63 0.003421
64 0.003576
65 0.003623
66 0.003617
67 0.003611
68 0.003604
69 0.003599
70 0.003592
71 0.003736
72 0.003759
73 0.003752
74 0.003746
75 0.003739
76 0.003733
77 0.003726
78 0.003842
79 0.003847
80 0.003840
81 0.003832
82 0.003827
83 0.003820
84 0.003814
85 0.003906
86 0.003899
87 0.003892
88 0.003885
89 0.003878
90 0.003871
91 0.003869
92 0.003917
93 0.003909
94 0.003902
95 0.003895
96 0.003887
97 0.003880
98 0.003877
99 0.003889
100 0.003882
101 0.003874
102 0.003866
103 0.003859
104 0.003852
105 0.003841
106 0.003825
107 0.003817
108 0.003809
109 0.003801
110 0.003793
111 0.003786
112 0.003763
113 0.003725
114 0.003718
115 0.003710
116 0.003703
117 0.003697
118 0.003690
119 0.003650
120 0.003597
121 0.003591
122 0.003585
123 0.003579
124 0.003573
125 0.003567
126 0.003505
127 0.003443
128 0.003438
129 0.003432
130 0.003427
131 0.003422
132 0.003417
133 0.003328
134 0.003264
135 0.003259
136 0.003255
137 0.003250
138 0.003245
139 0.003241
140 0.003122
141 0.003061
142 0.003056
143 0.003052
144 0.003048
145 0.003044
146 0.003041
147 0.002887
148 0.002834
149 0.002830
150 0.002827
151 0.002824
152 0.002820
153 0.002817
154 0.002626
155 0.002586
156 0.002583
157 0.002580
158 0.002578
159 0.002574
160 0.002572
161 0.002342
162 0.002319
163 0.002317
164 0.002315
165 0.002313
166 0.002310
167 0.002308
168 0.002039
169 0.002038
170 0.002037
171 0.002035
172 0.002033
173 0.002032
174 0.002007
175 0.001754
176 0.001752
177 0.001751
178 0.001750
179 0.001750
180 0.001748
181 0.001700
182 0.001478
183 0.001478
184 0.001477
185 0.001477
186 0.001476
187 0.001476
188 0.001411
189 0.001246
190 0.001246
191 0.001247
192 0.001247
193 0.001247
194 0.001247
195 0.001148
196 0.001080
197 0.001080
198 0.001081
199 0.001081
200 0.001082
201 0.001082
202 0.001125
203 0.001184
204 0.001184
205 0.001184
206 0.001186
207 0.001186
208 0.001186
209 0.001248
210 0.001310
211 0.001311
212 0.001312
213 0.001312
214 0.001313
215 0.001314
216 0.001384
217 0.001435
218 0.001436
219 0.001437
220 0.001438
221 0.001439
222 0.001440
223 0.001518
224 0.001558
225 0.001559
226 0.001561
227 0.001562
228 0.001563
229 0.001565
230 0.001651
231 0.001681
232 0.001682
233 0.001684
234 0.001685
235 0.001687
236 0.001689
237 0.001782
238 0.001802
239 0.001804
240 0.001805
241 0.001806
242 0.001807
243 0.001807
244 0.001905
245 0.001914
246 0.001914
247 0.001913
248 0.001912
249 0.001911
250 0.001910
251 0.002011
252 0.002011
253 0.002009
254 0.002009
255 0.002008
256 0.002007
257 0.002015
258 0.002103
259 0.002102
260 0.002102
261 0.002101
262 0.002101
263 0.002100
264 0.002115
265 0.002193
266 0.002192
267 0.002191
268 0.002191
269 0.002191
270 0.002190
271 0.002212
272 0.002279
273 0.002278
274 0.002278
275 0.002277
276 0.002276
277 0.002276
278 0.002304
279 0.002361
280 0.002360
281 0.002360
282 0.002360
283 0.002360
284 0.002360
285 0.002394
286 0.002441
287 0.002441
288 0.002441
289 0.002441
290 0.002441
291 0.002441
292 0.002481
293 0.002520
294 0.002520
295 0.002520
296 0.002520
297 0.002521
298 0.002521
299 0.002565
300 0.002597
301 0.002598
302 0.002598
303 0.002599
304 0.002599
305 0.002600
306 0.002650
307 0.002677
308 0.002680
309 0.002683
310 0.002686
311 0.002689
312 0.002692
313 0.002746
314 0.002767
315 0.002770
316 0.002774
317 0.002778
318 0.002782
319 0.002787
320 0.002845
321 0.002861
322 0.002866
323 0.002871
324 0.002876
325 0.002883
326 0.002889
327 0.002949
328 0.002961
329 0.002968
330 0.002976
331 0.002984
