0 0.360981
1 0.000001
2 0.000059
3 0.000059
4 0.000059
5 0.000059
6 0.000059
7 0.000052
8 0.000047
9 0.000047
10 0.000047
11 0.000047
12 0.000047
13 0.000050
14 0.000051
15 0.000050
16 0.000050
17 0.000051
18 0.000049
19 0.000073
20 0.000073
21 0.000073
22 0.000073
23 0.000073
24 0.000099
25 0.000103
26 0.000103
27 0.000103
28 0.000103
29 0.000097
30 0.000108
31 0.000108
32 0.000108
33 0.000108
34 0.000108
35 0.000118
36 0.000122
37 0.000122
38 0.000122
39 0.000121
40 0.000126
41 0.000141
42 0.000141
43 0.000140
44 0.000141
45 0.000140
46 0.000151
47 0.000155
48 0.000155
49 0.000155
50 0.000155
51 0.000158
52 0.000173
53 0.000173
54 0.000173
55 0.000173
56 0.000172
57 0.000183
58 0.000189
59 0.000189
60 0.000188
61 0.000188
62 0.000190
63 0.000207
64 0.000207
65 0.000206
66 0.000206
67 0.000206
68 0.000216
69 0.000223
70 0.000223
71 0.000222
72 0.000222
73 0.000223
74 0.000242
75 0.000242
76 0.000242
77 0.000241
78 0.000241
79 0.000252
80 0.000263
81 0.000263
82 0.000263
83 0.000262
84 0.000262
85 0.000286
86 0.000286
87 0.000285
88 0.000285
89 0.000284
90 0.000298
91 0.000314
92 0.000313
93 0.000313
94 0.000312
95 0.000312
96 0.000336
97 0.000338
98 0.000337
99 0.000337
100 0.000336
101 0.000350
102 0.000372
103 0.000372
104 0.000372
105 0.000371
106 0.000371
107 0.000395
108 0.000398
109 0.000398
110 0.000397
111 0.000397
112 0.000411
113 0.000442
114 0.000441
115 0.000441
116 0.000440
117 0.000439
118 0.000464
119 0.000470
120 0.000469
121 0.000469
122 0.000468
123 0.000485
124 0.000533
125 0.000532
126 0.000531
127 0.000531
128 0.000531
129 0.000555
130 0.000564
131 0.000564
132 0.000563
133 0.000563
134 0.000570
135 0.000599
136 0.000599
137 0.000599
138 0.000598
139 0.000598
140 0.000680
141 0.000724
142 0.000724
143 0.000724
144 0.000724
145 0.000728
146 0.000760
147 0.000760
148 0.000760
149 0.000760
150 0.000760
151 0.000784
152 0.000799
153 0.000800
154 0.000800
155 0.000801
156 0.000804
157 0.000843
158 0.000843
159 0.000844
160 0.000844
161 0.000845
162 0.000863
163 0.000879
164 0.000880
165 0.000881
166 0.000881
167 0.000882
168 0.000906
169 0.000906
170 0.000907
171 0.000908
172 0.000909
173 0.000920
174 0.000933
175 0.000934
176 0.000935
177 0.000936
178 0.000937
179 0.000958
180 0.000961
181 0.000962
182 0.000963
183 0.000964
184 0.000974
185 0.000988
186 0.000990
187 0.000991
188 0.000992
189 0.000994
190 0.001033
191 0.001040
192 0.001042
193 0.001043
194 0.001044
195 0.001053
196 0.001068
197 0.001070
198 0.001071
199 0.001072
200 0.001073
201 0.001090
202 0.001095
203 0.001096
204 0.001097
205 0.001097
206 0.001103
207 0.001117
208 0.001117
209 0.001116
210 0.001115
211 0.001114
212 0.001127
213 0.001131
214 0.001130
215 0.001129
216 0.001128
217 0.001131
218 0.001145
219 0.001143
220 0.001142
221 0.001141
222 0.001140
223 0.001149
224 0.001154
225 0.001153
226 0.001152
227 0.001150
228 0.001151
229 0.001164
230 0.001163
231 0.001162
232 0.001161
233 0.001159
234 0.001168
235 0.001173
236 0.001172
237 0.001171
238 0.001170
239 0.001170
240 0.001183
241 0.001183
242 0.001182
243 0.001181
244 0.001180
245 0.001187
246 0.001194
247 0.001193
248 0.001193
249 0.001193
250 0.001192
251 0.001207
252 0.001206
253 0.001206
254 0.001206
255 0.001206
256 0.001212
257 0.001220
258 0.001220
259 0.001220
260 0.001220
261 0.001221
262 0.001232
263 0.001234
264 0.001234
265 0.001234
266 0.001235
267 0.001240
268 0.001248
269 0.001249
270 0.001250
271 0.001250
272 0.001251
273 0.001262
274 0.001265
275 0.001266
276 0.001267
277 0.001268
278 0.001273
279 0.001281
280 0.001282
281 0.001284
282 0.001285
283 0.001286
284 0.001296
285 0.001299
286 0.001301
287 0.001303
288 0.001305
289 0.001309
290 0.001318
291 0.001320
292 0.001322
293 0.001324
294 0.001326
295 0.001335
296 0.001339
297 0.001342
298 0.001344
299 0.001347
300 0.001351
301 0.001361
302 0.001363
303 0.001366
304 0.001369
305 0.001371
306 0.001380
307 0.001385
308 0.001388
309 0.001391
310 0.001394
311 0.001398
312 0.001407
313 0.001409
314 0.001413
315 0.001415
316 0.001418
317 0.001425
318 0.001430
319 0.001433
320 0.001435
321 0.001438
322 0.001441
323 0.001449
324 0.001452
325 0.001455
326 0.001458
327 0.001460
328 0.001466
329 0.001471
330 0.001474
331 0.001477
