0 0.361342
1 0.000001
2 0.000083
3 0.000083
4 0.000083
5 0.000084
6 0.000083
7 0.000083
8 0.000083
9 0.000084
10 0.000083
11 0.000083
12 0.000083
13 0.000083
14 0.000084
15 0.000083
16 0.000083
17 0.000084
18 0.000083
19 0.000083
20 0.000083
21 0.000083
22 0.000083
23 0.000083
24 0.000084
25 0.000083
26 0.000083
27 0.000083
28 0.000083
29 0.000144
30 0.000270
31 0.000269
32 0.000269
33 0.000269
34 0.000269
35 0.000269
36 0.000321
37 0.000395
38 0.000394
39 0.000395
40 0.000394
41 0.000394
42 0.000394
43 0.000449
44 0.000504
45 0.000504
46 0.000508
47 0.000585
48 0.000585
49 0.000585
50 0.000636
51 0.000672
52 0.000672
53 0.000684
54 0.000765
55 0.000765
56 0.000764
57 0.000832
58 0.000865
59 0.000864
60 0.000886
61 0.000969
62 0.000969
63 0.000968
64 0.001052
65 0.001080
66 0.001079
67 0.001113
68 0.001196
69 0.001195
70 0.001195
71 0.001298
72 0.001318
73 0.001317
74 0.001365
75 0.001446
76 0.001444
77 0.001444
78 0.001568
79 0.001579
80 0.001578
81 0.001642
82 0.001718
83 0.001717
84 0.001717
85 0.001865
86 0.001864
87 0.001863
88 0.001947
89 0.002017
90 0.002017
91 0.002030
92 0.002177
93 0.002177
94 0.002178
95 0.002283
96 0.002346
97 0.002347
98 0.002376
99 0.002523
100 0.002524
101 0.002525
102 0.002692
103 0.002762
104 0.002765
105 0.002837
106 0.003053
107 0.003055
108 0.003058
109 0.003281
110 0.003341
111 0.003345
112 0.003438
113 0.003622
114 0.003626
115 0.003631
116 0.003864
117 0.003902
118 0.003908
119 0.004019
120 0.004174
121 0.004180
122 0.004184
123 0.004423
124 0.004432
125 0.004428
126 0.004544
127 0.004659
128 0.004656
129 0.004663
130 0.004877
131 0.004876
132 0.004873
133 0.004999
134 0.005088
135 0.005086
136 0.005111
137 0.005292
138 0.005290
139 0.005288
140 0.005420
141 0.005485
142 0.005484
143 0.005523
144 0.005674
145 0.005674
146 0.005673
147 0.005810
148 0.005856
149 0.005857
150 0.005909
151 0.006034
152 0.006037
153 0.006042
154 0.006189
155 0.006226
156 0.006236
157 0.006305
158 0.006415
159 0.006428
160 0.006442
161 0.006595
162 0.006626
163 0.006646
164 0.006735
165 0.006837
166 0.006865
167 0.006895
168 0.007063
169 0.007096
170 0.007129
171 0.007230
172 0.007320
173 0.007351
174 0.007391
175 0.007532
176 0.007562
177 0.007591
178 0.007690
179 0.007760
180 0.007789
181 0.007833
182 0.007947
183 0.007973
184 0.008000
185 0.008096
186 0.008152
187 0.008180
188 0.008229
189 0.008323
190 0.008352
191 0.008378
192 0.008465
193 0.008508
194 0.008534
195 0.008582
196 0.008652
197 0.008677
198 0.008701
199 0.008775
200 0.008806
201 0.008830
202 0.008872
203 0.008923
204 0.008936
205 0.008938
206 0.008971
207 0.008965
208 0.008953
209 0.008955
210 0.008957
211 0.008946
212 0.008936
213 0.008942
214 0.008931
215 0.008922
216 0.008916
217 0.008910
218 0.008901
219 0.008892
220 0.008880
221 0.008874
222 0.008870
223 0.008859
224 0.008855
225 0.008858
226 0.008856
227 0.008839
228 0.008843
229 0.008848
230 0.008829
231 0.008832
232 0.008848
233 0.008854
234 0.008843
235 0.008866
236 0.008888
237 0.008862
238 0.008874
239 0.008895
240 0.008889
241 0.008866
242 0.008883
243 0.008897
244 0.008837
245 0.008820
246 0.008769
247 0.008638
248 0.008502
249 0.008417
250 0.008336
251 0.008157
252 0.008071
253 0.007992
254 0.007863
255 0.007745
256 0.007675
257 0.007599
258 0.007436
259 0.007378
260 0.007320
261 0.007192
262 0.007095
263 0.007042
264 0.006970
265 0.006820
266 0.006771
267 0.006723
268 0.006586
269 0.006505
270 0.006461
271 0.006386
272 0.006248
273 0.006213
274 0.006181
275 0.006043
276 0.005989
277 0.005964
278 0.005893
279 0.005774
280 0.005754
281 0.005735
282 0.005585
283 0.005550
284 0.005535
285 0.005455
286 0.005349
287 0.005338
288 0.005327
289 0.005158
290 0.005144
291 0.005140
292 0.005052
293 0.004964
294 0.004963
295 0.004956
296 0.004784
297 0.004787
298 0.004789
299 0.004682
300 0.004607
301 0.004611
302 0.004591
303 0.004424
304 0.004430
305 0.004437
306 0.004306
307 0.004245
308 0.004251
309 0.004213
310 0.004049
311 0.004055
312 0.004063
313 0.003901
314 0.003852
315 0.003860
316 0.003800
317 0.003642
318 0.003651
319 0.003661
320 0.003465
321 0.003433
322 0.003441
323 0.003354
324 0.003201
325 0.003209
326 0.003215
327 0.002977
328 0.002961
329 0.002967
330 0.002846
331 0.002701
