0 0.361343
1 0.000001
2 0.002806
3 0.002787
4 0.002767
5 0.002746
6 0.002727
7 0.002708
8 0.002684
9 0.002605
10 0.002591
11 0.002554
12 0.002533
13 0.002607
14 0.002698
15 0.002676
16 0.002648
17 0.002633
18 0.005571
19 0.005984
20 0.005896
21 0.005816
22 0.005766
23 0.005742
24 0.005683
25 0.007024
26 0.007025
27 0.006953
28 0.006886
29 0.007175
30 0.007820
31 0.007732
32 0.007663
33 0.007586
34 0.008228
35 0.008417
36 0.008333
37 0.008254
38 0.008274
39 0.009001
40 0.008903
41 0.008755
42 0.008663
43 0.008975
44 0.009309
45 0.009186
46 0.009102
47 0.008979
48 0.009400
49 0.009329
50 0.009441
51 0.009453
52 0.009444
53 0.009559
54 0.009466
55 0.009666
56 0.009598
57 0.009700
58 0.009721
59 0.009708
60 0.009807
61 0.009702
62 0.009892
63 0.009775
64 0.009943
65 0.009922
66 0.009975
67 0.010030
68 0.010025
69 0.010174
70 0.010160
71 0.010319
72 0.010333
73 0.010443
74 0.010516
75 0.010563
76 0.010767
77 0.010778
78 0.011048
79 0.011117
80 0.011344
81 0.011561
82 0.011752
83 0.012090
84 0.012257
85 0.012668
86 0.012884
87 0.013208
88 0.013487
89 0.013746
90 0.014061
91 0.014262
92 0.014594
93 0.014772
94 0.015066
95 0.015263
96 0.015535
97 0.015844
98 0.015996
99 0.016240
100 0.016337
101 0.016594
102 0.016731
103 0.016907
104 0.017077
105 0.017220
106 0.017433
107 0.017545
108 0.017815
109 0.017991
110 0.018289
111 0.018610
112 0.018967
113 0.019422
114 0.019849
115 0.020442
116 0.020884
117 0.021388
118 0.021811
119 0.022169
120 0.022477
121 0.022628
122 0.022778
123 0.022632
124 0.022467
125 0.022158
126 0.021850
127 0.021476
128 0.021045
129 0.020667
130 0.020267
131 0.019960
132 0.019644
133 0.019367
134 0.019128
135 0.018912
136 0.018747
137 0.018589
138 0.018486
139 0.018376
140 0.018290
141 0.018219
142 0.018144
143 0.018102
144 0.018039
145 0.018010
146 0.017962
147 0.017939
148 0.017900
149 0.017875
150 0.017824
151 0.017779
152 0.017704
153 0.017621
154 0.017538
155 0.017453
156 0.017408
157 0.017353
158 0.017269
159 0.017143
160 0.017051
161 0.016922
162 0.016845
163 0.016730
164 0.016637
165 0.016556
166 0.016468
167 0.016459
168 0.016413
169 0.016489
170 0.016558
171 0.016692
172 0.016849
173 0.016997
174 0.017264
175 0.017528
176 0.017960
177 0.018323
178 0.018734
179 0.019079
180 0.019397
181 0.019816
182 0.020260
183 0.021031
184 0.021725
185 0.022478
186 0.023092
187 0.023654
188 0.024207
189 0.024575
190 0.025087
191 0.025226
192 0.025186
193 0.024683
194 0.024229
195 0.023850
196 0.023430
197 0.023229
198 0.022797
199 0.022673
200 0.022406
201 0.022276
202 0.022120
203 0.021906
204 0.021849
205 0.021555
206 0.021553
207 0.021294
208 0.021302
209 0.021251
210 0.021240
211 0.021306
212 0.021146
213 0.021266
214 0.020953
215 0.020986
216 0.020769
217 0.020538
218 0.020172
219 0.019472
220 0.018932
221 0.017929
222 0.017392
223 0.016690
224 0.016156
225 0.015651
226 0.015101
227 0.014763
228 0.014133
229 0.013898
230 0.013482
231 0.013299
232 0.013097
233 0.012941
234 0.012923
235 0.012672
236 0.012692
237 0.012262
238 0.012032
239 0.011712
240 0.011419
241 0.011232
242 0.010883
243 0.010799
244 0.010437
245 0.010334
246 0.010077
247 0.009884
248 0.009744
249 0.009509
250 0.009509
251 0.009232
252 0.009282
253 0.009148
254 0.009134
255 0.009109
256 0.009015
257 0.009086
258 0.008886
259 0.008981
260 0.008799
261 0.008808
262 0.008740
263 0.008660
264 0.008704
265 0.008520
266 0.008632
267 0.008416
268 0.008459
269 0.008343
270 0.008257
271 0.008191
272 0.007835
273 0.007902
274 0.007950
275 0.008004
276 0.007562
277 0.007325
278 0.007370
279 0.007422
280 0.007428
281 0.006690
282 0.006710
283 0.006729
284 0.006743
285 0.006424
286 0.005974
287 0.005975
288 0.005985
289 0.005995
290 0.005358
291 0.005209
292 0.005226
293 0.005224
294 0.005075
295 0.004434
296 0.004437
297 0.004443
298 0.004448
299 0.003871
300 0.003443
301 0.003446
302 0.003449
303 0.003453
304 0.003455
305 0.003459
306 0.002383
307 0.001832
308 0.001832
309 0.001835
310 0.001834
311 0.001837
312 0.001844
313 0.001837
314 0.001838
315 0.001840
316 0.001839
317 0.001551
318 0.000239
319 0.000232
320 0.000240
321 0.000239
322 0.000606
323 0.001045
324 0.001452
325 0.002891
326 0.002891
327 0.004501
328 0.004644
329 0.005652
330 0.006289
331 0.006757
