0 0.361342
1 0.000001
2 0.000343
3 0.000340
4 0.000328
5 0.000341
6 0.000343
7 0.000325
8 0.000343
9 0.000341
10 0.000323
11 0.000342
12 0.000343
13 0.000325
14 0.000341
15 0.000338
16 0.000340
17 0.000324
18 0.000342
19 0.000341
20 0.000322
21 0.000340
22 0.000340
23 0.000323
24 0.000341
25 0.000340
26 0.000324
27 0.000340
28 0.000338
29 0.000339
30 0.000325
31 0.000337
32 0.000342
33 0.000320
34 0.000339
35 0.000341
36 0.000323
37 0.000337
38 0.000341
39 0.000320
40 0.000339
41 0.000340
42 0.000337
43 0.000323
44 0.000340
45 0.000336
46 0.000321
47 0.000338
48 0.000336
49 0.000321
50 0.000339
51 0.000337
52 0.000319
53 0.000338
54 0.000336
55 0.000338
56 0.000320
57 0.000337
58 0.000338
59 0.000319
60 0.000336
61 0.000337
62 0.000319
63 0.000336
64 0.000338
65 0.000319
66 0.000336
67 0.000337
68 0.000336
69 0.000321
70 0.000339
71 0.000334
72 0.000317
73 0.000337
74 0.000337
75 0.000318
76 0.000335
77 0.000335
78 0.000337
79 0.000318
80 0.000335
81 0.000334
82 0.000320
83 0.000333
84 0.000335
85 0.000771
86 0.000785
87 0.000785
88 0.000769
89 0.000783
90 0.000786
91 0.000781
92 0.000766
93 0.000781
94 0.000783
95 0.000764
96 0.000782
97 0.000780
98 0.000761
99 0.000780
100 0.000780
101 0.000761
102 0.000778
103 0.000777
104 0.000779
105 0.000759
106 0.000775
107 0.000777
108 0.000761
109 0.000774
110 0.000775
111 0.000755
112 0.000775
113 0.000773
114 0.000757
115 0.000775
116 0.000770
117 0.000774
118 0.000753
119 0.000863
120 0.000989
121 0.000972
122 0.000988
123 0.000989
124 0.000969
125 0.000988
126 0.000985
127 0.000968
128 0.000987
129 0.000984
130 0.000985
131 0.000964
132 0.000982
133 0.000982
134 0.000965
135 0.000980
136 0.000980
137 0.000963
138 0.000978
139 0.000978
140 0.000961
141 0.000977
142 0.000975
143 0.000977
144 0.000957
145 0.000974
146 0.000974
147 0.001092
148 0.001159
149 0.001156
150 0.001138
151 0.001153
152 0.001153
153 0.001135
154 0.001151
155 0.001151
156 0.001149
157 0.001133
158 0.001148
159 0.001149
160 0.001128
161 0.001144
162 0.001146
163 0.001128
164 0.001144
165 0.001142
166 0.001125
167 0.001141
168 0.001141
169 0.001138
170 0.001122
171 0.001137
172 0.001138
173 0.001119
174 0.001149
175 0.001287
176 0.001268
177 0.001287
178 0.001283
179 0.001266
180 0.001282
181 0.001281
182 0.001281
183 0.001261
184 0.001278
185 0.001277
186 0.001259
187 0.001276
188 0.001273
189 0.001255
190 0.001272
191 0.001272
192 0.001269
193 0.001250
194 0.001269
195 0.001307
196 0.001375
197 0.001389
198 0.001390
199 0.001368
200 0.001386
201 0.001383
202 0.001369
203 0.001380
204 0.001381
205 0.001378
206 0.001361
207 0.001378
208 0.001375
209 0.001357
210 0.001374
211 0.001372
212 0.001354
213 0.001369
214 0.001371
215 0.001350
216 0.001435
217 0.001483
218 0.001481
219 0.001462
220 0.001480
221 0.001476
222 0.001460
223 0.001474
224 0.001475
225 0.001451
226 0.001472
227 0.001469
228 0.001451
229 0.001466
230 0.001465
231 0.001464
232 0.001445
233 0.001460
234 0.001459
235 0.001441
236 0.001458
237 0.001546
238 0.001550
239 0.001563
240 0.001564
241 0.001544
242 0.001559
243 0.001560
244 0.001555
245 0.001537
246 0.001555
247 0.001552
248 0.001534
249 0.001548
250 0.001550
251 0.001530
252 0.001545
253 0.001542
254 0.001526
255 0.001541
256 0.001539
257 0.001548
258 0.001626
259 0.001641
260 0.001642
261 0.001622
262 0.001638
263 0.001638
264 0.001617
265 0.001634
266 0.001634
267 0.001612
268 0.001630
269 0.001628
270 0.001629
271 0.001609
272 0.001627
273 0.001624
274 0.001609
275 0.001621
276 0.001623
277 0.001602
278 0.001647
279 0.001704
280 0.001686
281 0.001701
282 0.001699
283 0.001699
284 0.001681
285 0.001696
286 0.001696
287 0.001678
288 0.001696
289 0.001692
290 0.001676
291 0.001691
292 0.001724
293 0.001737
294 0.001754
295 0.001753
296 0.001756
297 0.001734
298 0.001751
299 0.001749
300 0.001735
301 0.001747
302 0.001749
303 0.001730
304 0.001747
305 0.001747
306 0.001788
307 0.001791
308 0.001806
309 0.001807
310 0.001789
311 0.001807
312 0.001805
313 0.001788
314 0.001802
315 0.001805
316 0.001787
317 0.001803
318 0.001802
319 0.001800
320 0.001835
321 0.001862
322 0.001862
323 0.001844
324 0.001860
325 0.001860
326 0.001842
327 0.001858
328 0.001858
329 0.001840
330 0.001854
331 0.001855
