0 0.361343
1 0.000001
2 0.001880
3 0.001854
4 0.001861
5 0.001854
6 0.001825
7 0.001837
8 0.001825
9 0.001804
10 0.001808
11 0.001803
12 0.001744
13 0.001742
14 0.001737
15 0.001707
16 0.001705
17 0.001695
18 0.001673
19 0.001775
20 0.001808
21 0.001782
22 0.001786
23 0.001774
24 0.001748
25 0.001762
26 0.003569
27 0.004004
28 0.003990
29 0.003951
30 0.003889
31 0.003879
32 0.003850
33 0.003835
34 0.003829
35 0.003802
36 0.004174
37 0.004737
38 0.004699
39 0.004645
40 0.004639
41 0.004606
42 0.004554
43 0.004904
44 0.005230
45 0.005173
46 0.005151
47 0.005124
48 0.005070
49 0.005054
50 0.005409
51 0.005628
52 0.005607
53 0.005568
54 0.005517
55 0.005498
56 0.005460
57 0.005815
58 0.005994
59 0.005949
60 0.005890
61 0.005814
62 0.005773
63 0.005749
64 0.006111
65 0.006206
66 0.006175
67 0.006110
68 0.006068
69 0.006038
70 0.005972
71 0.006264
72 0.006257
73 0.006205
74 0.006261
75 0.006342
76 0.006289
77 0.006250
78 0.006392
79 0.006357
80 0.006327
81 0.006362
82 0.006434
83 0.006409
84 0.006353
85 0.006521
86 0.006494
87 0.006431
88 0.006493
89 0.006553
90 0.006488
91 0.006458
92 0.006606
93 0.006544
94 0.006502
95 0.006612
96 0.006637
97 0.006599
98 0.006608
99 0.006703
100 0.006670
101 0.006663
102 0.006738
103 0.006765
104 0.006753
105 0.006794
106 0.006889
107 0.006878
108 0.006863
109 0.006992
110 0.006996
111 0.006991
112 0.007040
113 0.007160
114 0.007153
115 0.007166
116 0.007314
117 0.007375
118 0.007393
119 0.007491
120 0.007638
121 0.007673
122 0.007735
123 0.007939
124 0.008041
125 0.008104
126 0.008259
127 0.008417
128 0.008521
129 0.008597
130 0.008817
131 0.008905
132 0.009005
133 0.009157
134 0.009299
135 0.009391
136 0.009465
137 0.009655
138 0.009725
139 0.009814
140 0.009953
141 0.010064
142 0.010137
143 0.010220
144 0.010471
145 0.010516
146 0.010579
147 0.010704
148 0.010778
149 0.010823
150 0.010899
151 0.011029
152 0.011089
153 0.011111
154 0.011253
155 0.011312
156 0.011351
157 0.011444
158 0.011548
159 0.011588
160 0.011643
161 0.011787
162 0.011857
163 0.011939
164 0.012064
165 0.012232
166 0.012338
167 0.012476
168 0.012716
169 0.012879
170 0.013056
171 0.013311
172 0.013549
173 0.013741
174 0.013939
175 0.014201
176 0.014365
177 0.014525
178 0.014704
179 0.014842
180 0.014926
181 0.014992
182 0.015089
183 0.015068
184 0.014992
185 0.014944
186 0.014823
187 0.014681
188 0.014547
189 0.014420
190 0.014232
191 0.014040
192 0.013881
193 0.013699
194 0.013526
195 0.013366
196 0.013240
197 0.013100
198 0.012952
199 0.012857
200 0.012746
201 0.012628
202 0.012552
203 0.012476
204 0.012396
205 0.012336
206 0.012291
207 0.012237
208 0.012195
209 0.012152
210 0.012120
211 0.012091
212 0.012049
213 0.012032
214 0.012013
215 0.011981
216 0.011970
217 0.011943
218 0.011927
219 0.011917
220 0.011898
221 0.011883
222 0.011877
223 0.011854
224 0.011835
225 0.011824
226 0.011790
227 0.011757
228 0.011732
229 0.011692
230 0.011648
231 0.011622
232 0.011580
233 0.011560
234 0.011550
235 0.011514
236 0.011486
237 0.011419
238 0.011375
239 0.011335
240 0.011284
241 0.011227
242 0.011190
243 0.011165
244 0.011092
245 0.011056
246 0.011028
247 0.010981
248 0.010938
249 0.010924
250 0.010926
251 0.010884
252 0.010905
253 0.010943
254 0.010966
255 0.011005
256 0.011076
257 0.011157
258 0.011183
259 0.011276
260 0.011391
261 0.011488
262 0.011625
263 0.011806
264 0.011999
265 0.012131
266 0.012324
267 0.012508
268 0.012624
269 0.012765
270 0.012944
271 0.013119
272 0.013270
273 0.013581
274 0.013922
275 0.014205
276 0.014529
277 0.014877
278 0.015149
279 0.015367
280 0.015640
281 0.015916
282 0.016028
283 0.016253
284 0.016469
285 0.016631
286 0.016664
287 0.016689
288 0.016590
289 0.016270
290 0.016099
291 0.015966
292 0.015746
293 0.015559
294 0.015457
295 0.015373
296 0.015120
297 0.015066
298 0.015009
299 0.014879
300 0.014769
301 0.014748
302 0.014714
303 0.014520
304 0.014513
305 0.014495
306 0.014359
307 0.014275
308 0.014279
309 0.014223
310 0.014071
311 0.014088
312 0.014141
313 0.014020
314 0.014037
315 0.014094
316 0.014097
317 0.013979
318 0.014041
319 0.014083
320 0.013878
321 0.013862
322 0.013903
323 0.013818
324 0.013642
325 0.013607
326 0.013508
327 0.013127
328 0.012906
329 0.012681
330 0.012280
331 0.011881
