0 0.361342
1 0.000001
2 0.000125
3 0.000125
4 0.000125
5 0.000125
6 0.000125
7 0.000125
8 0.000125
9 0.000125
10 0.000125
11 0.000124
12 0.000125
13 0.000124
14 0.000125
15 0.000125
16 0.000125
17 0.000124
18 0.000124
19 0.000125
20 0.000279
21 0.000404
22 0.000404
23 0.000403
24 0.000403
25 0.000582
26 0.000592
27 0.000592
28 0.000591
29 0.000646
30 0.000756
31 0.000760
32 0.000877
33 0.000878
34 0.000972
35 0.001008
36 0.001066
37 0.001148
38 0.001164
39 0.001297
40 0.001295
41 0.001423
42 0.001453
43 0.001536
44 0.001619
45 0.001652
46 0.001794
47 0.001792
48 0.001957
49 0.001976
50 0.002088
51 0.002168
52 0.002223
53 0.002369
54 0.002367
55 0.002573
56 0.002577
57 0.002724
58 0.002797
59 0.002880
60 0.003027
61 0.003040
62 0.003268
63 0.003269
64 0.003458
65 0.003522
66 0.003640
67 0.003788
68 0.003840
69 0.004146
70 0.004151
71 0.004512
72 0.004589
73 0.004815
74 0.005019
75 0.005117
76 0.005441
77 0.005451
78 0.005823
79 0.005868
80 0.006114
81 0.006277
82 0.006399
83 0.006656
84 0.006648
85 0.006997
86 0.006990
87 0.007222
88 0.007321
89 0.007444
90 0.007641
91 0.007664
92 0.007948
93 0.007943
94 0.008174
95 0.008238
96 0.008372
97 0.008523
98 0.008568
99 0.008797
100 0.008799
101 0.009029
102 0.009073
103 0.009229
104 0.009362
105 0.009443
106 0.009647
107 0.009679
108 0.009929
109 0.009986
110 0.010176
111 0.010315
112 0.010453
113 0.010663
114 0.010743
115 0.011000
116 0.011070
117 0.011269
118 0.011386
119 0.011522
120 0.011684
121 0.011764
122 0.011963
123 0.012024
124 0.012204
125 0.012294
126 0.012423
127 0.012554
128 0.012635
129 0.012788
130 0.012847
131 0.012994
132 0.013061
133 0.013166
134 0.013255
135 0.013327
136 0.013426
137 0.013435
138 0.013481
139 0.013458
140 0.013459
141 0.013448
142 0.013433
143 0.013426
144 0.013405
145 0.013392
146 0.013373
147 0.013350
148 0.013335
149 0.013320
150 0.013312
151 0.013314
152 0.013289
153 0.013300
154 0.013274
155 0.013299
156 0.013308
157 0.013326
158 0.013357
159 0.013338
160 0.013385
161 0.013335
162 0.013363
163 0.013319
164 0.013229
165 0.013003
166 0.012714
167 0.012529
168 0.012195
169 0.012011
170 0.011739
171 0.011535
172 0.011320
173 0.011087
174 0.010943
175 0.010662
176 0.010543
177 0.010288
178 0.010137
179 0.009941
180 0.009740
181 0.009611
182 0.009360
183 0.009287
184 0.009045
185 0.008960
186 0.008787
187 0.008644
188 0.008545
189 0.008337
190 0.008303
191 0.008049
192 0.008009
193 0.007827
194 0.007723
195 0.007631
196 0.007455
197 0.007448
198 0.007187
199 0.007193
200 0.006995
201 0.006925
202 0.006813
203 0.006653
204 0.006634
205 0.006374
206 0.006389
207 0.006143
208 0.006095
209 0.005942
210 0.005790
211 0.005741
212 0.005475
213 0.005497
214 0.005188
215 0.005167
216 0.004961
217 0.004817
218 0.004721
219 0.004445
220 0.004459
221 0.004066
222 0.004065
223 0.003788
224 0.003653
225 0.003500
226 0.003221
227 0.003202
228 0.002771
229 0.002776
230 0.002423
231 0.002307
232 0.002092
233 0.001821
234 0.001753
235 0.001320
236 0.001321
237 0.000890
238 0.000804
239 0.000383
240 0.000054
241 0.000054
242 0.000054
243 0.000054
244 0.000054
245 0.000054
246 0.000054
247 0.000054
248 0.000103
249 0.000280
250 0.000280
251 0.000354
252 0.000354
253 0.000404
254 0.000427
255 0.000454
256 0.000498
257 0.000553
258 0.002122
259 0.002127
260 0.002149
261 0.002157
262 0.002173
263 0.002189
264 0.002285
265 0.002748
266 0.002754
267 0.002780
268 0.002790
269 0.003037
270 0.003238
271 0.003253
272 0.003279
273 0.003290
274 0.003701
275 0.003739
276 0.003765
277 0.003789
278 0.003942
279 0.004237
280 0.004257
281 0.004299
282 0.004320
283 0.004637
284 0.004778
285 0.004814
286 0.004854
287 0.004927
288 0.005322
289 0.005358
290 0.005415
291 0.005460
292 0.005664
293 0.005874
294 0.005978
295 0.006216
296 0.006289
297 0.006559
298 0.006659
299 0.006836
300 0.006970
301 0.007070
302 0.007259
303 0.007287
304 0.007515
305 0.007538
306 0.007682
307 0.007752
308 0.007826
309 0.007959
310 0.007977
311 0.008170
312 0.008184
313 0.008343
314 0.008408
315 0.008498
316 0.008588
317 0.008581
318 0.008696
319 0.008654
320 0.008751
321 0.008730
322 0.008763
323 0.008781
324 0.008748
325 0.008797
326 0.008714
327 0.008760
328 0.008670
329 0.008643
330 0.008569
331 0.008469
