0 0.361342
1 0.000001
2 0.000343
3 0.000333
4 0.000344
5 0.000334
6 0.000344
7 0.000332
8 0.000344
9 0.000333
10 0.000344
11 0.000333
12 0.000344
13 0.000332
14 0.000344
15 0.000331
16 0.000344
17 0.000334
18 0.000343
19 0.000332
20 0.000342
21 0.000334
22 0.000342
23 0.000332
24 0.000343
25 0.000334
26 0.000344
27 0.000342
28 0.000333
29 0.000343
30 0.000333
31 0.000345
32 0.000333
33 0.000342
34 0.000333
35 0.000344
36 0.000333
37 0.000344
38 0.000333
39 0.000344
40 0.000333
41 0.000344
42 0.000333
43 0.000344
44 0.000334
45 0.000346
46 0.000333
47 0.000346
48 0.000334
49 0.000346
50 0.000335
51 0.000345
52 0.000334
53 0.000344
54 0.000334
55 0.000346
56 0.000333
57 0.000346
58 0.000334
59 0.000346
60 0.000334
61 0.000346
62 0.000334
63 0.000344
64 0.000336
65 0.000346
66 0.000345
67 0.000335
68 0.000346
69 0.000335
70 0.000346
71 0.000335
72 0.000346
73 0.000334
74 0.000347
75 0.000336
76 0.000346
77 0.000335
78 0.000764
79 0.000811
80 0.000801
81 0.000800
82 0.000801
83 0.000801
84 0.000810
85 0.000802
86 0.000800
87 0.000801
88 0.000810
89 0.000801
90 0.000801
91 0.000798
92 0.000802
93 0.000811
94 0.000800
95 0.000799
96 0.000800
97 0.000811
98 0.000799
99 0.000801
100 0.000801
101 0.000799
102 0.000811
103 0.000800
104 0.000800
105 0.000798
106 0.000811
107 0.000799
108 0.000799
109 0.000799
110 0.000800
111 0.000810
112 0.000879
113 0.001049
114 0.001040
115 0.001049
116 0.001039
117 0.001049
118 0.001049
119 0.001038
120 0.001049
121 0.001039
122 0.001048
123 0.001048
124 0.001038
125 0.001048
126 0.001037
127 0.001047
128 0.001049
129 0.001037
130 0.001047
131 0.001036
132 0.001047
133 0.001047
134 0.001037
135 0.001045
136 0.001037
137 0.001046
138 0.001046
139 0.001036
140 0.001164
141 0.001226
142 0.001223
143 0.001225
144 0.001213
145 0.001223
146 0.001223
147 0.001224
148 0.001221
149 0.001224
150 0.001221
151 0.001223
152 0.001212
153 0.001221
154 0.001223
155 0.001225
156 0.001223
157 0.001224
158 0.001223
159 0.001223
160 0.001214
161 0.001367
162 0.001370
163 0.001369
164 0.001369
165 0.001368
166 0.001369
167 0.001368
168 0.001368
169 0.001367
170 0.001367
171 0.001377
172 0.001367
173 0.001366
174 0.001365
175 0.001366
176 0.001365
177 0.001365
178 0.001365
179 0.001364
180 0.001373
181 0.001387
182 0.001506
183 0.001506
184 0.001514
185 0.001503
186 0.001504
187 0.001513
188 0.001502
189 0.001503
190 0.001512
191 0.001501
192 0.001501
193 0.001511
194 0.001499
195 0.001500
196 0.001509
197 0.001499
198 0.001498
199 0.001508
200 0.001496
201 0.001498
202 0.001555
203 0.001610
204 0.001621
205 0.001609
206 0.001619
207 0.001608
208 0.001618
209 0.001607
210 0.001617
211 0.001606
212 0.001616
213 0.001605
214 0.001615
215 0.001613
216 0.001656
217 0.001701
218 0.001692
219 0.001700
220 0.001688
221 0.001700
222 0.001689
223 0.001699
224 0.001699
225 0.001688
226 0.001698
227 0.001697
228 0.001696
229 0.001685
230 0.001759
231 0.001780
232 0.001780
233 0.001768
234 0.001777
235 0.001777
236 0.001776
237 0.001764
238 0.001777
239 0.001774
240 0.001773
241 0.001763
242 0.001772
243 0.001770
244 0.001845
245 0.001851
246 0.001839
247 0.001842
248 0.001841
249 0.001836
250 0.001832
251 0.001831
252 0.001826
253 0.001822
254 0.001817
255 0.001815
256 0.001810
257 0.001802
258 0.001882
259 0.001877
260 0.001883
261 0.001866
262 0.001862
263 0.001857
264 0.001852
265 0.001848
266 0.001842
267 0.001837
268 0.001830
269 0.001825
270 0.001820
271 0.001832
272 0.001883
273 0.001877
274 0.001871
275 0.001863
276 0.001867
277 0.001849
278 0.001843
279 0.001835
280 0.001828
281 0.001820
282 0.001822
283 0.001805
284 0.001796
285 0.001816
286 0.001849
287 0.001849
288 0.001830
289 0.001819
290 0.001809
291 0.001810
292 0.001789
293 0.001778
294 0.001768
295 0.001766
296 0.001748
297 0.001739
298 0.001739
299 0.001758
300 0.001776
301 0.001775
302 0.001758
303 0.001748
304 0.001749
305 0.001730
306 0.001731
307 0.001711
308 0.001703
309 0.001703
310 0.001682
311 0.001673
312 0.001672
313 0.001694
314 0.001707
315 0.001686
316 0.001683
317 0.001661
318 0.001660
319 0.001638
320 0.001636
321 0.001615
322 0.001616
323 0.001598
324 0.001601
325 0.001584
326 0.001588
327 0.001619
328 0.001628
329 0.001623
330 0.001608
331 0.001615
