0 0.361343
1 0.000001
2 0.000805
3 0.000800
4 0.000802
5 0.000800
6 0.000799
7 0.000800
8 0.000795
9 0.000797
10 0.000792
11 0.000796
12 0.000791
13 0.000791
14 0.000792
15 0.000790
16 0.000788
17 0.000786
18 0.000786
19 0.000785
20 0.000783
21 0.000787
22 0.000780
23 0.000782
24 0.000780
25 0.000778
26 0.000778
27 0.000779
28 0.000775
29 0.000775
30 0.000774
31 0.000774
32 0.000772
33 0.000771
34 0.000770
35 0.000771
36 0.000768
37 0.000767
38 0.000769
39 0.000765
40 0.000764
41 0.000766
42 0.000763
43 0.001277
44 0.001788
45 0.001787
46 0.001777
47 0.001775
48 0.001771
49 0.001766
50 0.001759
51 0.001759
52 0.001750
53 0.001749
54 0.001744
55 0.001740
56 0.001736
57 0.001732
58 0.001727
59 0.001724
60 0.001822
61 0.002204
62 0.002200
63 0.002193
64 0.002187
65 0.002180
66 0.002175
67 0.002169
68 0.002165
69 0.002158
70 0.002152
71 0.002147
72 0.002141
73 0.002137
74 0.002281
75 0.002530
76 0.002522
77 0.002512
78 0.002508
79 0.002500
80 0.002494
81 0.002488
82 0.002480
83 0.002474
84 0.002468
85 0.002462
86 0.002454
87 0.002450
88 0.002622
89 0.002765
90 0.002759
91 0.002750
92 0.002743
93 0.002736
94 0.002728
95 0.002723
96 0.002716
97 0.002709
98 0.002748
99 0.002962
100 0.002954
101 0.002948
102 0.002940
103 0.002932
104 0.002925
105 0.002920
106 0.002913
107 0.002907
108 0.002900
109 0.003091
110 0.003138
111 0.003131
112 0.003122
113 0.003116
114 0.003110
115 0.003108
116 0.003105
117 0.003103
118 0.003101
119 0.003201
120 0.003336
121 0.003336
122 0.003331
123 0.003331
124 0.003328
125 0.003324
126 0.003322
127 0.003321
128 0.003316
129 0.003325
130 0.003544
131 0.003539
132 0.003539
133 0.003535
134 0.003533
135 0.003529
136 0.003528
137 0.003523
138 0.003520
139 0.003520
140 0.003640
141 0.003698
142 0.003695
143 0.003693
144 0.003690
145 0.003688
146 0.003684
147 0.003789
148 0.003821
149 0.003822
150 0.003815
151 0.003812
152 0.003805
153 0.003793
154 0.003896
155 0.003909
156 0.003896
157 0.003884
158 0.003873
159 0.003863
160 0.003851
161 0.003962
162 0.003963
163 0.003950
164 0.003940
165 0.003931
166 0.003911
167 0.003880
168 0.003972
169 0.003933
170 0.003896
171 0.003862
172 0.003827
173 0.003791
174 0.003765
175 0.003836
176 0.003797
177 0.003761
178 0.003723
179 0.003686
180 0.003652
181 0.003637
182 0.003692
183 0.003662
184 0.003629
185 0.003599
186 0.003570
187 0.003542
188 0.003538
189 0.003582
190 0.003554
191 0.003529
192 0.003500
193 0.003477
194 0.003450
195 0.003456
196 0.003490
197 0.003465
198 0.003444
199 0.003418
200 0.003397
201 0.003375
202 0.003388
203 0.003413
204 0.003393
205 0.003371
206 0.003352
207 0.003333
208 0.003313
209 0.003332
210 0.003352
211 0.003333
212 0.003316
213 0.003298
214 0.003281
215 0.003266
216 0.003290
217 0.003304
218 0.003287
219 0.003273
220 0.003257
221 0.003244
222 0.003231
223 0.003263
224 0.003272
225 0.003260
226 0.003248
227 0.003237
228 0.003226
229 0.003216
230 0.003251
231 0.003258
232 0.003249
233 0.003237
234 0.003229
235 0.003220
236 0.003211
237 0.003253
238 0.003255
239 0.003248
240 0.003241
241 0.003234
242 0.003229
243 0.003222
244 0.003269
245 0.003270
246 0.003267
247 0.003264
248 0.003261
249 0.003261
250 0.003262
251 0.003320
252 0.003325
253 0.003335
254 0.003344
255 0.003358
256 0.003374
257 0.003398
258 0.003484
259 0.003525
260 0.003569
261 0.003614
262 0.003658
263 0.003699
264 0.003747
265 0.003834
266 0.003872
267 0.003906
268 0.003942
269 0.003975
270 0.004010
271 0.004062
272 0.004156
273 0.004210
274 0.004259
275 0.004304
276 0.004350
277 0.004391
278 0.004453
279 0.004532
280 0.004570
281 0.004605
282 0.004640
283 0.004674
284 0.004704
285 0.004761
286 0.004823
287 0.004850
288 0.004879
289 0.004903
290 0.004925
291 0.004948
292 0.005001
293 0.005047
294 0.005051
295 0.005052
296 0.005053
297 0.005054
298 0.005055
299 0.005093
300 0.005116
301 0.005118
302 0.005122
303 0.005123
304 0.005125
305 0.005135
306 0.005167
307 0.005188
308 0.005190
309 0.005192
310 0.005195
311 0.005196
312 0.005199
313 0.005239
314 0.005254
315 0.005255
316 0.005258
317 0.005260
318 0.005261
319 0.005263
320 0.005305
321 0.005314
322 0.005317
323 0.005318
324 0.005320
325 0.005322
326 0.005322
327 0.005365
328 0.005371
329 0.005372
330 0.005373
331 0.005373
