0 0.361343
1 0.000001
2 0.001026
3 0.001022
4 0.001021
5 0.001017
6 0.001016
7 0.001014
8 0.001011
9 0.001011
10 0.001007
11 0.001005
12 0.001005
13 0.001002
14 0.001000
15 0.000996
16 0.000998
17 0.000993
18 0.000992
19 0.000993
20 0.000998
21 0.000986
22 0.000987
23 0.000983
24 0.000982
25 0.000982
26 0.000979
27 0.000979
28 0.000975
29 0.000973
30 0.000974
31 0.000971
32 0.000968
33 0.000969
34 0.000965
35 0.000965
36 0.000961
37 0.000961
38 0.000961
39 0.000960
40 0.002177
41 0.002223
42 0.002215
43 0.002205
44 0.002198
45 0.002190
46 0.002180
47 0.002174
48 0.002167
49 0.002159
50 0.002159
51 0.002145
52 0.002136
53 0.002130
54 0.002124
55 0.002115
56 0.002112
57 0.002533
58 0.002737
59 0.002727
60 0.002717
61 0.002706
62 0.002694
63 0.002683
64 0.002674
65 0.002667
66 0.002653
67 0.002661
68 0.002682
69 0.002662
70 0.002665
71 0.003031
72 0.003094
73 0.003073
74 0.003072
75 0.003058
76 0.003038
77 0.003036
78 0.003027
79 0.003015
80 0.002994
81 0.003162
82 0.003347
83 0.003336
84 0.003314
85 0.003310
86 0.003300
87 0.003279
88 0.003275
89 0.003263
90 0.003255
91 0.003260
92 0.003571
93 0.003556
94 0.003545
95 0.003539
96 0.003538
97 0.003529
98 0.003519
99 0.003509
100 0.003503
101 0.003496
102 0.003680
103 0.003752
104 0.003746
105 0.003738
106 0.003729
107 0.003722
108 0.003715
109 0.003871
110 0.003906
111 0.003899
112 0.003892
113 0.003884
114 0.003886
115 0.003871
116 0.004045
117 0.004082
118 0.004065
119 0.004060
120 0.004055
121 0.004048
122 0.004042
123 0.004218
124 0.004221
125 0.004213
126 0.004207
127 0.004200
128 0.004191
129 0.004186
130 0.004350
131 0.004331
132 0.004319
133 0.004312
134 0.004291
135 0.004276
136 0.004285
137 0.004443
138 0.004429
139 0.004413
140 0.004387
141 0.004341
142 0.004291
143 0.004278
144 0.004360
145 0.004311
146 0.004264
147 0.004216
148 0.004165
149 0.004121
150 0.004116
151 0.004176
152 0.004133
153 0.004093
154 0.004061
155 0.004037
156 0.004002
157 0.004018
158 0.004059
159 0.004037
160 0.004005
161 0.003973
162 0.003936
163 0.003918
164 0.003947
165 0.003987
166 0.003960
167 0.003925
168 0.003910
169 0.003886
170 0.003862
171 0.003906
172 0.003937
173 0.003924
174 0.003890
175 0.003880
176 0.003846
177 0.003835
178 0.003878
179 0.003913
180 0.003890
181 0.003888
182 0.003869
183 0.003867
184 0.003845
185 0.003917
186 0.003935
187 0.003919
188 0.003900
189 0.003884
190 0.003868
191 0.003851
192 0.003923
193 0.003916
194 0.003900
195 0.003885
196 0.003868
197 0.003855
198 0.003838
199 0.003917
200 0.003904
201 0.003898
202 0.003873
203 0.003868
204 0.003855
205 0.003830
206 0.003911
207 0.003904
208 0.003886
209 0.003894
210 0.003892
211 0.003882
212 0.003897
213 0.003973
214 0.004007
215 0.004062
216 0.004126
217 0.004195
218 0.004243
219 0.004295
220 0.004376
221 0.004430
222 0.004461
223 0.004530
224 0.004587
225 0.004645
226 0.004705
227 0.004812
228 0.004860
229 0.004925
230 0.005013
231 0.005064
232 0.005124
233 0.005185
234 0.005251
235 0.005305
236 0.005347
237 0.005428
238 0.005462
239 0.005511
240 0.005565
241 0.005632
242 0.005672
243 0.005673
244 0.005728
245 0.005745
246 0.005754
247 0.005797
248 0.005824
249 0.005832
250 0.005844
251 0.005911
252 0.005910
253 0.005919
254 0.005967
255 0.005986
256 0.006006
257 0.006013
258 0.006068
259 0.006070
260 0.006078
261 0.006120
262 0.006137
263 0.006151
264 0.006159
265 0.006208
266 0.006209
267 0.006220
268 0.006260
269 0.006278
270 0.006283
271 0.006301
272 0.006338
273 0.006347
274 0.006348
275 0.006386
276 0.006398
277 0.006409
278 0.006421
279 0.006461
280 0.006465
281 0.006470
282 0.006502
283 0.006534
284 0.006587
285 0.006688
286 0.006792
287 0.006867
288 0.006937
289 0.007044
290 0.007116
291 0.007167
292 0.007250
293 0.007318
294 0.007378
295 0.007424
296 0.007519
297 0.007558
298 0.007608
299 0.007672
300 0.007729
301 0.007766
302 0.007804
303 0.007874
304 0.007871
305 0.007824
306 0.007815
307 0.007783
308 0.007749
309 0.007725
310 0.007732
311 0.007700
312 0.007683
313 0.007690
314 0.007647
315 0.007568
316 0.007516
317 0.007478
318 0.007410
319 0.007339
320 0.007269
321 0.007181
322 0.007099
323 0.007023
324 0.006964
325 0.006892
326 0.006831
327 0.006787
328 0.006731
329 0.006672
330 0.006636
331 0.006601
