0 0.361342
1 0.000001
2 0.000567
3 0.000567
4 0.000567
5 0.000566
6 0.000566
7 0.000559
8 0.000598
9 0.000598
10 0.000674
11 0.000712
12 0.000712
13 0.001171
14 0.001207
15 0.001243
16 0.001428
17 0.001427
18 0.001508
19 0.001632
20 0.001631
21 0.001753
22 0.001824
23 0.001824
24 0.001984
25 0.002009
26 0.002027
27 0.002186
28 0.002187
29 0.002245
30 0.002359
31 0.002363
32 0.002457
33 0.002533
34 0.002538
35 0.002670
36 0.002708
37 0.002718
38 0.002872
39 0.002874
40 0.002915
41 0.003025
42 0.003023
43 0.003095
44 0.003168
45 0.003169
46 0.003278
47 0.003317
48 0.003312
49 0.003448
50 0.003447
51 0.003469
52 0.003580
53 0.003578
54 0.003637
55 0.003713
56 0.003706
57 0.003793
58 0.003833
59 0.003834
60 0.003967
61 0.003987
62 0.004014
63 0.004149
64 0.004157
65 0.004218
66 0.004322
67 0.004330
68 0.004426
69 0.004494
70 0.004503
71 0.004656
72 0.004694
73 0.004713
74 0.004877
75 0.004882
76 0.004938
77 0.005066
78 0.005068
79 0.005164
80 0.005250
81 0.005255
82 0.005431
83 0.005494
84 0.005497
85 0.005668
86 0.005675
87 0.005721
88 0.005845
89 0.005760
90 0.005799
91 0.005862
92 0.005851
93 0.005934
94 0.005966
95 0.005961
96 0.006117
97 0.006126
98 0.006141
99 0.006231
100 0.006234
101 0.006287
102 0.006359
103 0.006347
104 0.006385
105 0.006402
106 0.006396
107 0.006479
108 0.006486
109 0.006484
110 0.006532
111 0.006525
112 0.006544
113 0.006589
114 0.006581
115 0.006596
116 0.006605
117 0.006598
118 0.006629
119 0.006630
120 0.006623
121 0.006643
122 0.006632
123 0.006621
124 0.006613
125 0.006597
126 0.006597
127 0.006599
128 0.006596
129 0.006588
130 0.006581
131 0.006576
132 0.006554
133 0.006550
134 0.006543
135 0.006519
136 0.006518
137 0.006501
138 0.006479
139 0.006480
140 0.006447
141 0.006432
142 0.006433
143 0.006378
144 0.006376
145 0.006372
146 0.006315
147 0.006323
148 0.006301
149 0.006256
150 0.006209
151 0.006111
152 0.006065
153 0.006061
154 0.005970
155 0.005952
156 0.005945
157 0.005834
158 0.005838
159 0.005804
160 0.005717
161 0.005723
162 0.005653
163 0.005592
164 0.005598
165 0.005482
166 0.005452
167 0.005461
168 0.005300
169 0.005309
170 0.005275
171 0.005145
172 0.005156
173 0.005076
174 0.004985
175 0.004997
176 0.004864
177 0.004814
178 0.004827
179 0.004630
180 0.004628
181 0.004603
182 0.004424
183 0.004437
184 0.004348
185 0.004207
186 0.004221
187 0.004073
188 0.003992
189 0.004005
190 0.003770
191 0.003745
192 0.003730
193 0.003482
194 0.003496
195 0.003403
196 0.003203
197 0.003216
198 0.003046
199 0.002917
200 0.002928
201 0.002656
202 0.002595
203 0.002593
204 0.002256
205 0.002263
206 0.002165
207 0.001883
208 0.001888
209 0.001697
210 0.001504
211 0.001506
212 0.001211
213 0.001104
214 0.001105
215 0.000712
216 0.000700
217 0.000561
218 0.000024
219 0.000025
220 0.000024
221 0.000025
222 0.000024
223 0.000024
224 0.000024
225 0.000024
226 0.000025
227 0.000025
228 0.000024
229 0.000024
230 0.000025
231 0.000455
232 0.001271
233 0.001271
234 0.001440
235 0.001552
236 0.001552
237 0.001783
238 0.001829
239 0.001847
240 0.002102
241 0.002102
242 0.002181
243 0.002369
244 0.002369
245 0.002509
246 0.002633
247 0.002631
248 0.002832
249 0.002892
250 0.002891
251 0.003149
252 0.003147
253 0.003205
254 0.003400
255 0.003399
256 0.003515
257 0.003649
258 0.003647
259 0.003820
260 0.003894
261 0.003893
262 0.004121
263 0.004137
264 0.004176
265 0.004378
266 0.004376
267 0.004472
268 0.004614
269 0.004614
270 0.004761
271 0.004848
272 0.004847
273 0.005047
274 0.005078
275 0.005100
276 0.005304
277 0.005304
278 0.005378
279 0.005528
280 0.005526
281 0.005651
282 0.005747
283 0.005746
284 0.005918
285 0.005959
286 0.005964
287 0.006168
288 0.006166
289 0.006221
290 0.006373
291 0.006373
292 0.006475
293 0.006576
294 0.006576
295 0.006723
296 0.006776
297 0.006775
298 0.006967
299 0.006973
300 0.007012
301 0.007166
302 0.007165
303 0.007220
304 0.007291
305 0.007292
306 0.007419
307 0.007481
308 0.007482
309 0.007648
310 0.007665
311 0.007689
312 0.007844
313 0.007843
314 0.007908
315 0.008019
316 0.008018
317 0.008122
318 0.008191
319 0.008190
320 0.008331
321 0.008359
322 0.008369
323 0.008525
324 0.008524
325 0.008572
326 0.008685
327 0.008684
328 0.008767
329 0.008840
330 0.008839
331 0.008958
