0 0.361342
1 0.000001
2 0.000622
3 0.000622
4 0.000622
5 0.000622
6 0.000622
7 0.000994
8 0.001419
9 0.001655
10 0.001798
11 0.002083
12 0.002165
13 0.002496
14 0.002550
15 0.002863
16 0.002943
17 0.003193
18 0.003321
19 0.003512
20 0.003682
21 0.003819
22 0.004028
23 0.004113
24 0.004358
25 0.004401
26 0.004665
27 0.004711
28 0.004923
29 0.005005
30 0.005169
31 0.005283
32 0.005402
33 0.005545
34 0.005624
35 0.005792
36 0.005833
37 0.006022
38 0.006051
39 0.006216
40 0.006262
41 0.006389
42 0.006457
43 0.006550
44 0.006636
45 0.006699
46 0.006800
47 0.006836
48 0.006948
49 0.006966
50 0.007076
51 0.007096
52 0.007179
53 0.007211
54 0.007270
55 0.007311
56 0.007351
57 0.007402
58 0.007427
59 0.007489
60 0.007501
61 0.007574
62 0.007583
63 0.007647
64 0.007666
65 0.007717
66 0.007747
67 0.007785
68 0.007826
69 0.007853
70 0.007904
71 0.007919
72 0.007980
73 0.007988
74 0.008050
75 0.008062
76 0.008113
77 0.008135
78 0.008174
79 0.008207
80 0.008235
81 0.008277
82 0.008294
83 0.008346
84 0.008354
85 0.008414
86 0.008422
87 0.008472
88 0.008490
89 0.008530
90 0.008556
91 0.008586
92 0.008621
93 0.008640
94 0.008680
95 0.008690
96 0.008739
97 0.008745
98 0.008793
99 0.008803
100 0.008841
101 0.008860
102 0.008889
103 0.008915
104 0.008935
105 0.008968
106 0.008980
107 0.009021
108 0.009027
109 0.009073
110 0.009078
111 0.009116
112 0.009132
113 0.009168
114 0.009199
115 0.009236
116 0.009283
117 0.009322
118 0.009386
119 0.009430
120 0.009513
121 0.009567
122 0.009656
123 0.009720
124 0.009805
125 0.009876
126 0.009954
127 0.010030
128 0.010099
129 0.010180
130 0.010241
131 0.010327
132 0.010382
133 0.010468
134 0.010524
135 0.010602
136 0.010665
137 0.010747
138 0.010830
139 0.010913
140 0.010997
141 0.011064
142 0.011144
143 0.011201
144 0.011285
145 0.011339
146 0.011417
147 0.011474
148 0.011545
149 0.011605
150 0.011669
151 0.011734
152 0.011795
153 0.011865
154 0.011920
155 0.011993
156 0.012044
157 0.012115
158 0.012165
159 0.012230
160 0.012283
161 0.012341
162 0.012396
163 0.012449
164 0.012506
165 0.012553
166 0.012611
167 0.012654
168 0.012713
169 0.012753
170 0.012807
171 0.012849
172 0.012900
173 0.012949
174 0.012999
175 0.013051
176 0.013100
177 0.013145
178 0.013170
179 0.013203
180 0.013224
181 0.013255
182 0.013276
183 0.013303
184 0.013325
185 0.013349
186 0.013373
187 0.013393
188 0.013371
189 0.013310
190 0.013252
191 0.013191
192 0.013134
193 0.013075
194 0.013019
195 0.012962
196 0.012907
197 0.012850
198 0.012792
199 0.012732
200 0.012670
201 0.012603
202 0.012536
203 0.012465
204 0.012400
205 0.012335
206 0.012271
207 0.012204
208 0.012138
209 0.012072
210 0.012005
211 0.011940
212 0.011872
213 0.011810
214 0.011742
215 0.011682
216 0.011615
217 0.011560
218 0.011501
219 0.011448
220 0.011392
221 0.011339
222 0.011286
223 0.011231
224 0.011182
225 0.011126
226 0.011081
227 0.011024
228 0.010980
229 0.010924
230 0.010878
231 0.010825
232 0.010779
233 0.010730
234 0.010680
235 0.010635
236 0.010582
237 0.010541
238 0.010485
239 0.010447
240 0.010390
241 0.010351
242 0.010299
243 0.010257
244 0.010209
245 0.010163
246 0.010119
247 0.010070
248 0.010031
249 0.009976
250 0.009942
251 0.009884
252 0.009851
253 0.009799
254 0.009762
255 0.009714
256 0.009672
257 0.009628
258 0.009583
259 0.009548
260 0.009500
261 0.009470
262 0.009416
263 0.009387
264 0.009333
265 0.009302
266 0.009254
267 0.009220
268 0.009180
269 0.009142
270 0.009109
271 0.009067
272 0.009043
273 0.008996
274 0.008978
275 0.008928
276 0.008911
277 0.008868
278 0.008847
279 0.008812
280 0.008784
281 0.008757
282 0.008724
283 0.008703
284 0.008664
285 0.008651
286 0.008604
287 0.008595
288 0.008551
289 0.008535
290 0.008497
291 0.008474
292 0.008445
293 0.008414
294 0.008391
295 0.008351
296 0.008335
297 0.008287
298 0.008276
299 0.008225
300 0.008213
301 0.008169
302 0.008149
303 0.008112
304 0.008082
305 0.008053
306 0.008015
307 0.007994
308 0.007946
309 0.007934
310 0.007876
311 0.007865
312 0.007812
313 0.007793
314 0.007749
315 0.007720
316 0.007685
317 0.007646
318 0.007620
319 0.007571
320 0.007554
321 0.007495
322 0.007483
323 0.007422
324 0.007406
325 0.007354
326 0.007328
327 0.007286
328 0.007249
329 0.007216
330 0.007167
331 0.007144
