0 0.361342
1 0.000001
2 0.000535
3 0.000534
4 0.000533
5 0.000532
6 0.000532
7 0.000887
8 0.001290
9 0.001285
10 0.001615
11 0.001750
12 0.001742
13 0.002155
14 0.002173
15 0.002232
16 0.002574
17 0.002557
18 0.002703
19 0.002924
20 0.002903
21 0.003122
22 0.003235
23 0.003211
24 0.003490
25 0.003508
26 0.003512
27 0.003775
28 0.003743
29 0.003812
30 0.003980
31 0.003946
32 0.004070
33 0.004156
34 0.004119
35 0.004292
36 0.004306
37 0.004279
38 0.004472
39 0.004435
40 0.004458
41 0.004581
42 0.004546
43 0.004611
44 0.004675
45 0.004642
46 0.004741
47 0.004757
48 0.004726
49 0.004854
50 0.004830
51 0.004831
52 0.004923
53 0.004897
54 0.004930
55 0.004979
56 0.004955
57 0.005010
58 0.005026
59 0.005005
60 0.005077
61 0.005067
62 0.005060
63 0.005118
64 0.005101
65 0.005112
66 0.005144
67 0.005130
68 0.005153
69 0.005167
70 0.005156
71 0.005186
72 0.005183
73 0.005175
74 0.005198
75 0.005189
76 0.005186
77 0.005195
78 0.005187
79 0.005185
80 0.005184
81 0.005178
82 0.005172
83 0.005168
84 0.005164
85 0.005160
86 0.005156
87 0.005153
88 0.005151
89 0.005151
90 0.005149
91 0.005149
92 0.005151
93 0.005153
94 0.005156
95 0.005161
96 0.005165
97 0.005173
98 0.005181
99 0.005187
100 0.005193
101 0.005199
102 0.005206
103 0.005216
104 0.005231
105 0.005244
106 0.005254
107 0.005262
108 0.005272
109 0.005283
110 0.005291
111 0.005302
112 0.005313
113 0.005322
114 0.005334
115 0.005347
116 0.005359
117 0.005373
118 0.005383
119 0.005396
120 0.005410
121 0.005420
122 0.005434
123 0.005448
124 0.005463
125 0.005479
126 0.005494
127 0.005509
128 0.005528
129 0.005544
130 0.005562
131 0.005578
132 0.005587
133 0.005596
134 0.005601
135 0.005601
136 0.005601
137 0.005590
138 0.005570
139 0.005551
140 0.005531
141 0.005512
142 0.005493
143 0.005469
144 0.005448
145 0.005425
146 0.005399
147 0.005376
148 0.005347
149 0.005317
150 0.005291
151 0.005266
152 0.005244
153 0.005224
154 0.005201
155 0.005184
156 0.005169
157 0.005154
158 0.005144
159 0.005135
160 0.005124
161 0.005121
162 0.005117
163 0.005116
164 0.005118
165 0.005115
166 0.005115
167 0.005117
168 0.005114
169 0.005118
170 0.005121
171 0.005119
172 0.005123
173 0.005123
174 0.005122
175 0.005123
176 0.005119
177 0.005118
178 0.005120
179 0.005113
180 0.005108
181 0.005100
182 0.005085
183 0.005075
184 0.005064
185 0.005052
186 0.005045
187 0.005033
188 0.005024
189 0.005019
190 0.005008
191 0.005001
192 0.004995
193 0.004984
194 0.004981
195 0.004976
196 0.004969
197 0.004967
198 0.004958
199 0.004950
200 0.004945
201 0.004931
202 0.004922
203 0.004913
204 0.004898
205 0.004893
206 0.004887
207 0.004876
208 0.004872
209 0.004865
210 0.004858
211 0.004856
212 0.004845
213 0.004838
214 0.004834
215 0.004821
216 0.004816
217 0.004810
218 0.004799
219 0.004795
220 0.004788
221 0.004780
222 0.004778
223 0.004769
224 0.004764
225 0.004763
226 0.004754
227 0.004753
228 0.004752
229 0.004747
230 0.004752
231 0.004750
232 0.004745
233 0.004747
234 0.004741
235 0.004738
236 0.004739
237 0.004729
238 0.004728
239 0.004727
240 0.004716
241 0.004715
242 0.004710
243 0.004700
244 0.004698
245 0.004689
246 0.004679
247 0.004674
248 0.004659
249 0.004650
250 0.004643
251 0.004624
252 0.004618
253 0.004608
254 0.004592
255 0.004586
256 0.004575
257 0.004562
258 0.004554
259 0.004536
260 0.004520
261 0.004507
262 0.004483
263 0.004470
264 0.004457
265 0.004436
266 0.004426
267 0.004412
268 0.004396
269 0.004388
270 0.004373
271 0.004364
272 0.004359
273 0.004343
274 0.004335
275 0.004326
276 0.004304
277 0.004294
278 0.004279
279 0.004259
280 0.004249
281 0.004232
282 0.004218
283 0.004210
284 0.004191
285 0.004183
286 0.004180
287 0.004166
288 0.004165
289 0.004162
290 0.004152
291 0.004156
292 0.004153
293 0.004151
294 0.004158
295 0.004155
296 0.004159
297 0.004168
298 0.004164
299 0.004174
300 0.004183
301 0.004183
302 0.004196
303 0.004202
304 0.004205
305 0.004216
306 0.004215
307 0.004220
308 0.004228
309 0.004216
310 0.004214
311 0.004211
312 0.004194
313 0.004192
314 0.004183
315 0.004169
316 0.004165
317 0.004149
318 0.004134
319 0.004125
320 0.004100
321 0.004085
322 0.004073
323 0.004046
324 0.004035
325 0.004020
326 0.003999
327 0.003992
328 0.003976
329 0.003961
330 0.003954
331 0.003933
