0 0.351241
1 0.000001
2 0.000093
3 0.000093
4 0.000093
5 0.000093
6 0.000093
7 0.000093
8 0.000093
9 0.000093
10 0.000093
11 0.000093
12 0.000093
13 0.000093
14 0.000093
15 0.000093
16 0.000093
17 0.000093
18 0.000093
19 0.000093
20 0.000093
21 0.000093
22 0.000093
23 0.000093
24 0.000093
25 0.000093
26 0.000093
27 0.000093
28 0.000093
29 0.000151
30 0.000266
31 0.000267
32 0.000267
33 0.000267
34 0.000267
35 0.000267
36 0.000267
37 0.000270
38 0.000377
39 0.000376
40 0.000376
41 0.000377
42 0.000377
43 0.000377
44 0.000377
45 0.000377
46 0.000453
47 0.000481
48 0.000481
49 0.000481
50 0.000481
51 0.000499
52 0.000573
53 0.000573
54 0.000573
55 0.000574
56 0.000574
57 0.000640
58 0.000673
59 0.000673
60 0.000674
61 0.000674
62 0.000685
63 0.000753
64 0.000754
65 0.000774
66 0.000810
67 0.000810
68 0.000844
69 0.000868
70 0.000868
71 0.000917
72 0.000928
73 0.000932
74 0.000989
75 0.000990
76 0.001009
77 0.001054
78 0.001054
79 0.001089
80 0.001119
81 0.001120
82 0.001171
83 0.001188
84 0.001188
85 0.001255
86 0.001256
87 0.001271
88 0.001322
89 0.001323
90 0.001354
91 0.001389
92 0.001390
93 0.001436
94 0.001456
95 0.001457
96 0.001517
97 0.001522
98 0.001534
99 0.001587
100 0.001588
101 0.001614
102 0.001652
103 0.001653
104 0.001693
105 0.001716
106 0.001717
107 0.001770
108 0.001779
109 0.001785
110 0.001840
111 0.001840
112 0.001860
113 0.001901
114 0.001901
115 0.001935
116 0.001961
117 0.001961
118 0.002008
119 0.002020
120 0.002021
121 0.002077
122 0.002077
123 0.002093
124 0.002135
125 0.002135
126 0.002163
127 0.002192
128 0.002192
129 0.002233
130 0.002249
131 0.002249
132 0.002304
133 0.002306
134 0.002317
135 0.002362
136 0.002362
137 0.002386
138 0.002418
139 0.002418
140 0.002455
141 0.002473
142 0.002473
143 0.002521
144 0.002527
145 0.002534
146 0.002580
147 0.002580
148 0.002599
149 0.002632
150 0.002632
151 0.002663
152 0.002684
153 0.002684
154 0.002727
155 0.002736
156 0.002740
157 0.002787
158 0.002788
159 0.002803
160 0.002838
161 0.002839
162 0.002866
163 0.002889
164 0.002888
165 0.002925
166 0.002935
167 0.002935
168 0.002981
169 0.002981
170 0.002992
171 0.003028
172 0.003029
173 0.003052
174 0.003078
175 0.003080
176 0.003113
177 0.003127
178 0.003128
179 0.003171
180 0.003175
181 0.003183
182 0.003221
183 0.003223
184 0.003241
185 0.003268
186 0.003270
187 0.003298
188 0.003316
189 0.003319
190 0.003358
191 0.003367
192 0.003375
193 0.003416
194 0.003421
195 0.003440
196 0.003474
197 0.003480
198 0.003508
199 0.003532
200 0.003538
201 0.003576
202 0.003590
203 0.003597
204 0.003641
205 0.003646
206 0.003662
207 0.003695
208 0.003700
209 0.003725
210 0.003750
211 0.003757
212 0.003791
213 0.003808
214 0.003815
215 0.003858
216 0.003866
217 0.003881
218 0.003918
219 0.003925
220 0.003949
221 0.003977
222 0.003985
223 0.004017
224 0.004036
225 0.004044
226 0.004081
227 0.004084
228 0.004081
229 0.004096
230 0.004078
231 0.004071
232 0.004071
233 0.004050
234 0.004049
235 0.004041
236 0.004022
237 0.004030
238 0.004023
239 0.004022
240 0.004052
241 0.004056
242 0.004071
243 0.004098
244 0.004105
245 0.004129
246 0.004152
247 0.004162
248 0.004193
249 0.004210
250 0.004219
251 0.004256
252 0.004266
253 0.004283
254 0.004316
255 0.004328
256 0.004354
257 0.004383
258 0.004398
259 0.004433
260 0.004459
261 0.004478
262 0.004524
263 0.004548
264 0.004578
265 0.004628
266 0.004658
267 0.004700
268 0.004748
269 0.004782
270 0.004834
271 0.004880
272 0.004917
273 0.004976
274 0.005015
275 0.005053
276 0.005111
277 0.005144
278 0.005182
279 0.005225
280 0.005247
281 0.005280
282 0.005305
283 0.005317
284 0.005345
285 0.005356
286 0.005363
287 0.005391
288 0.005395
289 0.005405
290 0.005425
291 0.005429
292 0.005442
293 0.005456
294 0.005461
295 0.005482
296 0.005495
297 0.005504
298 0.005533
299 0.005544
300 0.005553
301 0.005567
302 0.005562
303 0.005562
304 0.005566
305 0.005563
306 0.005573
307 0.005578
308 0.005576
309 0.005589
310 0.005588
311 0.005587
312 0.005597
313 0.005594
314 0.005597
315 0.005603
316 0.005602
317 0.005608
318 0.005612
319 0.005609
320 0.005617
321 0.005615
322 0.005610
323 0.005615
324 0.005609
325 0.005605
326 0.005606
327 0.005599
328 0.005597
329 0.005593
330 0.005583
331 0.005579
