0 0.361342
1 0.000001
2 0.000171
3 0.000171
4 0.000172
5 0.000171
6 0.000171
7 0.000270
8 0.000383
9 0.000383
10 0.000383
11 0.000383
12 0.000383
13 0.000565
14 0.000580
15 0.000579
16 0.000580
17 0.000580
18 0.000651
19 0.000759
20 0.000761
21 0.000759
22 0.000760
23 0.000761
24 0.000902
25 0.000926
26 0.000924
27 0.000925
28 0.000925
29 0.000975
30 0.001075
31 0.001074
32 0.001074
33 0.001075
34 0.001074
35 0.001181
36 0.001207
37 0.001208
38 0.001208
39 0.001208
40 0.001239
41 0.001326
42 0.001326
43 0.001325
44 0.001326
45 0.001326
46 0.001483
47 0.001543
48 0.001542
49 0.001543
50 0.001542
51 0.001559
52 0.001629
53 0.001629
54 0.001628
55 0.001628
56 0.001628
57 0.001675
58 0.001700
59 0.001698
60 0.001699
61 0.001698
62 0.001714
63 0.001823
64 0.001822
65 0.001822
66 0.001821
67 0.001821
68 0.001845
69 0.001860
70 0.001860
71 0.001859
72 0.001859
73 0.001866
74 0.001945
75 0.001944
76 0.001944
77 0.001944
78 0.001943
79 0.001947
80 0.001950
81 0.001949
82 0.001948
83 0.001948
84 0.001946
85 0.001987
86 0.001986
87 0.001985
88 0.001984
89 0.001983
90 0.001987
91 0.001992
92 0.001991
93 0.001989
94 0.001989
95 0.001986
96 0.001983
97 0.001981
98 0.001980
99 0.001977
100 0.001978
101 0.001968
102 0.001957
103 0.001954
104 0.001954
105 0.001952
106 0.001950
107 0.001922
108 0.001915
109 0.001914
110 0.001912
111 0.001911
112 0.001893
113 0.001861
114 0.001858
115 0.001858
116 0.001855
117 0.001854
118 0.001804
119 0.001789
120 0.001787
121 0.001787
122 0.001784
123 0.001763
124 0.001705
125 0.001703
126 0.001702
127 0.001700
128 0.001699
129 0.001630
130 0.001604
131 0.001604
132 0.001601
133 0.001600
134 0.001577
135 0.001492
136 0.001490
137 0.001488
138 0.001487
139 0.001486
140 0.001404
141 0.001362
142 0.001362
143 0.001359
144 0.001358
145 0.001340
146 0.001222
147 0.001222
148 0.001219
149 0.001218
150 0.001217
151 0.001128
152 0.001067
153 0.001067
154 0.001064
155 0.001063
156 0.001052
157 0.000902
158 0.000902
159 0.000899
160 0.000898
161 0.000899
162 0.000864
163 0.000834
164 0.000834
165 0.000832
166 0.000832
167 0.000829
168 0.000875
169 0.000873
170 0.000872
171 0.000872
172 0.000869
173 0.000890
174 0.000911
175 0.000911
176 0.000909
177 0.000909
178 0.000906
179 0.000945
180 0.000948
181 0.000945
182 0.000945
183 0.000943
184 0.000959
185 0.000982
186 0.000982
187 0.000979
188 0.000978
189 0.000978
190 0.001010
191 0.001015
192 0.001012
193 0.001012
194 0.001009
195 0.001022
196 0.001045
197 0.001043
198 0.001043
199 0.001040
200 0.001040
201 0.001067
202 0.001074
203 0.001072
204 0.001071
205 0.001069
206 0.001077
207 0.001103
208 0.001100
209 0.001100
210 0.001098
211 0.001097
212 0.001120
213 0.001129
214 0.001126
215 0.001125
216 0.001125
217 0.001129
218 0.001155
219 0.001153
220 0.001152
221 0.001150
222 0.001149
223 0.001168
224 0.001177
225 0.001177
226 0.001175
227 0.001173
228 0.001175
229 0.001201
230 0.001200
231 0.001198
232 0.001197
233 0.001195
234 0.001212
235 0.001222
236 0.001221
237 0.001219
238 0.001218
239 0.001219
240 0.001244
241 0.001242
242 0.001241
243 0.001240
244 0.001238
245 0.001251
246 0.001262
247 0.001261
248 0.001260
249 0.001259
250 0.001257
251 0.001277
252 0.001275
253 0.001274
254 0.001273
255 0.001271
256 0.001281
257 0.001293
258 0.001292
259 0.001291
260 0.001289
261 0.001289
262 0.001309
263 0.001309
264 0.001308
265 0.001307
266 0.001305
267 0.001314
268 0.001326
269 0.001324
270 0.001323
271 0.001322
272 0.001320
273 0.001335
274 0.001336
275 0.001335
276 0.001335
277 0.001333
278 0.001338
279 0.001351
280 0.001350
281 0.001349
282 0.001348
283 0.001347
284 0.001361
285 0.001364
286 0.001363
287 0.001362
288 0.001362
289 0.001365
290 0.001376
291 0.001375
292 0.001374
293 0.001374
294 0.001373
295 0.001385
296 0.001389
297 0.001389
298 0.001388
299 0.001388
300 0.001390
301 0.001403
302 0.001403
303 0.001402
304 0.001402
305 0.001402
306 0.001410
307 0.001414
308 0.001413
309 0.001414
310 0.001413
311 0.001416
312 0.001428
313 0.001429
314 0.001429
315 0.001429
316 0.001430
317 0.001437
318 0.001441
319 0.001442
320 0.001443
321 0.001443
322 0.001444
323 0.001458
324 0.001458
325 0.001458
326 0.001460
327 0.001460
328 0.001466
329 0.001471
330 0.001472
331 0.001473
