0 0.361342
1 0.000001
2 0.000850
3 0.000850
4 0.000850
5 0.000838
6 0.000896
7 0.000968
8 0.001067
9 0.001502
10 0.001809
11 0.002065
12 0.002137
13 0.002424
14 0.002469
15 0.002733
16 0.002799
17 0.003008
18 0.003113
19 0.003274
20 0.003417
21 0.003536
22 0.003715
23 0.003797
24 0.004014
25 0.004063
26 0.004296
27 0.004338
28 0.004520
29 0.004589
30 0.004735
31 0.004843
32 0.004952
33 0.005079
34 0.005143
35 0.005302
36 0.005342
37 0.005533
38 0.005549
39 0.005720
40 0.005779
41 0.005947
42 0.006054
43 0.006198
44 0.006341
45 0.006455
46 0.006630
47 0.006708
48 0.006956
49 0.007015
50 0.007262
51 0.007323
52 0.007539
53 0.007635
54 0.007813
55 0.007982
56 0.008168
57 0.008341
58 0.008438
59 0.008641
60 0.008533
61 0.008704
62 0.008714
63 0.008864
64 0.008922
65 0.009099
66 0.009165
67 0.009257
68 0.009370
69 0.009424
70 0.009484
71 0.009496
72 0.009620
73 0.009623
74 0.009691
75 0.009701
76 0.009774
77 0.009779
78 0.009799
79 0.009820
80 0.009835
81 0.009847
82 0.009834
83 0.009813
84 0.009791
85 0.009797
86 0.009789
87 0.009771
88 0.009752
89 0.009726
90 0.009703
91 0.009679
92 0.009644
93 0.009623
94 0.009568
95 0.009554
96 0.009474
97 0.009470
98 0.009388
99 0.009376
100 0.009281
101 0.009111
102 0.009011
103 0.008920
104 0.008850
105 0.008727
106 0.008687
107 0.008530
108 0.008514
109 0.008320
110 0.008292
111 0.008113
112 0.008050
113 0.007902
114 0.007792
115 0.007677
116 0.007518
117 0.007443
118 0.007224
119 0.007192
120 0.006902
121 0.006879
122 0.006605
123 0.006533
124 0.006284
125 0.006156
126 0.005965
127 0.005749
128 0.005599
129 0.005314
130 0.005229
131 0.004836
132 0.004792
133 0.004358
134 0.004278
135 0.003879
136 0.003710
137 0.003385
138 0.003099
139 0.002825
140 0.002445
141 0.002255
142 0.001760
143 0.001655
144 0.001061
145 0.000910
146 0.000037
147 0.000036
148 0.000037
149 0.000037
150 0.000036
151 0.000037
152 0.000037
153 0.000037
154 0.000037
155 0.001735
156 0.001934
157 0.002329
158 0.002420
159 0.002743
160 0.002897
161 0.003152
162 0.003365
163 0.003552
164 0.003825
165 0.003946
166 0.004277
167 0.004335
168 0.004720
169 0.004777
170 0.005098
171 0.005212
172 0.005470
173 0.005642
174 0.005838
175 0.006066
176 0.006202
177 0.006483
178 0.006562
179 0.006894
180 0.006949
181 0.007268
182 0.007352
183 0.007613
184 0.007749
185 0.007952
186 0.008138
187 0.008286
188 0.008520
189 0.008615
190 0.008893
191 0.008938
192 0.009245
193 0.009299
194 0.009554
195 0.009655
196 0.009859
197 0.010004
198 0.010158
199 0.010349
200 0.010453
201 0.010684
202 0.010741
203 0.010922
204 0.010964
205 0.011215
206 0.011290
207 0.011490
208 0.011603
209 0.011758
210 0.011909
211 0.012020
212 0.012209
213 0.012277
214 0.012502
215 0.012541
216 0.012778
217 0.012824
218 0.013018
219 0.013100
220 0.013250
221 0.013368
222 0.013483
223 0.013632
224 0.013704
225 0.013884
226 0.013920
227 0.014096
228 0.014124
229 0.014286
230 0.014330
231 0.014473
232 0.014558
233 0.014665
234 0.014778
235 0.014853
236 0.014995
237 0.015041
238 0.015210
239 0.015239
240 0.015403
241 0.015435
242 0.015568
243 0.015628
244 0.015731
245 0.015815
246 0.015886
247 0.015974
248 0.016012
249 0.016137
250 0.016155
251 0.016297
252 0.016314
253 0.016430
254 0.016468
255 0.016557
256 0.016611
257 0.016674
258 0.016729
259 0.016765
260 0.016855
261 0.016876
262 0.016979
263 0.016990
264 0.017090
265 0.017118
266 0.017195
267 0.017246
268 0.017326
269 0.017410
270 0.017496
271 0.017618
272 0.017717
273 0.017878
274 0.017980
275 0.018155
276 0.018265
277 0.018428
278 0.018553
279 0.018706
280 0.018848
281 0.019027
282 0.019187
283 0.019327
284 0.019465
285 0.019581
286 0.019752
287 0.019879
288 0.020043
289 0.020177
290 0.020333
291 0.020475
292 0.020625
293 0.020774
294 0.020915
295 0.021066
296 0.021256
297 0.021447
298 0.021598
299 0.021762
300 0.021916
301 0.022081
302 0.022244
303 0.022409
304 0.022566
305 0.022732
306 0.022881
307 0.023030
308 0.023152
309 0.023181
310 0.023184
311 0.023199
312 0.023219
313 0.023182
314 0.023158
315 0.023118
316 0.022962
317 0.022794
318 0.022646
319 0.022491
320 0.022365
321 0.022210
322 0.022055
323 0.021873
324 0.021766
325 0.021655
326 0.021581
327 0.021466
328 0.021325
329 0.021149
330 0.020957
331 0.020857
