0 0.356531
1 0.000001
2 0.000131
3 0.000131
4 0.000131
5 0.000130
6 0.000131
7 0.000131
8 0.000130
9 0.000131
10 0.000130
11 0.000131
12 0.000131
13 0.000306
14 0.000319
15 0.000318
16 0.000319
17 0.000319
18 0.000366
19 0.000437
20 0.000437
21 0.000437
22 0.000437
23 0.000437
24 0.000536
25 0.000551
26 0.000551
27 0.000551
28 0.000551
29 0.000587
30 0.000660
31 0.000660
32 0.000660
33 0.000659
34 0.000659
35 0.000743
36 0.000763
37 0.000763
38 0.000763
39 0.000763
40 0.000789
41 0.000862
42 0.000861
43 0.000861
44 0.000861
45 0.000861
46 0.000930
47 0.000954
48 0.000954
49 0.000954
50 0.000953
51 0.000971
52 0.001042
53 0.001042
54 0.001041
55 0.001041
56 0.001041
57 0.001097
58 0.001125
59 0.001124
60 0.001124
61 0.001124
62 0.001134
63 0.001203
64 0.001202
65 0.001202
66 0.001202
67 0.001201
68 0.001246
69 0.001275
70 0.001275
71 0.001274
72 0.001274
73 0.001278
74 0.001343
75 0.001342
76 0.001342
77 0.001341
78 0.001341
79 0.001375
80 0.001405
81 0.001404
82 0.001404
83 0.001403
84 0.001403
85 0.001462
86 0.001462
87 0.001461
88 0.001460
89 0.001460
90 0.001485
91 0.001514
92 0.001513
93 0.001512
94 0.001512
95 0.001511
96 0.001558
97 0.001560
98 0.001560
99 0.001559
100 0.001559
101 0.001576
102 0.001603
103 0.001602
104 0.001602
105 0.001601
106 0.001601
107 0.001635
108 0.001640
109 0.001639
110 0.001638
111 0.001638
112 0.001649
113 0.001672
114 0.001672
115 0.001671
116 0.001671
117 0.001671
118 0.001695
119 0.001700
120 0.001700
121 0.001700
122 0.001699
123 0.001706
124 0.001725
125 0.001725
126 0.001724
127 0.001724
128 0.001724
129 0.001739
130 0.001744
131 0.001744
132 0.001744
133 0.001743
134 0.001746
135 0.001759
136 0.001759
137 0.001759
138 0.001759
139 0.001758
140 0.001766
141 0.001770
142 0.001769
143 0.001769
144 0.001769
145 0.001769
146 0.001775
147 0.001775
148 0.001775
149 0.001775
150 0.001775
151 0.001776
152 0.001777
153 0.001777
154 0.001777
155 0.001777
156 0.001777
157 0.001774
158 0.001775
159 0.001774
160 0.001774
161 0.001774
162 0.001771
163 0.001768
164 0.001768
165 0.001768
166 0.001768
167 0.001768
168 0.001761
169 0.001761
170 0.001761
171 0.001761
172 0.001761
173 0.001758
174 0.001754
175 0.001754
176 0.001754
177 0.001754
178 0.001754
179 0.001747
180 0.001747
181 0.001747
182 0.001747
183 0.001746
184 0.001743
185 0.001739
186 0.001739
187 0.001738
188 0.001738
189 0.001738
190 0.001731
191 0.001730
192 0.001730
193 0.001729
194 0.001729
195 0.001726
196 0.001721
197 0.001721
198 0.001720
199 0.001720
200 0.001720
201 0.001713
202 0.001712
203 0.001711
204 0.001711
205 0.001711
206 0.001708
207 0.001702
208 0.001702
209 0.001702
210 0.001702
211 0.001702
212 0.001696
213 0.001693
214 0.001693
215 0.001693
216 0.001693
217 0.001691
218 0.001685
219 0.001685
220 0.001685
221 0.001685
222 0.001685
223 0.001680
224 0.001677
225 0.001677
226 0.001677
227 0.001677
228 0.001676
229 0.001669
230 0.001670
231 0.001670
232 0.001670
233 0.001670
234 0.001666
235 0.001662
236 0.001662
237 0.001662
238 0.001662
239 0.001661
240 0.001653
241 0.001653
242 0.001652
243 0.001652
244 0.001652
245 0.001647
246 0.001643
247 0.001643
248 0.001643
249 0.001642
250 0.001642
251 0.001634
252 0.001634
253 0.001634
254 0.001634
255 0.001634
256 0.001629
257 0.001625
258 0.001625
259 0.001625
260 0.001625
261 0.001625
262 0.001616
263 0.001616
264 0.001615
265 0.001615
266 0.001615
267 0.001611
268 0.001606
269 0.001606
270 0.001606
271 0.001605
272 0.001605
273 0.001598
274 0.001596
275 0.001596
276 0.001596
277 0.001596
278 0.001593
279 0.001587
280 0.001587
281 0.001587
282 0.001587
283 0.001588
284 0.001580
285 0.001579
286 0.001579
287 0.001579
288 0.001579
289 0.001577
290 0.001570
291 0.001570
292 0.001570
293 0.001570
294 0.001569
295 0.001562
296 0.001559
297 0.001559
298 0.001559
299 0.001559
300 0.001557
301 0.001549
302 0.001548
303 0.001548
304 0.001548
305 0.001548
306 0.001541
307 0.001537
308 0.001537
309 0.001537
310 0.001536
311 0.001535
312 0.001526
313 0.001526
314 0.001526
315 0.001525
316 0.001525
317 0.001519
318 0.001514
319 0.001514
320 0.001514
321 0.001513
322 0.001512
323 0.001503
324 0.001502
325 0.001502
326 0.001501
327 0.001501
328 0.001495
329 0.001491
330 0.001490
331 0.001490
