0 0.361342
1 0.000001
2 0.000305
3 0.000305
4 0.000305
5 0.000305
6 0.000305
7 0.000305
8 0.000305
9 0.000305
10 0.000305
11 0.000305
12 0.000304
13 0.000305
14 0.000304
15 0.000305
16 0.000446
17 0.000884
18 0.000884
19 0.000883
20 0.000883
21 0.000882
22 0.001131
23 0.001231
24 0.001231
25 0.001237
26 0.001546
27 0.001545
28 0.001543
29 0.001628
30 0.001798
31 0.001886
32 0.001977
33 0.002097
34 0.002163
35 0.002318
36 0.002356
37 0.002549
38 0.002580
39 0.002765
40 0.002822
41 0.002980
42 0.003073
43 0.003201
44 0.003334
45 0.003429
46 0.003604
47 0.003665
48 0.003884
49 0.003919
50 0.004161
51 0.004210
52 0.004418
53 0.004511
54 0.004683
55 0.004821
56 0.004953
57 0.005131
58 0.005219
59 0.005434
60 0.005478
61 0.005729
62 0.005765
63 0.005981
64 0.006050
65 0.006222
66 0.006327
67 0.006458
68 0.006596
69 0.006688
70 0.006857
71 0.006912
72 0.007111
73 0.007144
74 0.007342
75 0.007387
76 0.007547
77 0.007622
78 0.007746
79 0.007849
80 0.007939
81 0.008067
82 0.008124
83 0.008276
84 0.008303
85 0.008476
86 0.008501
87 0.008641
88 0.008689
89 0.008798
90 0.008868
91 0.008949
92 0.009039
93 0.009094
94 0.009202
95 0.009232
96 0.009356
97 0.009375
98 0.009491
99 0.009519
100 0.009610
101 0.009655
102 0.009724
103 0.009783
104 0.009831
105 0.009902
106 0.009929
107 0.010009
108 0.010022
109 0.010106
110 0.010119
111 0.010184
112 0.010207
113 0.010256
114 0.010288
115 0.010320
116 0.010358
117 0.010378
118 0.010420
119 0.010429
120 0.010473
121 0.010475
122 0.010510
123 0.010516
124 0.010540
125 0.010550
126 0.010565
127 0.010577
128 0.010585
129 0.010596
130 0.010599
131 0.010608
132 0.010608
133 0.010610
134 0.010607
135 0.010602
136 0.010596
137 0.010588
138 0.010577
139 0.010567
140 0.010549
141 0.010538
142 0.010512
143 0.010504
144 0.010468
145 0.010459
146 0.010421
147 0.010404
148 0.010367
149 0.010339
150 0.010305
151 0.010265
152 0.010238
153 0.010185
154 0.010166
155 0.010097
156 0.010083
157 0.010006
158 0.009984
159 0.009914
160 0.009876
161 0.009816
162 0.009761
163 0.009712
164 0.009637
165 0.009601
166 0.009504
167 0.009484
168 0.009364
169 0.009342
170 0.009235
171 0.009192
172 0.009101
173 0.009035
174 0.008961
175 0.008872
176 0.008820
177 0.008708
178 0.008681
179 0.008544
180 0.008529
181 0.008393
182 0.008366
183 0.008255
184 0.008202
185 0.008117
186 0.008036
187 0.007976
188 0.007862
189 0.007829
190 0.007678
191 0.007668
192 0.007486
193 0.007467
194 0.007310
195 0.007255
196 0.007125
197 0.007030
198 0.006929
199 0.006791
200 0.006722
201 0.006541
202 0.006506
203 0.006278
204 0.006250
205 0.006032
206 0.005973
207 0.005789
208 0.005685
209 0.005538
210 0.005386
211 0.005276
212 0.005072
213 0.005004
214 0.004746
215 0.004706
216 0.004420
217 0.004363
218 0.004117
219 0.004008
220 0.003805
221 0.003641
222 0.003484
223 0.003262
224 0.003153
225 0.002872
226 0.002813
227 0.002471
228 0.002417
229 0.002106
230 0.002001
231 0.001741
232 0.001575
233 0.001368
234 0.001139
235 0.000986
236 0.000692
237 0.000597
238 0.000059
239 0.000009
240 0.000008
241 0.000533
242 0.002376
243 0.002931
244 0.003844
245 0.004576
246 0.005216
247 0.006096
248 0.006494
249 0.007493
250 0.007676
251 0.008764
252 0.008918
253 0.009757
254 0.010036
255 0.010655
256 0.011031
257 0.011460
258 0.011902
259 0.012170
260 0.012649
261 0.012793
262 0.013299
263 0.013379
264 0.013768
265 0.013849
266 0.014097
267 0.014190
268 0.014325
269 0.014402
270 0.014469
271 0.014495
272 0.014501
273 0.014455
274 0.014440
275 0.014295
276 0.014248
277 0.014047
278 0.013932
279 0.013706
280 0.013495
281 0.013277
282 0.012942
283 0.012757
284 0.012268
285 0.012150
286 0.011479
287 0.011367
288 0.010661
289 0.010431
290 0.009782
291 0.009373
292 0.008808
293 0.008187
294 0.007736
295 0.006871
296 0.006562
297 0.005421
298 0.005223
299 0.003898
300 0.003604
301 0.002413
302 0.001850
303 0.000827
304 0.000446
305 0.000391
306 0.000903
307 0.001159
308 0.001775
309 0.001907
310 0.002620
311 0.002729
312 0.003343
313 0.003539
314 0.004026
315 0.004320
316 0.004687
317 0.005072
318 0.005324
319 0.005792
320 0.005937
321 0.006483
322 0.006565
323 0.007102
324 0.007215
325 0.007641
326 0.007830
327 0.008151
328 0.008412
329 0.008627
330 0.008946
331 0.009076
