0 0.351241
1 0.000001
2 0.000047
3 0.000046
4 0.000047
5 0.000047
6 0.000047
7 0.000047
8 0.000047
9 0.000047
10 0.000046
11 0.000047
12 0.000047
13 0.000046
14 0.000047
15 0.000047
16 0.000047
17 0.000047
18 0.000047
19 0.000047
20 0.000047
21 0.000047
22 0.000047
23 0.000047
24 0.000047
25 0.000046
26 0.000047
27 0.000047
28 0.000047
29 0.000046
30 0.000047
31 0.000047
32 0.000047
33 0.000046
34 0.000047
35 0.000047
36 0.000047
37 0.000047
38 0.000047
39 0.000047
40 0.000046
41 0.000047
42 0.000047
43 0.000047
44 0.000047
45 0.000047
46 0.000047
47 0.000047
48 0.000047
49 0.000047
50 0.000047
51 0.000047
52 0.000047
53 0.000047
54 0.000047
55 0.000047
56 0.000047
57 0.000104
58 0.000133
59 0.000133
60 0.000133
61 0.000133
62 0.000133
63 0.000133
64 0.000133
65 0.000133
66 0.000133
67 0.000133
68 0.000133
69 0.000133
70 0.000134
71 0.000133
72 0.000133
73 0.000137
74 0.000188
75 0.000188
76 0.000188
77 0.000188
78 0.000188
79 0.000188
80 0.000188
81 0.000188
82 0.000188
83 0.000188
84 0.000189
85 0.000188
86 0.000189
87 0.000188
88 0.000188
89 0.000189
90 0.000213
91 0.000241
92 0.000241
93 0.000241
94 0.000241
95 0.000241
96 0.000241
97 0.000241
98 0.000241
99 0.000241
100 0.000241
101 0.000259
102 0.000287
103 0.000287
104 0.000287
105 0.000287
106 0.000287
107 0.000287
108 0.000287
109 0.000287
110 0.000287
111 0.000287
112 0.000304
113 0.000337
114 0.000337
115 0.000337
116 0.000337
117 0.000337
118 0.000337
119 0.000337
120 0.000337
121 0.000337
122 0.000337
123 0.000348
124 0.000377
125 0.000377
126 0.000377
127 0.000377
128 0.000377
129 0.000398
130 0.000405
131 0.000405
132 0.000405
133 0.000405
134 0.000411
135 0.000434
136 0.000434
137 0.000434
138 0.000434
139 0.000434
140 0.000454
141 0.000464
142 0.000464
143 0.000464
144 0.000465
145 0.000469
146 0.000495
147 0.000495
148 0.000496
149 0.000496
150 0.000496
151 0.000515
152 0.000528
153 0.000528
154 0.000528
155 0.000528
156 0.000530
157 0.000561
158 0.000561
159 0.000561
160 0.000561
161 0.000561
162 0.000579
163 0.000595
164 0.000595
165 0.000595
166 0.000595
167 0.000595
168 0.000628
169 0.000629
170 0.000629
171 0.000629
172 0.000629
173 0.000645
174 0.000662
175 0.000662
176 0.000663
177 0.000663
178 0.000663
179 0.000694
180 0.000696
181 0.000696
182 0.000696
183 0.000697
184 0.000710
185 0.000729
186 0.000729
187 0.000730
188 0.000730
189 0.000730
190 0.000758
191 0.000763
192 0.000763
193 0.000763
194 0.000763
195 0.000774
196 0.000796
197 0.000796
198 0.000796
199 0.000796
200 0.000796
201 0.000822
202 0.000828
203 0.000828
204 0.000829
205 0.000829
206 0.000837
207 0.000860
208 0.000860
209 0.000861
210 0.000861
211 0.000861
212 0.000883
213 0.000892
214 0.000892
215 0.000892
216 0.000892
217 0.000898
218 0.000923
219 0.000923
220 0.000923
221 0.000922
222 0.000923
223 0.000943
224 0.000953
225 0.000953
226 0.000953
227 0.000953
228 0.000957
229 0.000983
230 0.000983
231 0.000983
232 0.000983
233 0.000983
234 0.001001
235 0.001013
236 0.001013
237 0.001013
238 0.001013
239 0.001015
240 0.001042
241 0.001042
242 0.001042
243 0.001042
244 0.001042
245 0.001058
246 0.001071
247 0.001071
248 0.001071
249 0.001071
250 0.001071
251 0.001099
252 0.001099
253 0.001100
254 0.001099
255 0.001100
256 0.001113
257 0.001128
258 0.001128
259 0.001128
260 0.001129
261 0.001129
262 0.001155
263 0.001157
264 0.001157
265 0.001157
266 0.001157
267 0.001168
268 0.001185
269 0.001185
270 0.001185
271 0.001185
272 0.001186
273 0.001209
274 0.001213
275 0.001213
276 0.001214
277 0.001214
278 0.001223
279 0.001241
280 0.001241
281 0.001241
282 0.001241
283 0.001241
284 0.001263
285 0.001268
286 0.001268
287 0.001268
288 0.001269
289 0.001276
290 0.001295
291 0.001295
292 0.001295
293 0.001295
294 0.001295
295 0.001314
296 0.001321
297 0.001321
298 0.001321
299 0.001321
300 0.001327
301 0.001347
302 0.001347
303 0.001347
304 0.001348
305 0.001348
306 0.001365
307 0.001373
308 0.001373
309 0.001374
310 0.001374
311 0.001377
312 0.001399
313 0.001399
314 0.001400
315 0.001400
316 0.001400
317 0.001415
318 0.001425
319 0.001425
320 0.001426
321 0.001426
322 0.001428
323 0.001451
324 0.001451
325 0.001451
326 0.001451
327 0.001451
328 0.001463
329 0.001475
330 0.001474
331 0.001474
