0 0.361342
1 0.000001
2 0.000268
3 0.000267
4 0.000267
5 0.000267
6 0.000267
7 0.000267
8 0.000266
9 0.000266
10 0.000266
11 0.000266
12 0.000266
13 0.000621
14 0.000647
15 0.000645
16 0.000644
17 0.000643
18 0.000737
19 0.000880
20 0.000877
21 0.000875
22 0.000873
23 0.000871
24 0.001066
25 0.001093
26 0.001090
27 0.001087
28 0.001083
29 0.001153
30 0.001292
31 0.001287
32 0.001283
33 0.001279
34 0.001275
35 0.001433
36 0.001468
37 0.001462
38 0.001457
39 0.001452
40 0.001498
41 0.001631
42 0.001624
43 0.001618
44 0.001612
45 0.001606
46 0.001729
47 0.001769
48 0.001762
49 0.001755
50 0.001747
51 0.001773
52 0.001896
53 0.001888
54 0.001880
55 0.001872
56 0.001864
57 0.001957
58 0.002000
59 0.001991
60 0.001982
61 0.001973
62 0.001983
63 0.002097
64 0.002088
65 0.002079
66 0.002070
67 0.002060
68 0.002130
69 0.002173
70 0.002163
71 0.002153
72 0.002145
73 0.002144
74 0.002246
75 0.002237
76 0.002227
77 0.002219
78 0.002210
79 0.002259
80 0.002301
81 0.002291
82 0.002283
83 0.002274
84 0.002265
85 0.002357
86 0.002347
87 0.002339
88 0.002330
89 0.002322
90 0.002356
91 0.002395
92 0.002388
93 0.002379
94 0.002372
95 0.002364
96 0.002433
97 0.002431
98 0.002423
99 0.002416
100 0.002408
101 0.002432
102 0.002469
103 0.002463
104 0.002456
105 0.002449
106 0.002444
107 0.002495
108 0.002497
109 0.002491
110 0.002484
111 0.002479
112 0.002493
113 0.002526
114 0.002520
115 0.002514
116 0.002509
117 0.002504
118 0.002540
119 0.002545
120 0.002539
121 0.002535
122 0.002530
123 0.002537
124 0.002565
125 0.002561
126 0.002556
127 0.002552
128 0.002548
129 0.002571
130 0.002577
131 0.002573
132 0.002570
133 0.002566
134 0.002568
135 0.002591
136 0.002588
137 0.002585
138 0.002582
139 0.002579
140 0.002593
141 0.002598
142 0.002595
143 0.002593
144 0.002590
145 0.002590
146 0.002603
147 0.002600
148 0.002598
149 0.002596
150 0.002593
151 0.002598
152 0.002600
153 0.002599
154 0.002597
155 0.002595
156 0.002593
157 0.002596
158 0.002595
159 0.002593
160 0.002592
161 0.002590
162 0.002589
163 0.002588
164 0.002586
165 0.002585
166 0.002584
167 0.002583
168 0.002582
169 0.002581
170 0.002580
171 0.002579
172 0.002579
173 0.002578
174 0.002577
175 0.002577
176 0.002577
177 0.002577
178 0.002577
179 0.002575
180 0.002576
181 0.002576
182 0.002576
183 0.002577
184 0.002577
185 0.002577
186 0.002578
187 0.002579
188 0.002580
189 0.002582
190 0.002582
191 0.002584
192 0.002586
193 0.002587
194 0.002590
195 0.002592
196 0.002593
197 0.002595
198 0.002596
199 0.002598
200 0.002599
201 0.002601
202 0.002602
203 0.002604
204 0.002607
205 0.002609
206 0.002613
207 0.002618
208 0.002621
209 0.002623
210 0.002626
211 0.002628
212 0.002630
213 0.002632
214 0.002635
215 0.002638
216 0.002641
217 0.002643
218 0.002644
219 0.002647
220 0.002650
221 0.002653
222 0.002655
223 0.002657
224 0.002659
225 0.002663
226 0.002666
227 0.002669
228 0.002672
229 0.002675
230 0.002678
231 0.002681
232 0.002684
233 0.002688
234 0.002690
235 0.002692
236 0.002696
237 0.002699
238 0.002703
239 0.002706
240 0.002707
241 0.002711
242 0.002715
243 0.002719
244 0.002722
245 0.002725
246 0.002729
247 0.002733
248 0.002737
249 0.002741
250 0.002745
251 0.002747
252 0.002751
253 0.002756
254 0.002761
255 0.002765
256 0.002769
257 0.002773
258 0.002778
259 0.002782
260 0.002787
261 0.002791
262 0.002792
263 0.002795
264 0.002797
265 0.002799
266 0.002801
267 0.002801
268 0.002801
269 0.002802
270 0.002802
271 0.002802
272 0.002801
273 0.002795
274 0.002791
275 0.002787
276 0.002782
277 0.002777
278 0.002772
279 0.002766
280 0.002762
281 0.002757
282 0.002753
283 0.002748
284 0.002741
285 0.002735
286 0.002731
287 0.002725
288 0.002720
289 0.002714
290 0.002707
291 0.002701
292 0.002696
293 0.002689
294 0.002682
295 0.002674
296 0.002666
297 0.002660
298 0.002653
299 0.002647
300 0.002641
301 0.002634
302 0.002628
303 0.002623
304 0.002618
305 0.002613
306 0.002607
307 0.002601
308 0.002597
309 0.002593
310 0.002589
311 0.002585
312 0.002581
313 0.002578
314 0.002575
315 0.002574
316 0.002571
317 0.002568
318 0.002565
319 0.002564
320 0.002562
321 0.002562
322 0.002561
323 0.002559
324 0.002559
325 0.002559
326 0.002560
327 0.002560
328 0.002559
329 0.002558
330 0.002558
331 0.002559
