0 0.351241
1 0.000001
2 0.000124
3 0.000124
4 0.000143
5 0.000224
6 0.000223
7 0.000276
8 0.000337
9 0.000336
10 0.000415
11 0.000448
12 0.000447
13 0.000548
14 0.000554
15 0.000570
16 0.000655
17 0.000654
18 0.000692
19 0.000750
20 0.000748
21 0.000805
22 0.000838
23 0.000836
24 0.000910
25 0.000919
26 0.000925
27 0.000997
28 0.000994
29 0.001031
30 0.001114
31 0.001110
32 0.001147
33 0.001174
34 0.001170
35 0.001220
36 0.001229
37 0.001227
38 0.001316
39 0.001311
40 0.001321
41 0.001358
42 0.001353
43 0.001374
44 0.001394
45 0.001389
46 0.001443
47 0.001459
48 0.001453
49 0.001489
50 0.001484
51 0.001492
52 0.001542
53 0.001536
54 0.001545
55 0.001557
56 0.001551
57 0.001588
58 0.001603
59 0.001597
60 0.001613
61 0.001609
62 0.001610
63 0.001647
64 0.001641
65 0.001648
66 0.001666
67 0.001660
68 0.001675
69 0.001683
70 0.001677
71 0.001698
72 0.001698
73 0.001694
74 0.001717
75 0.001711
76 0.001714
77 0.001729
78 0.001723
79 0.001732
80 0.001739
81 0.001734
82 0.001749
83 0.001750
84 0.001745
85 0.001768
86 0.001763
87 0.001764
88 0.001781
89 0.001776
90 0.001785
91 0.001796
92 0.001792
93 0.001808
94 0.001813
95 0.001808
96 0.001833
97 0.001831
98 0.001832
99 0.001855
100 0.001851
101 0.001860
102 0.001875
103 0.001871
104 0.001888
105 0.001896
106 0.001892
107 0.001918
108 0.001919
109 0.001919
110 0.001947
111 0.001943
112 0.001952
113 0.001972
114 0.001969
115 0.001986
116 0.001999
117 0.001997
118 0.002022
119 0.002027
120 0.002026
121 0.002058
122 0.002057
123 0.002064
124 0.002088
125 0.002087
126 0.002103
127 0.002119
128 0.002117
129 0.002141
130 0.002149
131 0.002148
132 0.002181
133 0.002181
134 0.002188
135 0.002215
136 0.002215
137 0.002231
138 0.002251
139 0.002251
140 0.002275
141 0.002287
142 0.002286
143 0.002319
144 0.002323
145 0.002328
146 0.002359
147 0.002359
148 0.002372
149 0.002396
150 0.002396
151 0.002419
152 0.002434
153 0.002436
154 0.002468
155 0.002477
156 0.002482
157 0.002517
158 0.002521
159 0.002533
160 0.002560
161 0.002561
162 0.002582
163 0.002601
164 0.002603
165 0.002631
166 0.002641
167 0.002644
168 0.002683
169 0.002688
170 0.002701
171 0.002733
172 0.002738
173 0.002757
174 0.002781
175 0.002785
176 0.002815
177 0.002831
178 0.002837
179 0.002874
180 0.002881
181 0.002893
182 0.002928
183 0.002935
184 0.002955
185 0.002981
186 0.002987
187 0.003013
188 0.003031
189 0.003036
190 0.003070
191 0.003080
192 0.003088
193 0.003124
194 0.003129
195 0.003145
196 0.003173
197 0.003178
198 0.003201
199 0.003220
200 0.003226
201 0.003257
202 0.003268
203 0.003275
204 0.003311
205 0.003317
206 0.003332
207 0.003362
208 0.003368
209 0.003391
210 0.003414
211 0.003421
212 0.003451
213 0.003466
214 0.003473
215 0.003510
216 0.003518
217 0.003531
218 0.003563
219 0.003569
220 0.003588
221 0.003612
222 0.003617
223 0.003642
224 0.003655
225 0.003659
226 0.003689
227 0.003689
228 0.003685
229 0.003700
230 0.003686
231 0.003677
232 0.003669
233 0.003642
234 0.003629
235 0.003615
236 0.003613
237 0.003639
238 0.003647
239 0.003653
240 0.003681
241 0.003685
242 0.003696
243 0.003718
244 0.003722
245 0.003739
246 0.003755
247 0.003759
248 0.003782
249 0.003793
250 0.003799
251 0.003830
252 0.003836
253 0.003849
254 0.003873
255 0.003880
256 0.003899
257 0.003920
258 0.003929
259 0.003953
260 0.003969
261 0.003978
262 0.004008
263 0.004019
264 0.004033
265 0.004061
266 0.004069
267 0.004086
268 0.004108
269 0.004116
270 0.004138
271 0.004153
272 0.004161
273 0.004186
274 0.004196
275 0.004205
276 0.004229
277 0.004234
278 0.004246
279 0.004263
280 0.004266
281 0.004282
282 0.004299
283 0.004309
284 0.004334
285 0.004348
286 0.004359
287 0.004388
288 0.004399
289 0.004415
290 0.004440
291 0.004452
292 0.004471
293 0.004491
294 0.004502
295 0.004525
296 0.004540
297 0.004550
298 0.004576
299 0.004585
300 0.004597
301 0.004619
302 0.004630
303 0.004648
304 0.004667
305 0.004678
306 0.004699
307 0.004715
308 0.004726
309 0.004750
310 0.004763
311 0.004777
312 0.004802
313 0.004817
314 0.004837
315 0.004861
316 0.004877
317 0.004900
318 0.004922
319 0.004938
320 0.004964
321 0.004982
322 0.004995
323 0.005019
324 0.005030
325 0.005044
326 0.005063
327 0.005074
328 0.005090
329 0.005106
330 0.005116
331 0.005134
