0 0.361342
1 0.000001
2 0.000174
3 0.000174
4 0.000174
5 0.000174
6 0.000174
7 0.000174
8 0.000174
9 0.000174
10 0.000174
11 0.000174
12 0.000174
13 0.000174
14 0.000174
15 0.000174
16 0.000174
17 0.000174
18 0.000273
19 0.000424
20 0.000424
21 0.000424
22 0.000424
23 0.000424
24 0.000424
25 0.000424
26 0.000437
27 0.000558
28 0.000558
29 0.000558
30 0.000558
31 0.000558
32 0.000618
33 0.000663
34 0.000663
35 0.000663
36 0.000663
37 0.000667
38 0.000766
39 0.000767
40 0.000766
41 0.000767
42 0.000767
43 0.000805
44 0.000843
45 0.000843
46 0.000879
47 0.000893
48 0.000893
49 0.000941
50 0.000943
51 0.000952
52 0.000992
53 0.000992
54 0.001013
55 0.001040
56 0.001040
57 0.001072
58 0.001089
59 0.001088
60 0.001131
61 0.001136
62 0.001142
63 0.001183
64 0.001183
65 0.001201
66 0.001230
67 0.001230
68 0.001258
69 0.001276
70 0.001276
71 0.001314
72 0.001322
73 0.001325
74 0.001367
75 0.001367
76 0.001380
77 0.001412
78 0.001412
79 0.001435
80 0.001456
81 0.001456
82 0.001490
83 0.001500
84 0.001500
85 0.001543
86 0.001543
87 0.001553
88 0.001586
89 0.001586
90 0.001606
91 0.001628
92 0.001629
93 0.001658
94 0.001671
95 0.001671
96 0.001707
97 0.001710
98 0.001717
99 0.001751
100 0.001751
101 0.001776
102 0.001823
103 0.001823
104 0.001848
105 0.001862
106 0.001862
107 0.001896
108 0.001901
109 0.001906
110 0.001958
111 0.001957
112 0.001970
113 0.001995
114 0.001994
115 0.002015
116 0.002031
117 0.002031
118 0.002074
119 0.002085
120 0.002086
121 0.002121
122 0.002120
123 0.002133
124 0.002170
125 0.002170
126 0.002187
127 0.002205
128 0.002204
129 0.002240
130 0.002253
131 0.002253
132 0.002286
133 0.002287
134 0.002296
135 0.002335
136 0.002335
137 0.002349
138 0.002367
139 0.002367
140 0.002399
141 0.002415
142 0.002414
143 0.002443
144 0.002446
145 0.002451
146 0.002493
147 0.002492
148 0.002503
149 0.002523
150 0.002522
151 0.002547
152 0.002564
153 0.002564
154 0.002595
155 0.002602
156 0.002604
157 0.002638
158 0.002638
159 0.002649
160 0.002675
161 0.002674
162 0.002694
163 0.002710
164 0.002710
165 0.002738
166 0.002746
167 0.002745
168 0.002781
169 0.002781
170 0.002788
171 0.002815
172 0.002815
173 0.002831
174 0.002849
175 0.002849
176 0.002873
177 0.002883
178 0.002882
179 0.002914
180 0.002916
181 0.002921
182 0.002949
183 0.002948
184 0.002961
185 0.002981
186 0.002981
187 0.003001
188 0.003013
189 0.003013
190 0.003040
191 0.003045
192 0.003047
193 0.003076
194 0.003076
195 0.003086
196 0.003107
197 0.003107
198 0.003124
199 0.003138
200 0.003138
201 0.003162
202 0.003168
203 0.003169
204 0.003198
205 0.003198
206 0.003206
207 0.003228
208 0.003228
209 0.003243
210 0.003258
211 0.003258
212 0.003279
213 0.003287
214 0.003288
215 0.003315
216 0.003317
217 0.003324
218 0.003346
219 0.003347
220 0.003359
221 0.003376
222 0.003377
223 0.003395
224 0.003405
225 0.003407
226 0.003430
227 0.003435
228 0.003439
229 0.003462
230 0.003463
231 0.003474
232 0.003491
233 0.003493
234 0.003509
235 0.003521
236 0.003523
237 0.003544
238 0.003550
239 0.003554
240 0.003578
241 0.003580
242 0.003589
243 0.003607
244 0.003609
245 0.003623
246 0.003636
247 0.003639
248 0.003658
249 0.003666
250 0.003669
251 0.003693
252 0.003696
253 0.003704
254 0.003723
255 0.003726
256 0.003739
257 0.003753
258 0.003757
259 0.003774
260 0.003784
261 0.003788
262 0.003809
263 0.003815
264 0.003822
265 0.003842
266 0.003847
267 0.003858
268 0.003874
269 0.003878
270 0.003895
271 0.003906
272 0.003911
273 0.003931
274 0.003939
275 0.003946
276 0.003966
277 0.003972
278 0.003983
279 0.003999
280 0.004005
281 0.004020
282 0.004033
283 0.004040
284 0.004058
285 0.004068
286 0.004076
287 0.004097
288 0.004104
289 0.004115
290 0.004133
291 0.004141
292 0.004155
293 0.004170
294 0.004178
295 0.004196
296 0.004208
297 0.004217
298 0.004237
299 0.004247
300 0.004259
301 0.004278
302 0.004287
303 0.004302
304 0.004318
305 0.004329
306 0.004346
307 0.004360
308 0.004371
309 0.004391
310 0.004403
311 0.004416
312 0.004436
313 0.004448
314 0.004463
315 0.004481
316 0.004494
317 0.004512
318 0.004529
319 0.004542
320 0.004563
321 0.004578
322 0.004593
323 0.004615
324 0.004629
325 0.004647
326 0.004667
327 0.004682
328 0.004701
329 0.004719
330 0.004735
331 0.004756
