0 0.361342
1 0.000001
2 0.000284
3 0.000284
4 0.000283
5 0.000283
6 0.000284
7 0.000283
8 0.000283
9 0.000283
10 0.000283
11 0.000283
12 0.000283
13 0.000295
14 0.000299
15 0.000299
16 0.000299
17 0.000299
18 0.000319
19 0.000356
20 0.000356
21 0.000356
22 0.000356
23 0.000356
24 0.000567
25 0.000605
26 0.000604
27 0.000604
28 0.000604
29 0.000640
30 0.000715
31 0.000715
32 0.000714
33 0.000714
34 0.000714
35 0.000797
36 0.000818
37 0.000817
38 0.000817
39 0.000816
40 0.000842
41 0.000914
42 0.000913
43 0.000914
44 0.000914
45 0.000913
46 0.000981
47 0.001006
48 0.001006
49 0.001006
50 0.001006
51 0.001024
52 0.001095
53 0.001095
54 0.001095
55 0.001096
56 0.001096
57 0.001153
58 0.001182
59 0.001182
60 0.001183
61 0.001184
62 0.001196
63 0.001267
64 0.001269
65 0.001270
66 0.001271
67 0.001272
68 0.001321
69 0.001355
70 0.001356
71 0.001358
72 0.001359
73 0.001366
74 0.001440
75 0.001440
76 0.001441
77 0.001442
78 0.001442
79 0.001483
80 0.001518
81 0.001518
82 0.001517
83 0.001517
84 0.001516
85 0.001591
86 0.001591
87 0.001590
88 0.001590
89 0.001590
90 0.001625
91 0.001665
92 0.001666
93 0.001665
94 0.001664
95 0.001663
96 0.001730
97 0.001734
98 0.001732
99 0.001731
100 0.001729
101 0.001757
102 0.001799
103 0.001798
104 0.001798
105 0.001798
106 0.001797
107 0.001859
108 0.001867
109 0.001866
110 0.001864
111 0.001862
112 0.001884
113 0.001931
114 0.001928
115 0.001927
116 0.001926
117 0.001927
118 0.001986
119 0.002002
120 0.002003
121 0.002005
122 0.002006
123 0.002028
124 0.002085
125 0.002087
126 0.002089
127 0.002091
128 0.002093
129 0.002150
130 0.002173
131 0.002175
132 0.002177
133 0.002179
134 0.002196
135 0.002259
136 0.002261
137 0.002263
138 0.002265
139 0.002267
140 0.002328
141 0.002360
142 0.002362
143 0.002364
144 0.002367
145 0.002379
146 0.002456
147 0.002458
148 0.002459
149 0.002460
150 0.002461
151 0.002516
152 0.002553
153 0.002554
154 0.002554
155 0.002555
156 0.002561
157 0.002645
158 0.002646
159 0.002647
160 0.002649
161 0.002650
162 0.002711
163 0.002772
164 0.002772
165 0.002773
166 0.002773
167 0.002774
168 0.002860
169 0.002861
170 0.002863
171 0.002865
172 0.002867
173 0.002907
174 0.002951
175 0.002952
176 0.002932
177 0.002908
178 0.002899
179 0.002961
180 0.002962
181 0.002959
182 0.002956
183 0.002954
184 0.002978
185 0.003016
186 0.003014
187 0.003012
188 0.003011
189 0.003009
190 0.003084
191 0.003096
192 0.003095
193 0.003094
194 0.003093
195 0.003111
196 0.003147
197 0.003147
198 0.003148
199 0.003149
200 0.003150
201 0.003202
202 0.003215
203 0.003213
204 0.003210
205 0.003207
206 0.003214
207 0.003241
208 0.003238
209 0.003235
210 0.003233
211 0.003231
212 0.003268
213 0.003281
214 0.003279
215 0.003277
216 0.003275
217 0.003279
218 0.003303
219 0.003301
220 0.003299
221 0.003297
222 0.003296
223 0.003320
224 0.003332
225 0.003330
226 0.003328
227 0.003326
228 0.003327
229 0.003342
230 0.003340
231 0.003338
232 0.003336
233 0.003334
234 0.003347
235 0.003355
236 0.003353
237 0.003351
238 0.003348
239 0.003347
240 0.003359
241 0.003357
242 0.003355
243 0.003351
244 0.003348
245 0.003348
246 0.003347
247 0.003341
248 0.003336
249 0.003333
250 0.003332
251 0.003335
252 0.003335
253 0.003334
254 0.003333
255 0.003332
256 0.003330
257 0.003327
258 0.003326
259 0.003325
260 0.003324
261 0.003322
262 0.003313
263 0.003311
264 0.003310
265 0.003309
266 0.003308
267 0.003302
268 0.003293
269 0.003293
270 0.003293
271 0.003293
272 0.003292
273 0.003275
274 0.003272
275 0.003272
276 0.003273
277 0.003273
278 0.003264
279 0.003247
280 0.003248
281 0.003248
282 0.003248
283 0.003249
284 0.003223
285 0.003218
286 0.003219
287 0.003220
288 0.003221
289 0.003213
290 0.003187
291 0.003189
292 0.003191
293 0.003193
294 0.003195
295 0.003165
296 0.003156
297 0.003159
298 0.003154
299 0.003134
300 0.003109
301 0.003064
302 0.003062
303 0.003060
304 0.003059
305 0.003059
306 0.003021
307 0.003003
308 0.003002
309 0.003003
310 0.003003
311 0.002995
312 0.002942
313 0.002942
314 0.002944
315 0.002945
316 0.002946
317 0.002907
318 0.002881
319 0.002883
320 0.002884
321 0.002886
322 0.002883
323 0.002816
324 0.002817
325 0.002819
326 0.002821
327 0.002822
328 0.002781
329 0.002745
330 0.002746
331 0.002748
