0 0.361342
1 0.000001
2 0.000173
3 0.000173
4 0.000173
5 0.000173
6 0.000173
7 0.000173
8 0.000173
9 0.000173
10 0.000173
11 0.000173
12 0.000173
13 0.000414
14 0.000431
15 0.000431
16 0.000431
17 0.000431
18 0.000499
19 0.000603
20 0.000602
21 0.000602
22 0.000602
23 0.000602
24 0.000750
25 0.000773
26 0.000773
27 0.000772
28 0.000772
29 0.000829
30 0.000942
31 0.000942
32 0.000942
33 0.000941
34 0.000941
35 0.001077
36 0.001111
37 0.001110
38 0.001110
39 0.001109
40 0.001154
41 0.001278
42 0.001278
43 0.001277
44 0.001276
45 0.001276
46 0.001399
47 0.001444
48 0.001443
49 0.001442
50 0.001442
51 0.001475
52 0.001609
53 0.001608
54 0.001608
55 0.001607
56 0.001607
57 0.001718
58 0.001772
59 0.001772
60 0.001771
61 0.001770
62 0.001792
63 0.001936
64 0.001935
65 0.001935
66 0.001934
67 0.001933
68 0.002032
69 0.002098
70 0.002097
71 0.002096
72 0.002095
73 0.002105
74 0.002259
75 0.002258
76 0.002257
77 0.002256
78 0.002255
79 0.002343
80 0.002419
81 0.002418
82 0.002417
83 0.002417
84 0.002415
85 0.002579
86 0.002578
87 0.002578
88 0.002577
89 0.002576
90 0.002652
91 0.002739
92 0.002738
93 0.002737
94 0.002736
95 0.002736
96 0.002887
97 0.002897
98 0.002897
99 0.002896
100 0.002895
101 0.002960
102 0.003056
103 0.003056
104 0.003055
105 0.003054
106 0.003053
107 0.003193
108 0.003213
109 0.003213
110 0.003212
111 0.003211
112 0.003264
113 0.003371
114 0.003370
115 0.003370
116 0.003369
117 0.003368
118 0.003496
119 0.003528
120 0.003526
121 0.003525
122 0.003524
123 0.003566
124 0.003683
125 0.003682
126 0.003680
127 0.003679
128 0.003678
129 0.003794
130 0.003836
131 0.003835
132 0.003833
133 0.003832
134 0.003862
135 0.003988
136 0.003987
137 0.003985
138 0.003984
139 0.003984
140 0.004090
141 0.004144
142 0.004145
143 0.004145
144 0.004145
145 0.004163
146 0.004297
147 0.004292
148 0.004288
149 0.004285
150 0.004283
151 0.004376
152 0.004437
153 0.004435
154 0.004432
155 0.004430
156 0.004439
157 0.004583
158 0.004581
159 0.004579
160 0.004577
161 0.004576
162 0.004657
163 0.004727
164 0.004725
165 0.004723
166 0.004720
167 0.004717
168 0.004859
169 0.004856
170 0.004853
171 0.004850
172 0.004847
173 0.004908
174 0.004977
175 0.004975
176 0.004972
177 0.004970
178 0.004967
179 0.005081
180 0.005087
181 0.005084
182 0.005080
183 0.005078
184 0.005121
185 0.005187
186 0.005184
187 0.005181
188 0.005178
189 0.005175
190 0.005263
191 0.005274
192 0.005271
193 0.005268
194 0.005266
195 0.005295
196 0.005355
197 0.005353
198 0.005350
199 0.005348
200 0.005345
201 0.005410
202 0.005424
203 0.005421
204 0.005419
205 0.005416
206 0.005434
207 0.005487
208 0.005486
209 0.005484
210 0.005483
211 0.005481
212 0.005527
213 0.005541
214 0.005538
215 0.005534
216 0.005531
217 0.005538
218 0.005579
219 0.005575
220 0.005571
221 0.005567
222 0.005564
223 0.005590
224 0.005602
225 0.005598
226 0.005594
227 0.005591
228 0.005592
229 0.005619
230 0.005615
231 0.005612
232 0.005609
233 0.005605
234 0.005617
235 0.005623
236 0.005620
237 0.005616
238 0.005613
239 0.005610
240 0.005622
241 0.005618
242 0.005614
243 0.005611
244 0.005608
245 0.005607
246 0.005607
247 0.005603
248 0.005600
249 0.005597
250 0.005593
251 0.005587
252 0.005584
253 0.005581
254 0.005578
255 0.005575
256 0.005566
257 0.005557
258 0.005554
259 0.005551
260 0.005549
261 0.005546
262 0.005522
263 0.005517
264 0.005513
265 0.005508
266 0.005501
267 0.005481
268 0.005453
269 0.005445
270 0.005439
271 0.005435
272 0.005432
273 0.005395
274 0.005388
275 0.005387
276 0.005388
277 0.005391
278 0.005378
279 0.005347
280 0.005348
281 0.005348
282 0.005346
283 0.005344
284 0.005295
285 0.005282
286 0.005280
287 0.005278
288 0.005275
289 0.005255
290 0.005203
291 0.005201
292 0.005198
293 0.005196
294 0.005194
295 0.005135
296 0.005112
297 0.005109
298 0.005107
299 0.005104
300 0.005085
301 0.005013
302 0.005011
303 0.005009
304 0.005007
305 0.005005
306 0.004939
307 0.004905
308 0.004903
309 0.004901
310 0.004899
311 0.004883
312 0.004790
313 0.004788
314 0.004786
315 0.004784
316 0.004782
317 0.004712
318 0.004665
319 0.004663
320 0.004661
321 0.004660
322 0.004650
323 0.004534
324 0.004532
325 0.004531
326 0.004529
327 0.004527
328 0.004455
329 0.004392
330 0.004391
331 0.004390
