0 0.361342
1 0.000001
2 0.000086
3 0.000086
4 0.000086
5 0.000086
6 0.000086
7 0.000086
8 0.000086
9 0.000086
10 0.000086
11 0.000086
12 0.000086
13 0.000202
14 0.000210
15 0.000210
16 0.000210
17 0.000210
18 0.000241
19 0.000288
20 0.000288
21 0.000288
22 0.000288
23 0.000288
24 0.000353
25 0.000363
26 0.000363
27 0.000363
28 0.000363
29 0.000388
30 0.000436
31 0.000436
32 0.000436
33 0.000436
34 0.000436
35 0.000491
36 0.000505
37 0.000505
38 0.000505
39 0.000505
40 0.000523
41 0.000571
42 0.000571
43 0.000572
44 0.000572
45 0.000572
46 0.000618
47 0.000635
48 0.000635
49 0.000635
50 0.000635
51 0.000647
52 0.000696
53 0.000696
54 0.000696
55 0.000696
56 0.000696
57 0.000734
58 0.000754
59 0.000754
60 0.000754
61 0.000754
62 0.000762
63 0.000809
64 0.000809
65 0.000809
66 0.000810
67 0.000810
68 0.000841
69 0.000861
70 0.000861
71 0.000862
72 0.000862
73 0.000866
74 0.000911
75 0.000911
76 0.000911
77 0.000912
78 0.000912
79 0.000936
80 0.000957
81 0.000958
82 0.000958
83 0.000958
84 0.000959
85 0.001001
86 0.001001
87 0.001001
88 0.001002
89 0.001002
90 0.001020
91 0.001041
92 0.001041
93 0.001041
94 0.001042
95 0.001042
96 0.001075
97 0.001077
98 0.001078
99 0.001078
100 0.001078
101 0.001091
102 0.001110
103 0.001111
104 0.001111
105 0.001111
106 0.001111
107 0.001137
108 0.001141
109 0.001141
110 0.001141
111 0.001142
112 0.001151
113 0.001168
114 0.001168
115 0.001169
116 0.001169
117 0.001169
118 0.001188
119 0.001193
120 0.001193
121 0.001193
122 0.001194
123 0.001199
124 0.001214
125 0.001214
126 0.001214
127 0.001214
128 0.001215
129 0.001227
130 0.001231
131 0.001232
132 0.001232
133 0.001232
134 0.001235
135 0.001246
136 0.001246
137 0.001246
138 0.001246
139 0.001247
140 0.001254
141 0.001257
142 0.001258
143 0.001258
144 0.001258
145 0.001258
146 0.001263
147 0.001263
148 0.001262
149 0.001261
150 0.001260
151 0.001262
152 0.001262
153 0.001262
154 0.001262
155 0.001261
156 0.001262
157 0.001262
158 0.001262
159 0.001262
160 0.001261
161 0.001259
162 0.001255
163 0.001251
164 0.001248
165 0.001246
166 0.001244
167 0.001241
168 0.001236
169 0.001234
170 0.001232
171 0.001230
172 0.001228
173 0.001225
174 0.001221
175 0.001220
176 0.001218
177 0.001216
178 0.001214
179 0.001209
180 0.001207
181 0.001206
182 0.001204
183 0.001202
184 0.001199
185 0.001196
186 0.001194
187 0.001192
188 0.001190
189 0.001188
190 0.001183
191 0.001181
192 0.001179
193 0.001177
194 0.001175
195 0.001172
196 0.001168
197 0.001167
198 0.001165
199 0.001163
200 0.001161
201 0.001157
202 0.001154
203 0.001152
204 0.001151
205 0.001149
206 0.001146
207 0.001142
208 0.001140
209 0.001139
210 0.001137
211 0.001135
212 0.001133
213 0.001132
214 0.001130
215 0.001128
216 0.001127
217 0.001125
218 0.001121
219 0.001120
220 0.001118
221 0.001117
222 0.001115
223 0.001114
224 0.001112
225 0.001111
226 0.001109
227 0.001108
228 0.001107
229 0.001103
230 0.001102
231 0.001100
232 0.001100
233 0.001098
234 0.001096
235 0.001095
236 0.001094
237 0.001093
238 0.001092
239 0.001091
240 0.001088
241 0.001087
242 0.001086
243 0.001086
244 0.001085
245 0.001083
246 0.001081
247 0.001081
248 0.001080
249 0.001080
250 0.001080
251 0.001079
252 0.001078
253 0.001079
254 0.001079
255 0.001079
256 0.001078
257 0.001077
258 0.001078
259 0.001078
260 0.001080
261 0.001081
262 0.001079
263 0.001080
264 0.001081
265 0.001083
266 0.001084
267 0.001084
268 0.001084
269 0.001086
270 0.001087
271 0.001088
272 0.001090
273 0.001089
274 0.001090
275 0.001091
276 0.001093
277 0.001094
278 0.001095
279 0.001094
280 0.001096
281 0.001097
282 0.001099
283 0.001100
284 0.001099
285 0.001100
286 0.001101
287 0.001102
288 0.001103
289 0.001105
290 0.001105
291 0.001107
292 0.001109
293 0.001111
294 0.001113
295 0.001112
296 0.001113
297 0.001116
298 0.001118
299 0.001120
300 0.001122
301 0.001122
302 0.001124
303 0.001126
304 0.001128
305 0.001130
306 0.001131
307 0.001132
308 0.001134
309 0.001136
310 0.001138
311 0.001139
312 0.001138
313 0.001139
314 0.001141
315 0.001142
316 0.001143
317 0.001142
318 0.001141
319 0.001142
320 0.001143
321 0.001143
322 0.001143
323 0.001141
324 0.001141
325 0.001141
326 0.001142
327 0.001142
328 0.001141
329 0.001139
330 0.001139
331 0.001140
