0 0.361342
1 0.000001
2 0.000518
3 0.000518
4 0.000518
5 0.000759
6 0.001293
7 0.001533
8 0.001806
9 0.002125
10 0.002317
11 0.002712
12 0.002824
13 0.003297
14 0.003372
15 0.003832
16 0.003951
17 0.004329
18 0.004526
19 0.004822
20 0.005096
21 0.005313
22 0.005663
23 0.005801
24 0.006226
25 0.006296
26 0.006774
27 0.006854
28 0.007254
29 0.007412
30 0.007734
31 0.007968
32 0.008213
33 0.008522
34 0.008690
35 0.009073
36 0.009163
37 0.009621
38 0.009690
39 0.010114
40 0.010236
41 0.010582
42 0.010776
43 0.011044
44 0.011311
45 0.011502
46 0.011839
47 0.011960
48 0.012389
49 0.012456
50 0.012873
51 0.012947
52 0.013306
53 0.013455
54 0.013742
55 0.013964
56 0.014170
57 0.014432
58 0.014553
59 0.014863
60 0.014912
61 0.015254
62 0.015282
63 0.015554
64 0.015619
65 0.015818
66 0.015921
67 0.016056
68 0.016184
69 0.016262
70 0.016415
71 0.016457
72 0.016611
73 0.016606
74 0.016727
75 0.016725
76 0.016796
77 0.016804
78 0.016840
79 0.016848
80 0.016852
81 0.016853
82 0.016837
83 0.016821
84 0.016794
85 0.016757
86 0.016724
87 0.016667
88 0.016622
89 0.016536
90 0.016423
91 0.016317
92 0.016223
93 0.016184
94 0.016090
95 0.016046
96 0.015863
97 0.015814
98 0.015608
99 0.015530
100 0.015332
101 0.015207
102 0.015031
103 0.014853
104 0.014707
105 0.014464
106 0.014355
107 0.014044
108 0.013976
109 0.013601
110 0.013515
111 0.013178
112 0.013027
113 0.012737
114 0.012512
115 0.012276
116 0.011964
117 0.011788
118 0.011380
119 0.011272
120 0.010759
121 0.010665
122 0.010163
123 0.010001
124 0.009568
125 0.009304
126 0.008947
127 0.008574
128 0.008301
129 0.007813
130 0.007637
131 0.007026
132 0.006923
133 0.006240
134 0.006092
135 0.005495
136 0.005219
137 0.004720
138 0.004311
139 0.003920
140 0.003370
141 0.003094
142 0.002394
143 0.002243
144 0.001385
145 0.001183
146 0.000030
147 0.000030
148 0.000030
149 0.000030
150 0.000030
151 0.000029
152 0.000030
153 0.001419
154 0.001861
155 0.002321
156 0.002385
157 0.002838
158 0.002927
159 0.003283
160 0.003435
161 0.003698
162 0.003909
163 0.004084
164 0.004350
165 0.004440
166 0.004757
167 0.004769
168 0.005133
169 0.005135
170 0.005415
171 0.005472
172 0.005674
173 0.005783
174 0.005913
175 0.006070
176 0.006134
177 0.006337
178 0.006339
179 0.006582
180 0.006557
181 0.006780
182 0.006781
183 0.006945
184 0.007001
185 0.007114
186 0.007206
187 0.007264
188 0.007397
189 0.007408
190 0.007580
191 0.007553
192 0.007747
193 0.007723
194 0.007871
195 0.007890
196 0.007991
197 0.008045
198 0.008104
199 0.008194
200 0.008214
201 0.008338
202 0.008323
203 0.008478
204 0.008454
205 0.008589
206 0.008588
207 0.008686
208 0.008718
209 0.008782
210 0.008845
211 0.008877
212 0.008969
213 0.008974
214 0.009093
215 0.009068
216 0.009195
217 0.009189
218 0.009289
219 0.009305
220 0.009371
221 0.009414
222 0.009483
223 0.009570
224 0.009579
225 0.009667
226 0.009655
227 0.009768
228 0.009754
229 0.009844
230 0.009848
231 0.009914
232 0.009943
233 0.009988
234 0.010035
235 0.010056
236 0.010126
237 0.010205
238 0.010503
239 0.010750
240 0.011006
241 0.011181
242 0.011428
243 0.011546
244 0.011668
245 0.011782
246 0.011789
247 0.011712
248 0.011594
249 0.011569
250 0.011600
251 0.011612
252 0.011544
253 0.011569
254 0.011555
255 0.011669
256 0.011745
257 0.011865
258 0.011969
259 0.011995
260 0.012043
261 0.012056
262 0.012141
263 0.012157
264 0.012233
265 0.012296
266 0.012306
267 0.012271
268 0.012251
269 0.012235
270 0.012288
271 0.012312
272 0.012281
273 0.012287
274 0.012259
275 0.012323
276 0.012301
277 0.012222
278 0.012129
279 0.012053
280 0.011979
281 0.011947
282 0.011929
283 0.011915
284 0.011921
285 0.011978
286 0.012091
287 0.012179
288 0.012255
289 0.012288
290 0.012304
291 0.012315
292 0.012368
293 0.012425
294 0.012467
295 0.012482
296 0.012464
297 0.012464
298 0.012530
299 0.012560
300 0.012587
301 0.012633
302 0.012768
303 0.012778
304 0.012788
305 0.013022
306 0.013185
307 0.013294
308 0.013347
309 0.013364
310 0.013416
311 0.013541
312 0.013641
313 0.013711
314 0.013766
315 0.013887
316 0.014012
317 0.014195
318 0.014258
319 0.014227
320 0.014186
321 0.014095
322 0.014039
323 0.013969
324 0.013882
325 0.013750
326 0.013650
327 0.013543
328 0.013514
329 0.013665
330 0.013740
331 0.013780
