0 0.360750
1 0.000001
2 0.000280
3 0.000280
4 0.000280
5 0.000281
6 0.000281
7 0.000281
8 0.000281
9 0.000537
10 0.000693
11 0.000694
12 0.000695
13 0.000878
14 0.000904
15 0.001020
16 0.001052
17 0.001148
18 0.001199
19 0.001274
20 0.001342
21 0.001398
22 0.001484
23 0.001522
24 0.001625
25 0.001648
26 0.001762
27 0.001788
28 0.001884
29 0.001928
30 0.002007
31 0.002068
32 0.002132
33 0.002210
34 0.002260
35 0.002354
36 0.002390
37 0.002499
38 0.002533
39 0.002637
40 0.002682
41 0.002773
42 0.002834
43 0.002910
44 0.002982
45 0.003036
46 0.003107
47 0.003126
48 0.003179
49 0.003162
50 0.003194
51 0.003162
52 0.003173
53 0.003164
54 0.003174
55 0.003169
56 0.003155
57 0.003143
58 0.003095
59 0.003045
60 0.002925
61 0.002841
62 0.002793
63 0.002834
64 0.002848
65 0.002881
66 0.002902
67 0.002928
68 0.002955
69 0.002974
70 0.003008
71 0.003020
72 0.003060
73 0.003067
74 0.003107
75 0.003116
76 0.003149
77 0.003164
78 0.003190
79 0.003212
80 0.003230
81 0.003258
82 0.003269
83 0.003303
84 0.003308
85 0.003346
86 0.003351
87 0.003383
88 0.003387
89 0.003398
90 0.003415
91 0.003436
92 0.003461
93 0.003476
94 0.003505
95 0.003514
96 0.003549
97 0.003555
98 0.003587
99 0.003595
100 0.003620
101 0.003631
102 0.003649
103 0.003660
104 0.003672
105 0.003698
106 0.003709
107 0.003741
108 0.003749
109 0.003785
110 0.003794
111 0.003825
112 0.003840
113 0.003866
114 0.003886
115 0.003907
116 0.003929
117 0.003944
118 0.003974
119 0.003987
120 0.004022
121 0.004035
122 0.004068
123 0.004085
124 0.004115
125 0.004136
126 0.004162
127 0.004183
128 0.004196
129 0.004219
130 0.004230
131 0.004256
132 0.004264
133 0.004292
134 0.004300
135 0.004324
136 0.004335
137 0.004352
138 0.004368
139 0.004383
140 0.004403
141 0.004414
142 0.004437
143 0.004443
144 0.004467
145 0.004471
146 0.004488
147 0.004495
148 0.004510
149 0.004519
150 0.004531
151 0.004545
152 0.004554
153 0.004568
154 0.004573
155 0.004591
156 0.004593
157 0.004608
158 0.004609
159 0.004618
160 0.004618
161 0.004620
162 0.004621
163 0.004622
164 0.004627
165 0.004624
166 0.004630
167 0.004623
168 0.004625
169 0.004619
170 0.004633
171 0.004636
172 0.004647
173 0.004655
174 0.004664
175 0.004673
176 0.004678
177 0.004690
178 0.004692
179 0.004702
180 0.004702
181 0.004710
182 0.004709
183 0.004713
184 0.004713
185 0.004715
186 0.004717
187 0.004718
188 0.004719
189 0.004714
190 0.004712
191 0.004704
192 0.004702
193 0.004694
194 0.004693
195 0.004690
196 0.004689
197 0.004685
198 0.004682
199 0.004679
200 0.004676
201 0.004675
202 0.004672
203 0.004672
204 0.004669
205 0.004669
206 0.004666
207 0.004665
208 0.004662
209 0.004658
210 0.004653
211 0.004646
212 0.004639
213 0.004628
214 0.004614
215 0.004595
216 0.004580
217 0.004571
218 0.004564
219 0.004556
220 0.004547
221 0.004538
222 0.004529
223 0.004519
224 0.004509
225 0.004498
226 0.004488
227 0.004476
228 0.004466
229 0.004452
230 0.004439
231 0.004423
232 0.004408
233 0.004398
234 0.004390
235 0.004384
236 0.004375
237 0.004370
238 0.004360
239 0.004355
240 0.004349
241 0.004349
242 0.004346
243 0.004346
244 0.004344
245 0.004344
246 0.004346
247 0.004346
248 0.004352
249 0.004357
250 0.004369
251 0.004371
252 0.004378
253 0.004379
254 0.004387
255 0.004390
256 0.004392
257 0.004395
258 0.004397
259 0.004402
260 0.004402
261 0.004405
262 0.004397
263 0.004405
264 0.004411
265 0.004427
266 0.004437
267 0.004452
268 0.004465
269 0.004481
270 0.004501
271 0.004515
272 0.004538
273 0.004556
274 0.004585
275 0.004600
276 0.004631
277 0.004651
278 0.004680
279 0.004702
280 0.004726
281 0.004750
282 0.004771
283 0.004792
284 0.004800
285 0.004820
286 0.004817
287 0.004823
288 0.004799
289 0.004773
290 0.004716
291 0.004647
292 0.004560
293 0.004462
294 0.004347
295 0.004256
296 0.004242
297 0.004224
298 0.004223
299 0.004204
300 0.004201
301 0.004184
302 0.004180
303 0.004168
304 0.004159
305 0.004151
306 0.004138
307 0.004132
308 0.004110
309 0.004104
310 0.004079
311 0.004081
312 0.004064
313 0.004060
314 0.004044
315 0.004036
316 0.004024
317 0.004011
318 0.004003
319 0.003986
320 0.003982
321 0.003954
322 0.003950
323 0.003921
324 0.003917
325 0.003897
326 0.003889
327 0.003869
328 0.003853
329 0.003838
330 0.003817
331 0.003807
