0 0.361342
1 0.000001
2 0.000511
3 0.000509
4 0.000509
5 0.000507
6 0.000506
7 0.000791
8 0.001143
9 0.001137
10 0.001397
11 0.001504
12 0.001494
13 0.001884
14 0.001898
15 0.001942
16 0.002219
17 0.002199
18 0.002321
19 0.002510
20 0.002485
21 0.002665
22 0.002754
23 0.002727
24 0.002955
25 0.002964
26 0.002960
27 0.003174
28 0.003141
29 0.003192
30 0.003326
31 0.003291
32 0.003388
33 0.003453
34 0.003418
35 0.003556
36 0.003562
37 0.003534
38 0.003689
39 0.003654
40 0.003668
41 0.003765
42 0.003732
43 0.003781
44 0.003828
45 0.003796
46 0.003873
47 0.003881
48 0.003849
49 0.003949
50 0.003923
51 0.003918
52 0.003987
53 0.003958
54 0.003979
55 0.004013
56 0.003985
57 0.004025
58 0.004030
59 0.004006
60 0.004060
61 0.004043
62 0.004031
63 0.004074
64 0.004052
65 0.004055
66 0.004078
67 0.004058
68 0.004069
69 0.004072
70 0.004053
71 0.004082
72 0.004073
73 0.004057
74 0.004074
75 0.004058
76 0.004057
77 0.004082
78 0.004067
79 0.004064
80 0.004060
81 0.004046
82 0.004032
83 0.004019
84 0.004005
85 0.003992
86 0.003980
87 0.003968
88 0.003955
89 0.003944
90 0.003934
91 0.003923
92 0.003914
93 0.003905
94 0.003896
95 0.003888
96 0.003880
97 0.003873
98 0.003867
99 0.003861
100 0.003856
101 0.003851
102 0.003846
103 0.003842
104 0.003844
105 0.003844
106 0.003842
107 0.003839
108 0.003838
109 0.003836
110 0.003834
111 0.003834
112 0.003833
113 0.003832
114 0.003832
115 0.003834
116 0.003834
117 0.003835
118 0.003833
119 0.003833
120 0.003834
121 0.003832
122 0.003833
123 0.003834
124 0.003836
125 0.003837
126 0.003837
127 0.003837
128 0.003839
129 0.003840
130 0.003842
131 0.003843
132 0.003851
133 0.003853
134 0.003854
135 0.003854
136 0.003855
137 0.003855
138 0.003855
139 0.003856
140 0.003856
141 0.003857
142 0.003858
143 0.003855
144 0.003856
145 0.003856
146 0.003855
147 0.003856
148 0.003856
149 0.003855
150 0.003855
151 0.003853
152 0.003850
153 0.003846
154 0.003838
155 0.003832
156 0.003826
157 0.003816
158 0.003805
159 0.003793
160 0.003778
161 0.003766
162 0.003754
163 0.003741
164 0.003727
165 0.003710
166 0.003696
167 0.003682
168 0.003665
169 0.003651
170 0.003638
171 0.003622
172 0.003612
173 0.003603
174 0.003595
175 0.003588
176 0.003579
177 0.003573
178 0.003569
179 0.003563
180 0.003560
181 0.003557
182 0.003551
183 0.003549
184 0.003547
185 0.003544
186 0.003544
187 0.003541
188 0.003539
189 0.003540
190 0.003537
191 0.003537
192 0.003537
193 0.003533
194 0.003533
195 0.003532
196 0.003530
197 0.003530
198 0.003527
199 0.003524
200 0.003522
201 0.003517
202 0.003514
203 0.003512
204 0.003506
205 0.003504
206 0.003501
207 0.003496
208 0.003494
209 0.003490
210 0.003485
211 0.003482
212 0.003475
213 0.003470
214 0.003468
215 0.003460
216 0.003457
217 0.003453
218 0.003444
219 0.003441
220 0.003434
221 0.003427
222 0.003424
223 0.003417
224 0.003411
225 0.003408
226 0.003398
227 0.003394
228 0.003389
229 0.003379
230 0.003376
231 0.003370
232 0.003362
233 0.003359
234 0.003351
235 0.003345
236 0.003342
237 0.003333
238 0.003329
239 0.003325
240 0.003316
241 0.003313
242 0.003307
243 0.003298
244 0.003295
245 0.003288
246 0.003281
247 0.003278
248 0.003270
249 0.003266
250 0.003264
251 0.003254
252 0.003253
253 0.003249
254 0.003241
255 0.003240
256 0.003235
257 0.003230
258 0.003229
259 0.003222
260 0.003218
261 0.003217
262 0.003208
263 0.003207
264 0.003206
265 0.003199
266 0.003200
267 0.003198
268 0.003194
269 0.003196
270 0.003193
271 0.003192
272 0.003194
273 0.003189
274 0.003191
275 0.003193
276 0.003188
277 0.003191
278 0.003190
279 0.003185
280 0.003186
281 0.003180
282 0.003176
283 0.003174
284 0.003162
285 0.003156
286 0.003152
287 0.003138
288 0.003135
289 0.003128
290 0.003118
291 0.003115
292 0.003107
293 0.003099
294 0.003095
295 0.003084
296 0.003077
297 0.003073
298 0.003059
299 0.003054
300 0.003048
301 0.003035
302 0.003032
303 0.003024
304 0.003015
305 0.003012
306 0.003002
307 0.002996
308 0.002993
309 0.002980
310 0.002976
311 0.002972
312 0.002960
313 0.002957
314 0.002950
315 0.002941
316 0.002938
317 0.002929
318 0.002921
319 0.002919
320 0.002907
321 0.002902
322 0.002899
323 0.002886
324 0.002884
325 0.002878
326 0.002867
327 0.002866
328 0.002857
329 0.002850
330 0.002848
331 0.002838
