0 0.361342
1 0.000001
2 0.000801
3 0.000800
4 0.000797
5 0.001152
6 0.001932
7 0.002254
8 0.002619
9 0.003020
10 0.003249
11 0.003718
12 0.003823
13 0.004344
14 0.004388
15 0.004851
16 0.004925
17 0.005260
18 0.005390
19 0.005612
20 0.005791
21 0.005916
22 0.006136
23 0.006177
24 0.006433
25 0.006411
26 0.006677
27 0.006655
28 0.006842
29 0.006864
30 0.006984
31 0.007042
32 0.007109
33 0.007198
34 0.007220
35 0.007337
36 0.007323
37 0.007457
38 0.007431
39 0.007536
40 0.007529
41 0.007597
42 0.007611
43 0.007649
44 0.007676
45 0.007691
46 0.007730
47 0.007731
48 0.007771
49 0.007757
50 0.007786
51 0.007773
52 0.007782
53 0.007771
54 0.007767
55 0.007754
56 0.007745
57 0.007736
58 0.007728
59 0.007723
60 0.007722
61 0.007720
62 0.007725
63 0.007730
64 0.007741
65 0.007755
66 0.007773
67 0.007785
68 0.007801
69 0.007820
70 0.007852
71 0.007877
72 0.007897
73 0.007921
74 0.007941
75 0.007965
76 0.007988
77 0.008016
78 0.008044
79 0.008072
80 0.008100
81 0.008127
82 0.008158
83 0.008190
84 0.008227
85 0.008259
86 0.008300
87 0.008339
88 0.008371
89 0.008389
90 0.008398
91 0.008397
92 0.008367
93 0.008323
94 0.008278
95 0.008236
96 0.008184
97 0.008134
98 0.008078
99 0.008018
100 0.007952
101 0.007897
102 0.007846
103 0.007800
104 0.007760
105 0.007728
106 0.007706
107 0.007684
108 0.007677
109 0.007670
110 0.007673
111 0.007668
112 0.007671
113 0.007673
114 0.007677
115 0.007680
116 0.007680
117 0.007681
118 0.007675
119 0.007676
120 0.007662
121 0.007646
122 0.007616
123 0.007593
124 0.007569
125 0.007549
126 0.007528
127 0.007512
128 0.007494
129 0.007476
130 0.007466
131 0.007451
132 0.007443
133 0.007421
134 0.007406
135 0.007379
136 0.007357
137 0.007336
138 0.007320
139 0.007305
140 0.007290
141 0.007280
142 0.007260
143 0.007247
144 0.007224
145 0.007212
146 0.007192
147 0.007181
148 0.007166
149 0.007153
150 0.007141
151 0.007132
152 0.007126
153 0.007121
154 0.007126
155 0.007115
156 0.007116
157 0.007103
158 0.007101
159 0.007088
160 0.007082
161 0.007069
162 0.007057
163 0.007044
164 0.007024
165 0.007008
166 0.006979
167 0.006961
168 0.006928
169 0.006910
170 0.006880
171 0.006862
172 0.006834
173 0.006805
174 0.006767
175 0.006728
176 0.006694
177 0.006655
178 0.006629
179 0.006592
180 0.006572
181 0.006542
182 0.006528
183 0.006500
184 0.006473
185 0.006439
186 0.006403
187 0.006371
188 0.006336
189 0.006312
190 0.006278
191 0.006268
192 0.006245
193 0.006242
194 0.006227
195 0.006230
196 0.006229
197 0.006235
198 0.006242
199 0.006250
200 0.006267
201 0.006276
202 0.006300
203 0.006306
204 0.006326
205 0.006327
206 0.006335
207 0.006319
208 0.006305
209 0.006285
210 0.006263
211 0.006244
212 0.006211
213 0.006184
214 0.006136
215 0.006107
216 0.006058
217 0.006029
218 0.005991
219 0.005966
220 0.005934
221 0.005904
222 0.005872
223 0.005837
224 0.005813
225 0.005779
226 0.005765
227 0.005734
228 0.005727
229 0.005704
230 0.005699
231 0.005682
232 0.005672
233 0.005655
234 0.005630
235 0.005607
236 0.005572
237 0.005548
238 0.005501
239 0.005474
240 0.005422
241 0.005392
242 0.005347
243 0.005315
244 0.005278
245 0.005245
246 0.005214
247 0.005178
248 0.005154
249 0.005117
250 0.005101
251 0.005063
252 0.005049
253 0.005016
254 0.005001
255 0.004975
256 0.004958
257 0.004942
258 0.004925
259 0.004917
260 0.004898
261 0.004895
262 0.004871
263 0.004871
264 0.004849
265 0.004847
266 0.004830
267 0.004824
268 0.004812
269 0.004801
270 0.004795
271 0.004780
272 0.004779
273 0.004759
274 0.004762
275 0.004739
276 0.004742
277 0.004724
278 0.004723
279 0.004711
280 0.004705
281 0.004698
282 0.004677
283 0.004659
284 0.004634
285 0.004627
286 0.004593
287 0.004588
288 0.004559
289 0.004552
290 0.004531
291 0.004521
292 0.004507
293 0.004493
294 0.004485
295 0.004458
296 0.004444
297 0.004399
298 0.004372
299 0.004311
300 0.004276
301 0.004215
302 0.004169
303 0.004111
304 0.004057
305 0.004004
306 0.003946
307 0.003899
308 0.003837
309 0.003800
310 0.003738
311 0.003709
312 0.003658
313 0.003629
314 0.003587
315 0.003557
316 0.003526
317 0.003498
318 0.003478
319 0.003448
320 0.003438
321 0.003406
322 0.003403
323 0.003372
324 0.003368
325 0.003342
326 0.003333
327 0.003312
328 0.003297
329 0.003283
330 0.003262
331 0.003253
