0 0.361342
1 0.000001
2 0.000256
3 0.000255
4 0.000255
5 0.000255
6 0.000255
7 0.000254
8 0.000254
9 0.000254
10 0.000253
11 0.000253
12 0.000253
13 0.000551
14 0.000573
15 0.000571
16 0.000570
17 0.000569
18 0.000643
19 0.000757
20 0.000754
21 0.000752
22 0.000749
23 0.000746
24 0.000931
25 0.000956
26 0.000953
27 0.000949
28 0.000945
29 0.001000
30 0.001114
31 0.001109
32 0.001104
33 0.001099
34 0.001095
35 0.001231
36 0.001261
37 0.001255
38 0.001248
39 0.001242
40 0.001279
41 0.001391
42 0.001383
43 0.001377
44 0.001370
45 0.001363
46 0.001465
47 0.001497
48 0.001489
49 0.001481
50 0.001473
51 0.001494
52 0.001595
53 0.001587
54 0.001578
55 0.001570
56 0.001562
57 0.001637
58 0.001671
59 0.001662
60 0.001653
61 0.001645
62 0.001651
63 0.001744
64 0.001735
65 0.001726
66 0.001717
67 0.001708
68 0.001765
69 0.001799
70 0.001790
71 0.001780
72 0.001772
73 0.001770
74 0.001853
75 0.001844
76 0.001835
77 0.001827
78 0.001818
79 0.001858
80 0.001891
81 0.001881
82 0.001874
83 0.001865
84 0.001857
85 0.001931
86 0.001922
87 0.001914
88 0.001906
89 0.001898
90 0.001925
91 0.001956
92 0.001948
93 0.001940
94 0.001932
95 0.001924
96 0.001980
97 0.001976
98 0.001969
99 0.001961
100 0.001953
101 0.001971
102 0.002001
103 0.001993
104 0.001986
105 0.001979
106 0.001972
107 0.002013
108 0.002013
109 0.002006
110 0.001999
111 0.001993
112 0.002003
113 0.002028
114 0.002022
115 0.002015
116 0.002009
117 0.002003
118 0.002032
119 0.002034
120 0.002027
121 0.002022
122 0.002016
123 0.002021
124 0.002042
125 0.002037
126 0.002031
127 0.002026
128 0.002021
129 0.002040
130 0.002044
131 0.002039
132 0.002034
133 0.002029
134 0.002029
135 0.002046
136 0.002041
137 0.002036
138 0.002032
139 0.002027
140 0.002041
141 0.002046
142 0.002041
143 0.002037
144 0.002032
145 0.002030
146 0.002042
147 0.002037
148 0.002034
149 0.002029
150 0.002025
151 0.002037
152 0.002045
153 0.002042
154 0.002038
155 0.002034
156 0.002031
157 0.002038
158 0.002035
159 0.002031
160 0.002027
161 0.002024
162 0.002020
163 0.002017
164 0.002013
165 0.002010
166 0.002007
167 0.002003
168 0.002000
169 0.001997
170 0.001994
171 0.001990
172 0.001988
173 0.001984
174 0.001981
175 0.001979
176 0.001975
177 0.001973
178 0.001970
179 0.001967
180 0.001965
181 0.001962
182 0.001960
183 0.001958
184 0.001955
185 0.001953
186 0.001951
187 0.001949
188 0.001947
189 0.001945
190 0.001943
191 0.001941
192 0.001939
193 0.001937
194 0.001936
195 0.001934
196 0.001932
197 0.001931
198 0.001929
199 0.001929
200 0.001927
201 0.001926
202 0.001925
203 0.001923
204 0.001923
205 0.001922
206 0.001922
207 0.001924
208 0.001923
209 0.001923
210 0.001922
211 0.001922
212 0.001921
213 0.001920
214 0.001920
215 0.001919
216 0.001919
217 0.001919
218 0.001918
219 0.001918
220 0.001918
221 0.001918
222 0.001918
223 0.001917
224 0.001917
225 0.001917
226 0.001917
227 0.001917
228 0.001917
229 0.001918
230 0.001918
231 0.001918
232 0.001918
233 0.001918
234 0.001917
235 0.001917
236 0.001917
237 0.001917
238 0.001917
239 0.001917
240 0.001916
241 0.001917
242 0.001917
243 0.001917
244 0.001917
245 0.001918
246 0.001918
247 0.001918
248 0.001919
249 0.001919
250 0.001920
251 0.001919
252 0.001919
253 0.001919
254 0.001920
255 0.001920
256 0.001920
257 0.001921
258 0.001921
259 0.001922
260 0.001922
261 0.001922
262 0.001926
263 0.001926
264 0.001927
265 0.001927
266 0.001927
267 0.001927
268 0.001927
269 0.001928
270 0.001928
271 0.001928
272 0.001928
273 0.001928
274 0.001927
275 0.001928
276 0.001928
277 0.001928
278 0.001929
279 0.001928
280 0.001929
281 0.001929
282 0.001929
283 0.001929
284 0.001928
285 0.001928
286 0.001928
287 0.001929
288 0.001929
289 0.001929
290 0.001928
291 0.001928
292 0.001929
293 0.001928
294 0.001928
295 0.001928
296 0.001928
297 0.001928
298 0.001928
299 0.001928
300 0.001928
301 0.001926
302 0.001926
303 0.001925
304 0.001925
305 0.001924
306 0.001921
307 0.001919
308 0.001918
309 0.001917
310 0.001915
311 0.001914
312 0.001911
313 0.001908
314 0.001906
315 0.001903
316 0.001900
317 0.001896
318 0.001892
319 0.001890
320 0.001887
321 0.001884
322 0.001881
323 0.001877
324 0.001874
325 0.001871
326 0.001868
327 0.001864
328 0.001860
329 0.001855
330 0.001852
331 0.001848
