0 0.360750
1 0.000001
2 0.000187
3 0.000187
4 0.000187
5 0.000187
6 0.000187
7 0.000187
8 0.000187
9 0.000187
10 0.000187
11 0.000187
12 0.000188
13 0.000443
14 0.000462
15 0.000462
16 0.000463
17 0.000463
18 0.000516
19 0.000594
20 0.000595
21 0.000649
22 0.000681
23 0.000682
24 0.000754
25 0.000766
26 0.000775
27 0.000849
28 0.000850
29 0.000878
30 0.000932
31 0.000933
32 0.000979
33 0.001014
34 0.001016
35 0.001079
36 0.001096
37 0.001101
38 0.001175
39 0.001178
40 0.001200
41 0.001257
42 0.001260
43 0.001299
44 0.001339
45 0.001343
46 0.001399
47 0.001422
48 0.001428
49 0.001498
50 0.001507
51 0.001527
52 0.001586
53 0.001594
54 0.001629
55 0.001674
56 0.001683
57 0.001733
58 0.001763
59 0.001773
60 0.001838
61 0.001855
62 0.001873
63 0.001936
64 0.001947
65 0.001978
66 0.002025
67 0.002032
68 0.002071
69 0.002095
70 0.002093
71 0.002130
72 0.002128
73 0.002118
74 0.002148
75 0.002128
76 0.002121
77 0.002133
78 0.002116
79 0.002126
80 0.002132
81 0.002117
82 0.002131
83 0.002122
84 0.002102
85 0.002116
86 0.002088
87 0.002061
88 0.002043
89 0.001988
90 0.001938
91 0.001899
92 0.001865
93 0.001884
94 0.001893
95 0.001894
96 0.001923
97 0.001925
98 0.001930
99 0.001956
100 0.001956
101 0.001969
102 0.001987
103 0.001987
104 0.002006
105 0.002018
106 0.002018
107 0.002044
108 0.002048
109 0.002050
110 0.002076
111 0.002076
112 0.002086
113 0.002104
114 0.002104
115 0.002120
116 0.002132
117 0.002132
118 0.002154
119 0.002159
120 0.002160
121 0.002186
122 0.002185
123 0.002192
124 0.002212
125 0.002211
126 0.002224
127 0.002237
128 0.002236
129 0.002255
130 0.002261
131 0.002261
132 0.002272
133 0.002272
134 0.002276
135 0.002296
136 0.002297
137 0.002308
138 0.002323
139 0.002324
140 0.002340
141 0.002349
142 0.002349
143 0.002372
144 0.002375
145 0.002378
146 0.002398
147 0.002398
148 0.002406
149 0.002420
150 0.002420
151 0.002432
152 0.002440
153 0.002439
154 0.002452
155 0.002455
156 0.002457
157 0.002479
158 0.002480
159 0.002487
160 0.002504
161 0.002506
162 0.002519
163 0.002531
164 0.002532
165 0.002551
166 0.002558
167 0.002560
168 0.002583
169 0.002585
170 0.002592
171 0.002610
172 0.002613
173 0.002623
174 0.002635
175 0.002637
176 0.002654
177 0.002663
178 0.002666
179 0.002688
180 0.002693
181 0.002699
182 0.002719
183 0.002723
184 0.002735
185 0.002750
186 0.002754
187 0.002771
188 0.002782
189 0.002786
190 0.002803
191 0.002806
192 0.002809
193 0.002827
194 0.002829
195 0.002836
196 0.002849
197 0.002851
198 0.002862
199 0.002871
200 0.002873
201 0.002888
202 0.002893
203 0.002894
204 0.002910
205 0.002911
206 0.002917
207 0.002931
208 0.002933
209 0.002942
210 0.002952
211 0.002953
212 0.002966
213 0.002972
214 0.002972
215 0.002988
216 0.002989
217 0.002992
218 0.003003
219 0.003003
220 0.003010
221 0.003018
222 0.003017
223 0.003027
224 0.003032
225 0.003032
226 0.003045
227 0.003047
228 0.003049
229 0.003060
230 0.003060
231 0.003065
232 0.003073
233 0.003073
234 0.003080
235 0.003084
236 0.003082
237 0.003090
238 0.003090
239 0.003088
240 0.003095
241 0.003091
242 0.003092
243 0.003096
244 0.003093
245 0.003096
246 0.003098
247 0.003094
248 0.003099
249 0.003098
250 0.003093
251 0.003097
252 0.003092
253 0.003092
254 0.003100
255 0.003099
256 0.003104
257 0.003109
258 0.003110
259 0.003117
260 0.003121
261 0.003121
262 0.003129
263 0.003130
264 0.003132
265 0.003140
266 0.003140
267 0.003143
268 0.003147
269 0.003146
270 0.003150
271 0.003152
272 0.003151
273 0.003155
274 0.003154
275 0.003153
276 0.003157
277 0.003156
278 0.003156
279 0.003159
280 0.003157
281 0.003158
282 0.003158
283 0.003155
284 0.003155
285 0.003152
286 0.003148
287 0.003149
288 0.003145
289 0.003142
290 0.003142
291 0.003140
292 0.003140
293 0.003139
294 0.003136
295 0.003136
296 0.003134
297 0.003132
298 0.003133
299 0.003130
300 0.003129
301 0.003129
302 0.003128
303 0.003127
304 0.003127
305 0.003125
306 0.003125
307 0.003124
308 0.003123
309 0.003123
310 0.003122
311 0.003120
312 0.003120
313 0.003117
314 0.003115
315 0.003113
316 0.003109
317 0.003106
318 0.003102
319 0.003097
320 0.003091
321 0.003084
322 0.003075
323 0.003067
324 0.003062
325 0.003059
326 0.003056
327 0.003052
328 0.003049
329 0.003045
330 0.003041
331 0.003037
