0 0.361342
1 0.000001
2 0.000515
3 0.000612
4 0.001149
5 0.001332
6 0.001738
7 0.001990
8 0.002280
9 0.002588
10 0.002774
11 0.003123
12 0.003223
13 0.003597
14 0.003655
15 0.003977
16 0.004135
17 0.004627
18 0.004729
19 0.004885
20 0.005002
21 0.005094
22 0.005357
23 0.005462
24 0.005563
25 0.005582
26 0.005831
27 0.005831
28 0.005842
29 0.005877
30 0.005950
31 0.005956
32 0.005962
33 0.005944
34 0.005929
35 0.005872
36 0.005849
37 0.005743
38 0.005709
39 0.005569
40 0.005505
41 0.005355
42 0.005243
43 0.005098
44 0.004926
45 0.004797
46 0.004551
47 0.004453
48 0.004122
49 0.004050
50 0.003656
51 0.003556
52 0.003192
53 0.003011
54 0.002695
55 0.002591
56 0.002492
57 0.002572
58 0.002608
59 0.002707
60 0.002719
61 0.002833
62 0.002842
63 0.002936
64 0.002958
65 0.003032
66 0.003069
67 0.003120
68 0.003175
69 0.003205
70 0.003274
71 0.003288
72 0.003368
73 0.003371
74 0.003452
75 0.003460
76 0.003522
77 0.003543
78 0.003588
79 0.003623
80 0.003651
81 0.003697
82 0.003711
83 0.003767
84 0.003768
85 0.003818
86 0.003818
87 0.003868
88 0.003880
89 0.003917
90 0.003937
91 0.003961
92 0.003985
93 0.003995
94 0.004032
95 0.004037
96 0.004082
97 0.004083
98 0.004119
99 0.004126
100 0.004160
101 0.004176
102 0.004202
103 0.004221
104 0.004236
105 0.004269
106 0.004284
107 0.004317
108 0.004328
109 0.004371
110 0.004383
111 0.004414
112 0.004433
113 0.004464
114 0.004485
115 0.004507
116 0.004535
117 0.004557
118 0.004584
119 0.004599
120 0.004628
121 0.004643
122 0.004669
123 0.004685
124 0.004708
125 0.004726
126 0.004747
127 0.004767
128 0.004788
129 0.004807
130 0.004825
131 0.004843
132 0.004851
133 0.004824
134 0.004765
135 0.004697
136 0.004634
137 0.004579
138 0.004524
139 0.004455
140 0.004381
141 0.004316
142 0.004256
143 0.004210
144 0.004138
145 0.004084
146 0.004019
147 0.003992
148 0.003968
149 0.003954
150 0.003937
151 0.003918
152 0.003904
153 0.003877
154 0.003868
155 0.003833
156 0.003825
157 0.003787
158 0.003776
159 0.003741
160 0.003723
161 0.003693
162 0.003665
163 0.003642
164 0.003605
165 0.003588
166 0.003542
167 0.003532
168 0.003475
169 0.003466
170 0.003417
171 0.003398
172 0.003357
173 0.003328
174 0.003295
175 0.003254
176 0.003230
177 0.003178
178 0.003163
179 0.003097
180 0.003086
181 0.003019
182 0.003001
183 0.002944
184 0.002912
185 0.002865
186 0.002820
187 0.002784
188 0.002725
189 0.002701
190 0.002625
191 0.002611
192 0.002523
193 0.002506
194 0.002430
195 0.002397
196 0.002334
197 0.002285
198 0.002235
199 0.002171
200 0.002135
201 0.002053
202 0.002033
203 0.001932
204 0.001916
205 0.001820
206 0.001791
207 0.001710
208 0.001663
209 0.001598
210 0.001531
211 0.001483
212 0.001397
213 0.001366
214 0.001260
215 0.001241
216 0.001125
217 0.001100
218 0.001002
219 0.000957
220 0.000878
221 0.000814
222 0.000754
223 0.000671
224 0.000631
225 0.000532
226 0.000511
227 0.000403
228 0.000387
229 0.000312
230 0.000293
231 0.000260
232 0.000252
233 0.000264
234 0.000304
235 0.000341
236 0.000430
237 0.000462
238 0.000652
239 0.000675
240 0.000721
241 0.000767
242 0.001185
243 0.001356
244 0.001654
245 0.001903
246 0.002127
247 0.002440
248 0.002586
249 0.002952
250 0.003028
251 0.003435
252 0.003506
253 0.003834
254 0.003960
255 0.004218
256 0.004390
257 0.004589
258 0.004801
259 0.004952
260 0.005193
261 0.005309
262 0.005574
263 0.005684
264 0.005935
265 0.006070
266 0.006286
267 0.006447
268 0.006641
269 0.006807
270 0.006941
271 0.007056
272 0.007151
273 0.007202
274 0.007274
275 0.007279
276 0.007336
277 0.007315
278 0.007338
279 0.007301
280 0.007269
281 0.007234
282 0.007131
283 0.007106
284 0.006906
285 0.006909
286 0.006589
287 0.006587
288 0.006232
289 0.006152
290 0.005817
291 0.005619
292 0.005321
293 0.004981
294 0.004739
295 0.004235
296 0.004068
297 0.003378
298 0.003270
299 0.002449
300 0.002273
301 0.001525
302 0.001171
303 0.000524
304 0.000432
305 0.000660
306 0.001523
307 0.001951
308 0.002980
309 0.003195
310 0.004379
311 0.004553
312 0.005565
313 0.005883
314 0.006703
315 0.007239
316 0.007905
317 0.008609
318 0.009096
319 0.009959
320 0.010268
321 0.011280
322 0.011490
323 0.012523
324 0.012808
325 0.013658
326 0.014088
327 0.014763
328 0.015329
329 0.015835
330 0.016556
331 0.016921
