0 0.360750
1 0.000001
2 0.000093
3 0.000093
4 0.000093
5 0.000093
6 0.000093
7 0.000093
8 0.000094
9 0.000094
10 0.000093
11 0.000094
12 0.000094
13 0.000094
14 0.000094
15 0.000094
16 0.000094
17 0.000094
18 0.000094
19 0.000094
20 0.000094
21 0.000094
22 0.000094
23 0.000094
24 0.000212
25 0.000231
26 0.000231
27 0.000231
28 0.000231
29 0.000231
30 0.000231
31 0.000232
32 0.000231
33 0.000232
34 0.000232
35 0.000284
36 0.000297
37 0.000298
38 0.000298
39 0.000298
40 0.000309
41 0.000340
42 0.000340
43 0.000341
44 0.000341
45 0.000341
46 0.000372
47 0.000383
48 0.000383
49 0.000383
50 0.000384
51 0.000392
52 0.000425
53 0.000425
54 0.000425
55 0.000426
56 0.000426
57 0.000453
58 0.000466
59 0.000467
60 0.000467
61 0.000467
62 0.000473
63 0.000507
64 0.000507
65 0.000508
66 0.000508
67 0.000509
68 0.000532
69 0.000548
70 0.000548
71 0.000549
72 0.000550
73 0.000553
74 0.000588
75 0.000589
76 0.000589
77 0.000590
78 0.000591
79 0.000611
80 0.000629
81 0.000630
82 0.000630
83 0.000631
84 0.000633
85 0.000668
86 0.000670
87 0.000671
88 0.000672
89 0.000673
90 0.000690
91 0.000710
92 0.000711
93 0.000713
94 0.000714
95 0.000715
96 0.000748
97 0.000752
98 0.000754
99 0.000755
100 0.000757
101 0.000772
102 0.000793
103 0.000795
104 0.000797
105 0.000799
106 0.000801
107 0.000831
108 0.000837
109 0.000839
110 0.000842
111 0.000844
112 0.000856
113 0.000880
114 0.000882
115 0.000884
116 0.000887
117 0.000889
118 0.000916
119 0.000925
120 0.000928
121 0.000931
122 0.000933
123 0.000944
124 0.000969
125 0.000972
126 0.000975
127 0.000977
128 0.000980
129 0.001004
130 0.001014
131 0.001016
132 0.001019
133 0.001020
134 0.001027
135 0.001051
136 0.001052
137 0.001052
138 0.001052
139 0.001051
140 0.001067
141 0.001074
142 0.001072
143 0.001069
144 0.001066
145 0.001065
146 0.001083
147 0.001079
148 0.001074
149 0.001068
150 0.001063
151 0.001072
152 0.001076
153 0.001071
154 0.001067
155 0.001062
156 0.001060
157 0.001077
158 0.001074
159 0.001070
160 0.001067
161 0.001063
162 0.001070
163 0.001075
164 0.001070
165 0.001065
166 0.001060
167 0.001055
168 0.001069
169 0.001062
170 0.001055
171 0.001048
172 0.001039
173 0.001038
174 0.001037
175 0.001025
176 0.001012
177 0.000997
178 0.000981
179 0.000979
180 0.000966
181 0.000952
182 0.000941
183 0.000935
184 0.000939
185 0.000949
186 0.000949
187 0.000949
188 0.000949
189 0.000949
190 0.000962
191 0.000965
192 0.000965
193 0.000965
194 0.000965
195 0.000970
196 0.000980
197 0.000980
198 0.000980
199 0.000980
200 0.000980
201 0.000993
202 0.000996
203 0.000996
204 0.000996
205 0.000996
206 0.001000
207 0.001011
208 0.001011
209 0.001011
210 0.001011
211 0.001011
212 0.001022
213 0.001026
214 0.001026
215 0.001026
216 0.001026
217 0.001029
218 0.001041
219 0.001041
220 0.001041
221 0.001041
222 0.001041
223 0.001050
224 0.001055
225 0.001055
226 0.001055
227 0.001055
228 0.001057
229 0.001069
230 0.001069
231 0.001069
232 0.001069
233 0.001069
234 0.001077
235 0.001083
236 0.001082
237 0.001082
238 0.001082
239 0.001083
240 0.001096
241 0.001096
242 0.001096
243 0.001095
244 0.001095
245 0.001102
246 0.001109
247 0.001109
248 0.001109
249 0.001108
250 0.001108
251 0.001122
252 0.001121
253 0.001121
254 0.001121
255 0.001121
256 0.001127
257 0.001134
258 0.001134
259 0.001134
260 0.001134
261 0.001133
262 0.001139
263 0.001139
264 0.001139
265 0.001139
266 0.001139
267 0.001144
268 0.001151
269 0.001151
270 0.001151
271 0.001152
272 0.001152
273 0.001163
274 0.001165
275 0.001165
276 0.001165
277 0.001165
278 0.001169
279 0.001178
280 0.001178
281 0.001178
282 0.001178
283 0.001178
284 0.001188
285 0.001190
286 0.001191
287 0.001191
288 0.001191
289 0.001194
290 0.001203
291 0.001202
292 0.001202
293 0.001202
294 0.001202
295 0.001211
296 0.001214
297 0.001214
298 0.001213
299 0.001213
300 0.001215
301 0.001224
302 0.001224
303 0.001224
304 0.001223
305 0.001223
306 0.001229
307 0.001231
308 0.001231
309 0.001231
310 0.001231
311 0.001233
312 0.001243
313 0.001243
314 0.001243
315 0.001244
316 0.001244
317 0.001251
318 0.001255
319 0.001256
320 0.001256
321 0.001257
322 0.001258
323 0.001268
324 0.001269
325 0.001269
326 0.001270
327 0.001270
328 0.001276
329 0.001282
330 0.001282
331 0.001283
