0 0.351241
1 0.000001
2 0.000062
3 0.000062
4 0.000062
5 0.000062
6 0.000062
7 0.000083
8 0.000112
9 0.000112
10 0.000112
11 0.000112
12 0.000112
13 0.000165
14 0.000168
15 0.000168
16 0.000168
17 0.000168
18 0.000191
19 0.000224
20 0.000224
21 0.000224
22 0.000224
23 0.000224
24 0.000270
25 0.000277
26 0.000277
27 0.000277
28 0.000277
29 0.000294
30 0.000328
31 0.000328
32 0.000327
33 0.000327
34 0.000327
35 0.000366
36 0.000375
37 0.000375
38 0.000375
39 0.000374
40 0.000386
41 0.000420
42 0.000419
43 0.000419
44 0.000418
45 0.000418
46 0.000450
47 0.000461
48 0.000460
49 0.000460
50 0.000459
51 0.000467
52 0.000500
53 0.000499
54 0.000498
55 0.000497
56 0.000497
57 0.000537
58 0.000558
59 0.000557
60 0.000556
61 0.000555
62 0.000559
63 0.000590
64 0.000589
65 0.000588
66 0.000586
67 0.000585
68 0.000605
69 0.000617
70 0.000616
71 0.000615
72 0.000614
73 0.000616
74 0.000660
75 0.000659
76 0.000657
77 0.000656
78 0.000655
79 0.000669
80 0.000681
81 0.000680
82 0.000678
83 0.000677
84 0.000676
85 0.000701
86 0.000699
87 0.000698
88 0.000696
89 0.000695
90 0.000713
91 0.000733
92 0.000732
93 0.000730
94 0.000729
95 0.000727
96 0.000746
97 0.000746
98 0.000744
99 0.000743
100 0.000742
101 0.000754
102 0.000774
103 0.000772
104 0.000770
105 0.000769
106 0.000768
107 0.000780
108 0.000781
109 0.000780
110 0.000778
111 0.000777
112 0.000786
113 0.000806
114 0.000804
115 0.000803
116 0.000801
117 0.000800
118 0.000808
119 0.000809
120 0.000807
121 0.000806
122 0.000804
123 0.000809
124 0.000826
125 0.000825
126 0.000823
127 0.000821
128 0.000820
129 0.000832
130 0.000836
131 0.000834
132 0.000833
133 0.000831
134 0.000833
135 0.000846
136 0.000844
137 0.000843
138 0.000841
139 0.000840
140 0.000849
141 0.000853
142 0.000852
143 0.000850
144 0.000849
145 0.000849
146 0.000861
147 0.000860
148 0.000858
149 0.000857
150 0.000855
151 0.000863
152 0.000867
153 0.000866
154 0.000864
155 0.000863
156 0.000862
157 0.000874
158 0.000873
159 0.000871
160 0.000870
161 0.000869
162 0.000874
163 0.000879
164 0.000878
165 0.000877
166 0.000875
167 0.000874
168 0.000887
169 0.000886
170 0.000884
171 0.000883
172 0.000882
173 0.000887
174 0.000894
175 0.000892
176 0.000891
177 0.000890
178 0.000889
179 0.000902
180 0.000901
181 0.000900
182 0.000899
183 0.000898
184 0.000903
185 0.000911
186 0.000910
187 0.000908
188 0.000907
189 0.000906
190 0.000919
191 0.000920
192 0.000919
193 0.000917
194 0.000916
195 0.000921
196 0.000931
197 0.000929
198 0.000928
199 0.000927
200 0.000926
201 0.000938
202 0.000941
203 0.000940
204 0.000939
205 0.000938
206 0.000941
207 0.000952
208 0.000951
209 0.000950
210 0.000949
211 0.000948
212 0.000960
213 0.000964
214 0.000963
215 0.000962
216 0.000961
217 0.000963
218 0.000976
219 0.000976
220 0.000975
221 0.000974
222 0.000973
223 0.000984
224 0.000989
225 0.000988
226 0.000988
227 0.000987
228 0.000989
229 0.001003
230 0.001003
231 0.001002
232 0.001001
233 0.001001
234 0.001011
235 0.001017
236 0.001017
237 0.001016
238 0.001016
239 0.001016
240 0.001032
241 0.001032
242 0.001031
243 0.001031
244 0.001030
245 0.001040
246 0.001047
247 0.001047
248 0.001046
249 0.001046
250 0.001046
251 0.001063
252 0.001063
253 0.001062
254 0.001062
255 0.001061
256 0.001069
257 0.001078
258 0.001078
259 0.001078
260 0.001077
261 0.001077
262 0.001093
263 0.001094
264 0.001094
265 0.001094
266 0.001094
267 0.001100
268 0.001111
269 0.001111
270 0.001111
271 0.001111
272 0.001111
273 0.001126
274 0.001129
275 0.001129
276 0.001129
277 0.001129
278 0.001135
279 0.001147
280 0.001147
281 0.001147
282 0.001147
283 0.001147
284 0.001161
285 0.001165
286 0.001165
287 0.001165
288 0.001165
289 0.001170
290 0.001183
291 0.001183
292 0.001183
293 0.001183
294 0.001183
295 0.001196
296 0.001201
297 0.001201
298 0.001202
299 0.001202
300 0.001206
301 0.001220
302 0.001221
303 0.001221
304 0.001222
305 0.001222
306 0.001234
307 0.001241
308 0.001242
309 0.001242
310 0.001243
311 0.001246
312 0.001262
313 0.001263
314 0.001264
315 0.001264
316 0.001265
317 0.001276
318 0.001284
319 0.001284
320 0.001285
321 0.001285
322 0.001287
323 0.001304
324 0.001304
325 0.001305
326 0.001306
327 0.001306
328 0.001316
329 0.001324
330 0.001325
331 0.001325
