0 0.361342
1 0.000001
2 0.000765
3 0.000764
4 0.000760
5 0.001037
6 0.001710
7 0.001962
8 0.002249
9 0.002621
10 0.002837
11 0.003211
12 0.003285
13 0.003731
14 0.003754
15 0.004133
16 0.004180
17 0.004447
18 0.004541
19 0.004713
20 0.004848
21 0.004938
22 0.005107
23 0.005129
24 0.005329
25 0.005300
26 0.005508
27 0.005480
28 0.005623
29 0.005631
30 0.005719
31 0.005756
32 0.005799
33 0.005859
34 0.005863
35 0.005945
36 0.005918
37 0.006013
38 0.005975
39 0.006046
40 0.006026
41 0.006066
42 0.006062
43 0.006078
44 0.006088
45 0.006086
46 0.006100
47 0.006079
48 0.006112
49 0.006084
50 0.006097
51 0.006076
52 0.006111
53 0.006088
54 0.006078
55 0.006046
56 0.006016
57 0.005986
58 0.005958
59 0.005931
60 0.005907
61 0.005883
62 0.005862
63 0.005842
64 0.005825
65 0.005808
66 0.005794
67 0.005781
68 0.005770
69 0.005761
70 0.005764
71 0.005762
72 0.005756
73 0.005753
74 0.005749
75 0.005748
76 0.005747
77 0.005748
78 0.005750
79 0.005749
80 0.005748
81 0.005747
82 0.005748
83 0.005752
84 0.005755
85 0.005754
86 0.005758
87 0.005761
88 0.005767
89 0.005777
90 0.005779
91 0.005781
92 0.005781
93 0.005782
94 0.005783
95 0.005785
96 0.005782
97 0.005783
98 0.005781
99 0.005782
100 0.005781
101 0.005778
102 0.005770
103 0.005757
104 0.005742
105 0.005722
106 0.005697
107 0.005666
108 0.005638
109 0.005609
110 0.005578
111 0.005542
112 0.005509
113 0.005475
114 0.005444
115 0.005417
116 0.005397
117 0.005381
118 0.005362
119 0.005352
120 0.005340
121 0.005334
122 0.005323
123 0.005319
124 0.005314
125 0.005311
126 0.005308
127 0.005306
128 0.005305
129 0.005300
130 0.005299
131 0.005294
132 0.005294
133 0.005284
134 0.005280
135 0.005269
136 0.005263
137 0.005255
138 0.005247
139 0.005240
140 0.005230
141 0.005222
142 0.005208
143 0.005200
144 0.005186
145 0.005178
146 0.005162
147 0.005152
148 0.005137
149 0.005125
150 0.005113
151 0.005099
152 0.005086
153 0.005070
154 0.005059
155 0.005043
156 0.005034
157 0.005017
158 0.005007
159 0.004992
160 0.004981
161 0.004968
162 0.004954
163 0.004941
164 0.004926
165 0.004916
166 0.004901
167 0.004895
168 0.004879
169 0.004873
170 0.004859
171 0.004853
172 0.004843
173 0.004834
174 0.004824
175 0.004815
176 0.004810
177 0.004801
178 0.004800
179 0.004791
180 0.004793
181 0.004787
182 0.004789
183 0.004785
184 0.004786
185 0.004785
186 0.004782
187 0.004777
188 0.004767
189 0.004759
190 0.004738
191 0.004727
192 0.004704
193 0.004693
194 0.004673
195 0.004662
196 0.004645
197 0.004629
198 0.004611
199 0.004592
200 0.004577
201 0.004555
202 0.004544
203 0.004522
204 0.004513
205 0.004492
206 0.004482
207 0.004464
208 0.004450
209 0.004434
210 0.004419
211 0.004406
212 0.004388
213 0.004377
214 0.004356
215 0.004348
216 0.004326
217 0.004318
218 0.004299
219 0.004288
220 0.004273
221 0.004260
222 0.004248
223 0.004232
224 0.004223
225 0.004205
226 0.004197
227 0.004173
228 0.004164
229 0.004142
230 0.004131
231 0.004112
232 0.004098
233 0.004082
234 0.004066
235 0.004054
236 0.004034
237 0.004024
238 0.004001
239 0.003994
240 0.003971
241 0.003962
242 0.003943
243 0.003933
244 0.003918
245 0.003905
246 0.003893
247 0.003877
248 0.003869
249 0.003850
250 0.003844
251 0.003822
252 0.003817
253 0.003796
254 0.003788
255 0.003772
256 0.003760
257 0.003747
258 0.003732
259 0.003722
260 0.003704
261 0.003698
262 0.003677
263 0.003674
264 0.003655
265 0.003650
266 0.003634
267 0.003627
268 0.003615
269 0.003603
270 0.003594
271 0.003577
272 0.003572
273 0.003553
274 0.003551
275 0.003529
276 0.003527
277 0.003509
278 0.003504
279 0.003490
280 0.003480
281 0.003471
282 0.003458
283 0.003452
284 0.003436
285 0.003434
286 0.003414
287 0.003414
288 0.003396
289 0.003393
290 0.003379
291 0.003373
292 0.003363
293 0.003353
294 0.003348
295 0.003334
296 0.003332
297 0.003314
298 0.003316
299 0.003295
300 0.003296
301 0.003279
302 0.003275
303 0.003263
304 0.003254
305 0.003246
306 0.003234
307 0.003230
308 0.003214
309 0.003215
310 0.003192
311 0.003192
312 0.003167
313 0.003159
314 0.003136
315 0.003121
316 0.003100
317 0.003078
318 0.003063
319 0.003037
320 0.003027
321 0.002997
322 0.002992
323 0.002961
324 0.002953
325 0.002928
326 0.002918
327 0.002900
328 0.002885
329 0.002873
330 0.002855
331 0.002849
