0 0.361342
1 0.000001
2 0.000087
3 0.000087
4 0.000087
5 0.000087
6 0.000087
7 0.000087
8 0.000087
9 0.000087
10 0.000087
11 0.000087
12 0.000087
13 0.000087
14 0.000087
15 0.000087
16 0.000087
17 0.000087
18 0.000087
19 0.000087
20 0.000087
21 0.000087
22 0.000087
23 0.000087
24 0.000087
25 0.000087
26 0.000087
27 0.000087
28 0.000087
29 0.000087
30 0.000087
31 0.000087
32 0.000087
33 0.000087
34 0.000087
35 0.000187
36 0.000212
37 0.000212
38 0.000212
39 0.000212
40 0.000212
41 0.000212
42 0.000212
43 0.000212
44 0.000212
45 0.000212
46 0.000212
47 0.000212
48 0.000212
49 0.000212
50 0.000212
51 0.000225
52 0.000279
53 0.000279
54 0.000279
55 0.000279
56 0.000279
57 0.000279
58 0.000279
59 0.000279
60 0.000279
61 0.000279
62 0.000286
63 0.000332
64 0.000332
65 0.000332
66 0.000332
67 0.000332
68 0.000332
69 0.000332
70 0.000332
71 0.000332
72 0.000332
73 0.000335
74 0.000383
75 0.000383
76 0.000384
77 0.000384
78 0.000383
79 0.000383
80 0.000383
81 0.000383
82 0.000383
83 0.000384
84 0.000383
85 0.000422
86 0.000422
87 0.000422
88 0.000421
89 0.000422
90 0.000433
91 0.000447
92 0.000446
93 0.000447
94 0.000447
95 0.000447
96 0.000470
97 0.000471
98 0.000472
99 0.000471
100 0.000471
101 0.000481
102 0.000496
103 0.000496
104 0.000496
105 0.000496
106 0.000496
107 0.000517
108 0.000520
109 0.000520
110 0.000520
111 0.000520
112 0.000528
113 0.000544
114 0.000545
115 0.000544
116 0.000544
117 0.000544
118 0.000564
119 0.000568
120 0.000568
121 0.000568
122 0.000568
123 0.000575
124 0.000592
125 0.000592
126 0.000592
127 0.000592
128 0.000592
129 0.000609
130 0.000615
131 0.000615
132 0.000615
133 0.000615
134 0.000620
135 0.000638
136 0.000639
137 0.000638
138 0.000638
139 0.000638
140 0.000654
141 0.000661
142 0.000661
143 0.000661
144 0.000661
145 0.000664
146 0.000684
147 0.000684
148 0.000684
149 0.000684
150 0.000684
151 0.000697
152 0.000706
153 0.000706
154 0.000706
155 0.000706
156 0.000708
157 0.000728
158 0.000728
159 0.000728
160 0.000729
161 0.000728
162 0.000740
163 0.000750
164 0.000750
165 0.000750
166 0.000750
167 0.000750
168 0.000772
169 0.000772
170 0.000772
171 0.000772
172 0.000772
173 0.000782
174 0.000793
175 0.000793
176 0.000794
177 0.000793
178 0.000794
179 0.000813
180 0.000814
181 0.000815
182 0.000815
183 0.000815
184 0.000823
185 0.000836
186 0.000836
187 0.000836
188 0.000836
189 0.000836
190 0.000853
191 0.000855
192 0.000855
193 0.000855
194 0.000856
195 0.000863
196 0.000876
197 0.000876
198 0.000876
199 0.000876
200 0.000876
201 0.000904
202 0.000912
203 0.000913
204 0.000912
205 0.000912
206 0.000917
207 0.000932
208 0.000932
209 0.000932
210 0.000932
211 0.000932
212 0.000946
213 0.000951
214 0.000951
215 0.000951
216 0.000951
217 0.000957
218 0.000980
219 0.000980
220 0.000980
221 0.000980
222 0.000979
223 0.000992
224 0.000998
225 0.000998
226 0.000998
227 0.000998
228 0.001001
229 0.001017
230 0.001017
231 0.001017
232 0.001017
233 0.001017
234 0.001032
235 0.001044
236 0.001043
237 0.001043
238 0.001043
239 0.001045
240 0.001061
241 0.001061
242 0.001061
243 0.001061
244 0.001061
245 0.001075
246 0.001086
247 0.001086
248 0.001086
249 0.001086
250 0.001086
251 0.001104
252 0.001104
253 0.001103
254 0.001103
255 0.001103
256 0.001115
257 0.001128
258 0.001128
259 0.001128
260 0.001128
261 0.001128
262 0.001144
263 0.001145
264 0.001145
265 0.001145
266 0.001144
267 0.001154
268 0.001169
269 0.001169
270 0.001169
271 0.001169
272 0.001169
273 0.001183
274 0.001185
275 0.001185
276 0.001185
277 0.001185
278 0.001193
279 0.001209
280 0.001209
281 0.001209
282 0.001209
283 0.001209
284 0.001221
285 0.001224
286 0.001225
287 0.001224
288 0.001224
289 0.001230
290 0.001248
291 0.001248
292 0.001248
293 0.001248
294 0.001247
295 0.001259
296 0.001263
297 0.001263
298 0.001263
299 0.001263
300 0.001267
301 0.001284
302 0.001284
303 0.001284
304 0.001284
305 0.001284
306 0.001296
307 0.001303
308 0.001303
309 0.001302
310 0.001302
311 0.001305
312 0.001321
313 0.001321
314 0.001321
315 0.001321
316 0.001321
317 0.001332
318 0.001339
319 0.001339
320 0.001339
321 0.001339
322 0.001340
323 0.001357
324 0.001357
325 0.001357
326 0.001357
327 0.001357
328 0.001367
329 0.001375
330 0.001375
331 0.001375
