0 0.361342
1 0.000001
2 0.000172
3 0.000172
4 0.000173
5 0.000172
6 0.000172
7 0.000288
8 0.000420
9 0.000420
10 0.000529
11 0.000576
12 0.000577
13 0.000717
14 0.000727
15 0.000751
16 0.000872
17 0.000872
18 0.000928
19 0.001011
20 0.001011
21 0.001095
22 0.001144
23 0.001144
24 0.001254
25 0.001272
26 0.001284
27 0.001393
28 0.001394
29 0.001433
30 0.001510
31 0.001511
32 0.001573
33 0.001621
34 0.001622
35 0.001704
36 0.001726
37 0.001731
38 0.001825
39 0.001826
40 0.001851
41 0.001918
42 0.001919
43 0.001963
44 0.002006
45 0.002007
46 0.002065
47 0.002086
48 0.002087
49 0.002156
50 0.002159
51 0.002173
52 0.002225
53 0.002226
54 0.002252
55 0.002286
56 0.002288
57 0.002323
58 0.002342
59 0.002343
60 0.002385
61 0.002391
62 0.002398
63 0.002432
64 0.002434
65 0.002447
66 0.002468
67 0.002469
68 0.002486
69 0.002497
70 0.002498
71 0.002516
72 0.002521
73 0.002521
74 0.002531
75 0.002528
76 0.002527
77 0.002529
78 0.002528
79 0.002529
80 0.002529
81 0.002524
82 0.002508
83 0.002496
84 0.002488
85 0.002474
86 0.002465
87 0.002456
88 0.002444
89 0.002436
90 0.002426
91 0.002416
92 0.002409
93 0.002398
94 0.002388
95 0.002380
96 0.002366
97 0.002358
98 0.002350
99 0.002338
100 0.002330
101 0.002320
102 0.002309
103 0.002302
104 0.002290
105 0.002281
106 0.002274
107 0.002267
108 0.002261
109 0.002254
110 0.002243
111 0.002237
112 0.002231
113 0.002225
114 0.002220
115 0.002212
116 0.002205
117 0.002201
118 0.002194
119 0.002189
120 0.002186
121 0.002177
122 0.002175
123 0.002171
124 0.002165
125 0.002163
126 0.002162
127 0.002160
128 0.002161
129 0.002159
130 0.002160
131 0.002165
132 0.002163
133 0.002168
134 0.002173
135 0.002174
136 0.002180
137 0.002184
138 0.002186
139 0.002192
140 0.002194
141 0.002198
142 0.002205
143 0.002204
144 0.002208
145 0.002213
146 0.002217
147 0.002225
148 0.002231
149 0.002235
150 0.002244
151 0.002249
152 0.002256
153 0.002264
154 0.002269
155 0.002275
156 0.002283
157 0.002283
158 0.002288
159 0.002290
160 0.002288
161 0.002290
162 0.002288
163 0.002287
164 0.002288
165 0.002284
166 0.002284
167 0.002285
168 0.002281
169 0.002282
170 0.002282
171 0.002277
172 0.002279
173 0.002278
174 0.002279
175 0.002284
176 0.002284
177 0.002287
178 0.002294
179 0.002296
180 0.002302
181 0.002308
182 0.002308
183 0.002314
184 0.002318
185 0.002319
186 0.002323
187 0.002322
188 0.002322
189 0.002323
190 0.002317
191 0.002316
192 0.002315
193 0.002308
194 0.002308
195 0.002307
196 0.002303
197 0.002303
198 0.002299
199 0.002296
200 0.002297
201 0.002292
202 0.002292
203 0.002294
204 0.002286
205 0.002287
206 0.002286
207 0.002281
208 0.002282
209 0.002278
210 0.002274
211 0.002272
212 0.002264
213 0.002260
214 0.002257
215 0.002247
216 0.002243
217 0.002238
218 0.002228
219 0.002224
220 0.002215
221 0.002205
222 0.002198
223 0.002184
224 0.002173
225 0.002164
226 0.002149
227 0.002140
228 0.002131
229 0.002118
230 0.002111
231 0.002101
232 0.002089
233 0.002083
234 0.002072
235 0.002064
236 0.002058
237 0.002046
238 0.002039
239 0.002034
240 0.002024
241 0.002020
242 0.002014
243 0.002006
244 0.002003
245 0.001997
246 0.001992
247 0.001990
248 0.001982
249 0.001979
250 0.001981
251 0.001977
252 0.001982
253 0.001985
254 0.001985
255 0.001991
256 0.001994
257 0.001997
258 0.002004
259 0.002005
260 0.002010
261 0.002017
262 0.002017
263 0.002023
264 0.002028
265 0.002028
266 0.002034
267 0.002037
268 0.002037
269 0.002040
270 0.002035
271 0.002032
272 0.002031
273 0.002022
274 0.002023
275 0.002025
276 0.002022
277 0.002026
278 0.002029
279 0.002028
280 0.002034
281 0.002035
282 0.002038
283 0.002044
284 0.002043
285 0.002047
286 0.002053
287 0.002050
288 0.002055
289 0.002058
290 0.002056
291 0.002058
292 0.002053
293 0.002047
294 0.002044
295 0.002033
296 0.002025
297 0.002020
298 0.002007
299 0.002002
300 0.001996
301 0.001984
302 0.001980
303 0.001972
304 0.001963
305 0.001959
306 0.001949
307 0.001943
308 0.001940
309 0.001928
310 0.001924
311 0.001920
312 0.001910
313 0.001907
314 0.001901
315 0.001893
316 0.001891
317 0.001883
318 0.001877
319 0.001875
320 0.001866
321 0.001862
322 0.001860
323 0.001850
324 0.001848
325 0.001844
326 0.001837
327 0.001837
328 0.001833
329 0.001829
330 0.001831
331 0.001826
