0 0.356781
1 0.000001
2 0.000047
3 0.000047
4 0.000047
5 0.000047
6 0.000047
7 0.000047
8 0.000047
9 0.000047
10 0.000047
11 0.000047
12 0.000047
13 0.000047
14 0.000047
15 0.000047
16 0.000047
17 0.000047
18 0.000047
19 0.000047
20 0.000047
21 0.000047
22 0.000047
23 0.000047
24 0.000112
25 0.000121
26 0.000121
27 0.000121
28 0.000121
29 0.000121
30 0.000121
31 0.000121
32 0.000121
33 0.000121
34 0.000121
35 0.000152
36 0.000160
37 0.000160
38 0.000160
39 0.000160
40 0.000167
41 0.000187
42 0.000187
43 0.000187
44 0.000187
45 0.000187
46 0.000207
47 0.000214
48 0.000214
49 0.000214
50 0.000214
51 0.000219
52 0.000242
53 0.000241
54 0.000241
55 0.000241
56 0.000241
57 0.000260
58 0.000269
59 0.000269
60 0.000269
61 0.000269
62 0.000272
63 0.000298
64 0.000297
65 0.000297
66 0.000297
67 0.000296
68 0.000314
69 0.000326
70 0.000325
71 0.000325
72 0.000325
73 0.000326
74 0.000355
75 0.000354
76 0.000354
77 0.000353
78 0.000353
79 0.000369
80 0.000383
81 0.000382
82 0.000382
83 0.000381
84 0.000381
85 0.000412
86 0.000411
87 0.000411
88 0.000410
89 0.000410
90 0.000424
91 0.000440
92 0.000440
93 0.000439
94 0.000439
95 0.000438
96 0.000467
97 0.000469
98 0.000468
99 0.000467
100 0.000467
101 0.000479
102 0.000498
103 0.000497
104 0.000496
105 0.000495
106 0.000495
107 0.000522
108 0.000526
109 0.000525
110 0.000524
111 0.000523
112 0.000533
113 0.000555
114 0.000554
115 0.000553
116 0.000552
117 0.000551
118 0.000576
119 0.000582
120 0.000581
121 0.000580
122 0.000579
123 0.000587
124 0.000611
125 0.000610
126 0.000608
127 0.000607
128 0.000606
129 0.000630
130 0.000638
131 0.000637
132 0.000635
133 0.000634
134 0.000640
135 0.000666
136 0.000664
137 0.000663
138 0.000662
139 0.000661
140 0.000682
141 0.000692
142 0.000691
143 0.000690
144 0.000688
145 0.000691
146 0.000720
147 0.000719
148 0.000717
149 0.000716
150 0.000714
151 0.000734
152 0.000746
153 0.000745
154 0.000743
155 0.000741
156 0.000742
157 0.000773
158 0.000772
159 0.000770
160 0.000769
161 0.000767
162 0.000784
163 0.000799
164 0.000797
165 0.000795
166 0.000793
167 0.000792
168 0.000824
169 0.000822
170 0.000821
171 0.000819
172 0.000817
173 0.000831
174 0.000846
175 0.000844
176 0.000842
177 0.000841
178 0.000839
179 0.000866
180 0.000867
181 0.000865
182 0.000863
183 0.000861
184 0.000871
185 0.000888
186 0.000886
187 0.000884
188 0.000882
189 0.000880
190 0.000903
191 0.000905
192 0.000903
193 0.000901
194 0.000899
195 0.000906
196 0.000923
197 0.000921
198 0.000918
199 0.000916
200 0.000914
201 0.000934
202 0.000937
203 0.000935
204 0.000933
205 0.000931
206 0.000935
207 0.000952
208 0.000950
209 0.000948
210 0.000946
211 0.000943
212 0.000960
213 0.000964
214 0.000962
215 0.000960
216 0.000957
217 0.000960
218 0.000977
219 0.000975
220 0.000972
221 0.000970
222 0.000968
223 0.000981
224 0.000987
225 0.000984
226 0.000982
227 0.000980
228 0.000981
229 0.000998
230 0.000995
231 0.000993
232 0.000991
233 0.000989
234 0.000999
235 0.001005
236 0.001003
237 0.001001
238 0.000998
239 0.000998
240 0.001014
241 0.001012
242 0.001010
243 0.001007
244 0.001005
245 0.001013
246 0.001020
247 0.001018
248 0.001016
249 0.001014
250 0.001011
251 0.001028
252 0.001025
253 0.001023
254 0.001021
255 0.001019
256 0.001025
257 0.001032
258 0.001030
259 0.001028
260 0.001026
261 0.001024
262 0.001037
263 0.001036
264 0.001034
265 0.001032
266 0.001030
267 0.001035
268 0.001042
269 0.001040
270 0.001038
271 0.001036
272 0.001034
273 0.001045
274 0.001045
275 0.001043
276 0.001041
277 0.001039
278 0.001042
279 0.001049
280 0.001047
281 0.001045
282 0.001043
283 0.001042
284 0.001050
285 0.001051
286 0.001049
287 0.001047
288 0.001046
289 0.001047
290 0.001055
291 0.001053
292 0.001051
293 0.001049
294 0.001047
295 0.001054
296 0.001056
297 0.001054
298 0.001052
299 0.001051
300 0.001051
301 0.001059
302 0.001057
303 0.001055
304 0.001054
305 0.001052
306 0.001058
307 0.001060
308 0.001058
309 0.001057
310 0.001055
311 0.001055
312 0.001063
313 0.001062
314 0.001061
315 0.001060
316 0.001059
317 0.001063
318 0.001066
319 0.001065
320 0.001064
321 0.001064
322 0.001064
323 0.001071
324 0.001070
325 0.001070
326 0.001069
327 0.001068
328 0.001072
329 0.001075
330 0.001075
331 0.001074
