0 0.361342
1 0.000001
2 0.000346
3 0.000345
4 0.000345
5 0.000345
6 0.000345
7 0.000586
8 0.000862
9 0.000862
10 0.001102
11 0.001204
12 0.001204
13 0.001523
14 0.001545
15 0.001601
16 0.001884
17 0.001883
18 0.002018
19 0.002220
20 0.002219
21 0.002432
22 0.002554
23 0.002552
24 0.002843
25 0.002885
26 0.002917
27 0.003217
28 0.003215
29 0.003324
30 0.003544
31 0.003542
32 0.003728
33 0.003870
34 0.003867
35 0.004129
36 0.004192
37 0.004200
38 0.004517
39 0.004513
40 0.004598
41 0.004837
42 0.004834
43 0.004995
44 0.005156
45 0.005153
46 0.005391
47 0.005476
48 0.005473
49 0.005785
50 0.005793
51 0.005855
52 0.006113
53 0.006109
54 0.006246
55 0.006427
56 0.006424
57 0.006637
58 0.006741
59 0.006738
60 0.007025
61 0.007053
62 0.007091
63 0.007365
64 0.007360
65 0.007473
66 0.007671
67 0.007666
68 0.007851
69 0.007972
70 0.007971
71 0.008237
72 0.008294
73 0.008308
74 0.008587
75 0.008573
76 0.008660
77 0.008872
78 0.008864
79 0.009023
80 0.009161
81 0.009155
82 0.009385
83 0.009449
84 0.009437
85 0.009715
86 0.009703
87 0.009756
88 0.009953
89 0.009943
90 0.010049
91 0.010171
92 0.010159
93 0.010308
94 0.010365
95 0.010354
96 0.010538
97 0.010541
98 0.010562
99 0.010710
100 0.010700
101 0.010757
102 0.010847
103 0.010837
104 0.010924
105 0.010973
106 0.010967
107 0.011070
108 0.011074
109 0.011070
110 0.011154
111 0.011139
112 0.011155
113 0.011200
114 0.011186
115 0.011212
116 0.011229
117 0.011215
118 0.011241
119 0.011237
120 0.011224
121 0.011241
122 0.011227
123 0.011216
124 0.011211
125 0.011198
126 0.011182
127 0.011166
128 0.011154
129 0.011125
130 0.011107
131 0.011096
132 0.011040
133 0.011019
134 0.010980
135 0.010894
136 0.010874
137 0.010830
138 0.010778
139 0.010785
140 0.010731
141 0.010699
142 0.010693
143 0.010580
144 0.010559
145 0.010533
146 0.010406
147 0.010397
148 0.010331
149 0.010222
150 0.010212
151 0.010099
152 0.010021
153 0.010013
154 0.009845
155 0.009805
156 0.009783
157 0.009579
158 0.009571
159 0.009495
160 0.009329
161 0.009323
162 0.009185
163 0.009064
164 0.009057
165 0.008849
166 0.008782
167 0.008778
168 0.008493
169 0.008489
170 0.008416
171 0.008184
172 0.008182
173 0.008031
174 0.007860
175 0.007857
176 0.007620
177 0.007516
178 0.007513
179 0.007180
180 0.007153
181 0.007087
182 0.006775
183 0.006772
184 0.006614
185 0.006378
186 0.006375
187 0.006116
188 0.005965
189 0.005962
190 0.005593
191 0.005534
192 0.005488
193 0.005090
194 0.005090
195 0.004938
196 0.004632
197 0.004634
198 0.004366
199 0.004159
200 0.004160
201 0.003763
202 0.003663
203 0.003645
204 0.003147
205 0.003147
206 0.003004
207 0.002614
208 0.002613
209 0.002338
210 0.002063
211 0.002063
212 0.001647
213 0.001495
214 0.001495
215 0.000930
216 0.000910
217 0.000728
218 0.000020
219 0.000020
220 0.000020
221 0.000020
222 0.000020
223 0.000020
224 0.000020
225 0.000020
226 0.000020
227 0.000020
228 0.000183
229 0.001245
230 0.001241
231 0.001362
232 0.001575
233 0.001568
234 0.001762
235 0.001888
236 0.001878
237 0.002141
238 0.002182
239 0.002191
240 0.002474
241 0.002458
242 0.002534
243 0.002732
244 0.002712
245 0.002853
246 0.002971
247 0.002949
248 0.003148
249 0.003191
250 0.003166
251 0.003421
252 0.003393
253 0.003429
254 0.003608
255 0.003578
256 0.003672
257 0.003780
258 0.003749
259 0.003895
260 0.003937
261 0.003906
262 0.004101
263 0.004084
264 0.004091
265 0.004253
266 0.004219
267 0.004277
268 0.004378
269 0.004344
270 0.004449
271 0.004493
272 0.004459
273 0.004608
274 0.004602
275 0.004592
276 0.004746
277 0.004713
278 0.004746
279 0.004845
280 0.004811
281 0.004888
282 0.004938
283 0.004906
284 0.005023
285 0.005028
286 0.005004
287 0.005145
288 0.005113
289 0.005129
290 0.005226
291 0.005196
292 0.005251
293 0.005304
294 0.005274
295 0.005364
296 0.005378
297 0.005349
298 0.005473
299 0.005449
300 0.005452
301 0.005547
302 0.005520
303 0.005558
304 0.005615
305 0.005589
306 0.005659
307 0.005681
308 0.005656
309 0.005755
310 0.005744
311 0.005738
312 0.005831
313 0.005807
314 0.005832
315 0.005891
316 0.005869
317 0.005923
318 0.005952
319 0.005932
320 0.006014
321 0.006011
322 0.005996
323 0.006086
324 0.006067
325 0.006084
326 0.006147
327 0.006127
328 0.006168
329 0.006200
330 0.006181
331 0.006246
