0 0.356781
1 0.000001
2 0.000094
3 0.000094
4 0.000094
5 0.000094
6 0.000094
7 0.000094
8 0.000094
9 0.000094
10 0.000094
11 0.000094
12 0.000094
13 0.000233
14 0.000243
15 0.000242
16 0.000242
17 0.000242
18 0.000273
19 0.000321
20 0.000320
21 0.000354
22 0.000374
23 0.000373
24 0.000421
25 0.000427
26 0.000433
27 0.000483
28 0.000482
29 0.000501
30 0.000538
31 0.000537
32 0.000570
33 0.000594
34 0.000593
35 0.000640
36 0.000650
37 0.000651
38 0.000708
39 0.000707
40 0.000721
41 0.000765
42 0.000763
43 0.000792
44 0.000822
45 0.000819
46 0.000864
47 0.000878
48 0.000876
49 0.000935
50 0.000935
51 0.000945
52 0.000994
53 0.000991
54 0.001016
55 0.001050
56 0.001046
57 0.001087
58 0.001105
59 0.001101
60 0.001158
61 0.001160
62 0.001165
63 0.001219
64 0.001214
65 0.001235
66 0.001273
67 0.001268
68 0.001304
69 0.001326
70 0.001321
71 0.001373
72 0.001379
73 0.001378
74 0.001437
75 0.001431
76 0.001446
77 0.001489
78 0.001483
79 0.001514
80 0.001540
81 0.001533
82 0.001581
83 0.001590
84 0.001583
85 0.001644
86 0.001637
87 0.001645
88 0.001688
89 0.001681
90 0.001703
91 0.001729
92 0.001721
93 0.001756
94 0.001767
95 0.001759
96 0.001806
97 0.001801
98 0.001802
99 0.001841
100 0.001832
101 0.001845
102 0.001869
103 0.001861
104 0.001885
105 0.001895
106 0.001886
107 0.001921
108 0.001919
109 0.001915
110 0.001949
111 0.001940
112 0.001947
113 0.001968
114 0.001959
115 0.001975
116 0.001985
117 0.001976
118 0.002001
119 0.002001
120 0.001993
121 0.002023
122 0.002014
123 0.002016
124 0.002035
125 0.002026
126 0.002036
127 0.002046
128 0.002037
129 0.002054
130 0.002055
131 0.002047
132 0.002071
133 0.002064
134 0.002062
135 0.002079
136 0.002071
137 0.002076
138 0.002085
139 0.002077
140 0.002089
141 0.002090
142 0.002083
143 0.002099
144 0.002094
145 0.002090
146 0.002105
147 0.002098
148 0.002099
149 0.002107
150 0.002101
151 0.002108
152 0.002110
153 0.002104
154 0.002115
155 0.002113
156 0.002109
157 0.002123
158 0.002119
159 0.002120
160 0.002130
161 0.002127
162 0.002133
163 0.002139
164 0.002136
165 0.002147
166 0.002148
167 0.002147
168 0.002160
169 0.002159
170 0.002161
171 0.002171
172 0.002170
173 0.002175
174 0.002182
175 0.002182
176 0.002190
177 0.002194
178 0.002194
179 0.002204
180 0.002206
181 0.002209
182 0.002218
183 0.002220
184 0.002224
185 0.002231
186 0.002233
187 0.002240
188 0.002246
189 0.002249
190 0.002257
191 0.002261
192 0.002265
193 0.002272
194 0.002275
195 0.002279
196 0.002285
197 0.002288
198 0.002292
199 0.002296
200 0.002299
201 0.002302
202 0.002305
203 0.002308
204 0.002311
205 0.002314
206 0.002316
207 0.002317
208 0.002320
209 0.002321
210 0.002323
211 0.002326
212 0.002325
213 0.002327
214 0.002330
215 0.002327
216 0.002330
217 0.002331
218 0.002329
219 0.002331
220 0.002331
221 0.002329
222 0.002331
223 0.002328
224 0.002327
225 0.002330
226 0.002323
227 0.002325
228 0.002326
229 0.002319
230 0.002321
231 0.002319
232 0.002314
233 0.002317
234 0.002311
235 0.002308
236 0.002311
237 0.002301
238 0.002302
239 0.002304
240 0.002291
241 0.002294
242 0.002292
243 0.002282
244 0.002286
245 0.002279
246 0.002273
247 0.002277
248 0.002264
249 0.002263
250 0.002266
251 0.002247
252 0.002251
253 0.002250
254 0.002235
255 0.002239
256 0.002231
257 0.002222
258 0.002225
259 0.002211
260 0.002207
261 0.002211
262 0.002189
263 0.002191
264 0.002190
265 0.002170
266 0.002174
267 0.002166
268 0.002152
269 0.002156
270 0.002140
271 0.002132
272 0.002137
273 0.002111
274 0.002111
275 0.002113
276 0.002085
277 0.002090
278 0.002082
279 0.002061
280 0.002066
281 0.002049
282 0.002036
283 0.002041
284 0.002013
285 0.002010
286 0.002014
287 0.001977
288 0.001982
289 0.001975
290 0.001948
291 0.001953
292 0.001935
293 0.001916
294 0.001921
295 0.001891
296 0.001883
297 0.001889
298 0.001845
299 0.001849
300 0.001843
301 0.001807
302 0.001812
303 0.001793
304 0.001768
305 0.001773
306 0.001741
307 0.001727
308 0.001732
309 0.001685
310 0.001684
311 0.001680
312 0.001633
313 0.001638
314 0.001620
315 0.001585
316 0.001590
317 0.001556
318 0.001535
319 0.001539
320 0.001489
321 0.001482
322 0.001481
323 0.001422
324 0.001426
325 0.001409
326 0.001364
327 0.001368
328 0.001333
329 0.001303
330 0.001306
331 0.001253
