0 0.351241
1 0.000001
2 0.000186
3 0.000205
4 0.000335
5 0.000387
6 0.000505
7 0.000582
8 0.000671
9 0.000770
10 0.000830
11 0.000948
12 0.000980
13 0.001114
14 0.001133
15 0.001256
16 0.001284
17 0.001378
18 0.001422
19 0.001491
20 0.001586
21 0.001664
22 0.001732
23 0.001754
24 0.001832
25 0.001838
26 0.001969
27 0.001973
28 0.002031
29 0.002046
30 0.002086
31 0.002132
32 0.002182
33 0.002210
34 0.002220
35 0.002289
36 0.002297
37 0.002331
38 0.002330
39 0.002402
40 0.002398
41 0.002411
42 0.002428
43 0.002457
44 0.002476
45 0.002486
46 0.002511
47 0.002511
48 0.002542
49 0.002536
50 0.002567
51 0.002562
52 0.002584
53 0.002586
54 0.002601
55 0.002609
56 0.002617
57 0.002633
58 0.002635
59 0.002659
60 0.002656
61 0.002688
62 0.002685
63 0.002714
64 0.002717
65 0.002741
66 0.002752
67 0.002770
68 0.002790
69 0.002800
70 0.002829
71 0.002832
72 0.002870
73 0.002870
74 0.002911
75 0.002915
76 0.002949
77 0.002963
78 0.002989
79 0.003012
80 0.003032
81 0.003063
82 0.003076
83 0.003116
84 0.003120
85 0.003169
86 0.003173
87 0.003215
88 0.003229
89 0.003263
90 0.003286
91 0.003313
92 0.003346
93 0.003367
94 0.003408
95 0.003420
96 0.003470
97 0.003479
98 0.003528
99 0.003541
100 0.003583
101 0.003606
102 0.003641
103 0.003676
104 0.003705
105 0.003749
106 0.003770
107 0.003820
108 0.003832
109 0.003888
110 0.003902
111 0.003948
112 0.003972
113 0.004018
114 0.004055
115 0.004092
116 0.004134
117 0.004162
118 0.004217
119 0.004239
120 0.004299
121 0.004320
122 0.004381
123 0.004409
124 0.004458
125 0.004491
126 0.004532
127 0.004572
128 0.004605
129 0.004652
130 0.004678
131 0.004733
132 0.004752
133 0.004809
134 0.004830
135 0.004881
136 0.004910
137 0.004953
138 0.004991
139 0.005029
140 0.005075
141 0.005106
142 0.005160
143 0.005184
144 0.005245
145 0.005267
146 0.005322
147 0.005348
148 0.005393
149 0.005424
150 0.005456
151 0.005490
152 0.005498
153 0.005509
154 0.005485
155 0.005470
156 0.005416
157 0.005396
158 0.005403
159 0.005442
160 0.005466
161 0.005498
162 0.005528
163 0.005554
164 0.005588
165 0.005608
166 0.005649
167 0.005668
168 0.005718
169 0.005738
170 0.005783
171 0.005811
172 0.005853
173 0.005888
174 0.005926
175 0.005967
176 0.006002
177 0.006048
178 0.006074
179 0.006123
180 0.006146
181 0.006193
182 0.006217
183 0.006256
184 0.006282
185 0.006312
186 0.006338
187 0.006359
188 0.006393
189 0.006422
190 0.006469
191 0.006497
192 0.006548
193 0.006577
194 0.006625
195 0.006658
196 0.006699
197 0.006735
198 0.006771
199 0.006809
200 0.006837
201 0.006876
202 0.006905
203 0.006951
204 0.006978
205 0.007022
206 0.007052
207 0.007093
208 0.007129
209 0.007173
210 0.007218
211 0.007261
212 0.007310
213 0.007351
214 0.007402
215 0.007435
216 0.007478
217 0.007506
218 0.007543
219 0.007572
220 0.007605
221 0.007636
222 0.007666
223 0.007700
224 0.007730
225 0.007766
226 0.007793
227 0.007829
228 0.007857
229 0.007895
230 0.007927
231 0.007963
232 0.008000
233 0.008044
234 0.008090
235 0.008132
236 0.008173
237 0.008208
238 0.008243
239 0.008273
240 0.008307
241 0.008336
242 0.008367
243 0.008404
244 0.008446
245 0.008488
246 0.008530
247 0.008571
248 0.008615
249 0.008661
250 0.008712
251 0.008763
252 0.008820
253 0.008878
254 0.008939
255 0.008998
256 0.009055
257 0.009103
258 0.009148
259 0.009199
260 0.009245
261 0.009291
262 0.009334
263 0.009381
264 0.009417
265 0.009463
266 0.009500
267 0.009543
268 0.009583
269 0.009628
270 0.009679
271 0.009728
272 0.009783
273 0.009825
274 0.009880
275 0.009916
276 0.009971
277 0.010014
278 0.010069
279 0.010117
280 0.010180
281 0.010252
282 0.010323
283 0.010405
284 0.010475
285 0.010566
286 0.010629
287 0.010698
288 0.010722
289 0.010768
290 0.010795
291 0.010829
292 0.010859
293 0.010885
294 0.010911
295 0.010923
296 0.010961
297 0.010972
298 0.011021
299 0.011047
300 0.011117
301 0.011161
302 0.011230
303 0.011287
304 0.011352
305 0.011421
306 0.011482
307 0.011561
308 0.011613
309 0.011697
310 0.011715
311 0.011770
312 0.011781
313 0.011822
314 0.011858
315 0.011917
316 0.011973
317 0.012025
318 0.012094
319 0.012136
320 0.012219
321 0.012249
322 0.012340
323 0.012369
324 0.012461
325 0.012506
326 0.012586
327 0.012645
328 0.012717
329 0.012797
330 0.012859
331 0.012963
