0 0.361342
1 0.000001
2 0.000203
3 0.000203
4 0.000203
5 0.000203
6 0.000203
7 0.000203
8 0.000203
9 0.000203
10 0.000203
11 0.000203
12 0.000203
13 0.000203
14 0.000203
15 0.000203
16 0.000203
17 0.000203
18 0.000203
19 0.000203
20 0.000203
21 0.000203
22 0.000203
23 0.000203
24 0.000538
25 0.000589
26 0.000589
27 0.000589
28 0.000589
29 0.000589
30 0.000588
31 0.000588
32 0.000721
33 0.000821
34 0.000821
35 0.000820
36 0.000820
37 0.000827
38 0.001031
39 0.001030
40 0.001030
41 0.001029
42 0.001029
43 0.001114
44 0.001199
45 0.001198
46 0.001287
47 0.001318
48 0.001318
49 0.001439
50 0.001442
51 0.001468
52 0.001572
53 0.001570
54 0.001629
55 0.001705
56 0.001704
57 0.001798
58 0.001843
59 0.001842
60 0.001973
61 0.001986
62 0.002005
63 0.002135
64 0.002134
65 0.002190
66 0.002288
67 0.002286
68 0.002382
69 0.002444
70 0.002443
71 0.002580
72 0.002606
73 0.002616
74 0.002774
75 0.002773
76 0.002824
77 0.002946
78 0.002944
79 0.003039
80 0.003122
81 0.003121
82 0.003260
83 0.003302
84 0.003301
85 0.003481
86 0.003479
87 0.003519
88 0.003653
89 0.003652
90 0.003731
91 0.003822
92 0.003821
93 0.003937
94 0.003987
95 0.003986
96 0.004137
97 0.004147
98 0.004173
99 0.004305
100 0.004304
101 0.004366
102 0.004458
103 0.004458
104 0.004552
105 0.004607
106 0.004607
107 0.004733
108 0.004752
109 0.004766
110 0.004894
111 0.004893
112 0.004939
113 0.005030
114 0.005030
115 0.005105
116 0.005163
117 0.005163
118 0.005266
119 0.005291
120 0.005295
121 0.005415
122 0.005415
123 0.005447
124 0.005535
125 0.005534
126 0.005592
127 0.005649
128 0.005649
129 0.005730
130 0.005759
131 0.005758
132 0.005861
133 0.005864
134 0.005883
135 0.005965
136 0.005964
137 0.006006
138 0.006061
139 0.006061
140 0.006123
141 0.006153
142 0.006153
143 0.006233
144 0.006241
145 0.006252
146 0.006325
147 0.006325
148 0.006354
149 0.006405
150 0.006404
151 0.006450
152 0.006480
153 0.006480
154 0.006540
155 0.006552
156 0.006556
157 0.006619
158 0.006618
159 0.006636
160 0.006679
161 0.006678
162 0.006708
163 0.006735
164 0.006734
165 0.006775
166 0.006787
167 0.006786
168 0.006836
169 0.006835
170 0.006845
171 0.006879
172 0.006878
173 0.006896
174 0.006917
175 0.006916
176 0.006941
177 0.006952
178 0.006950
179 0.006980
180 0.006980
181 0.006983
182 0.007005
183 0.007003
184 0.007012
185 0.007025
186 0.007024
187 0.007035
188 0.007042
189 0.007040
190 0.007053
191 0.007054
192 0.007055
193 0.007065
194 0.007064
195 0.007066
196 0.007070
197 0.007069
198 0.007070
199 0.007071
200 0.007070
201 0.007067
202 0.007066
203 0.007064
204 0.007057
205 0.007056
206 0.007052
207 0.007043
208 0.007042
209 0.007033
210 0.007025
211 0.007023
212 0.007008
213 0.007002
214 0.007000
215 0.006977
216 0.006975
217 0.006968
218 0.006945
219 0.006944
220 0.006929
221 0.006910
222 0.006908
223 0.006882
224 0.006868
225 0.006867
226 0.006829
227 0.006823
228 0.006816
229 0.006776
230 0.006775
231 0.006756
232 0.006725
233 0.006724
234 0.006691
235 0.006669
236 0.006667
237 0.006618
238 0.006607
239 0.006602
240 0.006543
241 0.006542
242 0.006521
243 0.006474
244 0.006473
245 0.006434
246 0.006400
247 0.006399
248 0.006341
249 0.006322
250 0.006321
251 0.006241
252 0.006240
253 0.006219
254 0.006155
255 0.006154
256 0.006113
257 0.006066
258 0.006065
259 0.006000
260 0.005972
261 0.005972
262 0.005883
263 0.005878
264 0.005862
265 0.005782
266 0.005784
267 0.005746
268 0.005687
269 0.005692
270 0.005628
271 0.005594
272 0.005600
273 0.005509
274 0.005501
275 0.005498
276 0.005400
277 0.005410
278 0.005378
279 0.005306
280 0.005316
281 0.005254
282 0.005208
283 0.005218
284 0.005122
285 0.005104
286 0.005109
287 0.004985
288 0.004994
289 0.004964
290 0.004868
291 0.004876
292 0.004811
293 0.004745
294 0.004752
295 0.004648
296 0.004614
297 0.004621
298 0.004476
299 0.004477
300 0.004451
301 0.004327
302 0.004333
303 0.004266
304 0.004177
305 0.004183
306 0.004073
307 0.004020
308 0.004026
309 0.003871
310 0.003859
311 0.003840
312 0.003686
313 0.003691
314 0.003627
315 0.003512
316 0.003517
317 0.003405
318 0.003331
319 0.003335
320 0.003173
321 0.003143
322 0.003132
323 0.002945
324 0.002947
325 0.002887
326 0.002743
327 0.002746
328 0.002634
329 0.002535
330 0.002538
331 0.002371
