0 0.361342
1 0.000001
2 0.000342
3 0.000344
4 0.000441
5 0.000766
6 0.000766
7 0.000948
8 0.001158
9 0.001159
10 0.001411
11 0.001520
12 0.001521
13 0.001828
14 0.001849
15 0.001900
16 0.002149
17 0.002149
18 0.002255
19 0.002416
20 0.002416
21 0.002565
22 0.002652
23 0.002652
24 0.003026
25 0.003085
26 0.003101
27 0.003258
28 0.003256
29 0.003303
30 0.003397
31 0.003397
32 0.003536
33 0.003643
34 0.003642
35 0.003704
36 0.003719
37 0.003724
38 0.003888
39 0.003888
40 0.003889
41 0.003897
42 0.003895
43 0.003932
44 0.003970
45 0.003965
46 0.003977
47 0.003978
48 0.003973
49 0.003962
50 0.003955
51 0.003943
52 0.003909
53 0.003904
54 0.003870
55 0.003826
56 0.003821
57 0.003751
58 0.003714
59 0.003707
60 0.003590
61 0.003571
62 0.003544
63 0.003405
64 0.003400
65 0.003327
66 0.003205
67 0.003198
68 0.003066
69 0.002975
70 0.002971
71 0.002764
72 0.002719
73 0.002695
74 0.002441
75 0.002435
76 0.002342
77 0.002132
78 0.002126
79 0.001952
80 0.001800
81 0.001795
82 0.001696
83 0.001664
84 0.001660
85 0.001746
86 0.001742
87 0.001758
88 0.001821
89 0.001816
90 0.001850
91 0.001891
92 0.001886
93 0.001939
94 0.001958
95 0.001953
96 0.002022
97 0.002022
98 0.002029
99 0.002086
100 0.002081
101 0.002105
102 0.002144
103 0.002138
104 0.002178
105 0.002198
106 0.002193
107 0.002247
108 0.002249
109 0.002251
110 0.002305
111 0.002299
112 0.002315
113 0.002352
114 0.002346
115 0.002374
116 0.002396
117 0.002390
118 0.002432
119 0.002437
120 0.002434
121 0.002484
122 0.002478
123 0.002487
124 0.002521
125 0.002516
126 0.002531
127 0.002546
128 0.002542
129 0.002572
130 0.002580
131 0.002576
132 0.002616
133 0.002612
134 0.002617
135 0.002647
136 0.002642
137 0.002653
138 0.002669
139 0.002665
140 0.002687
141 0.002696
142 0.002693
143 0.002723
144 0.002724
145 0.002725
146 0.002749
147 0.002746
148 0.002757
149 0.002776
150 0.002774
151 0.002792
152 0.002803
153 0.002802
154 0.002822
155 0.002826
156 0.002828
157 0.002856
158 0.002856
159 0.002865
160 0.002882
161 0.002885
162 0.002901
163 0.002915
164 0.002919
165 0.002936
166 0.002944
167 0.002948
168 0.002974
169 0.002978
170 0.002986
171 0.003001
172 0.003006
173 0.003019
174 0.003035
175 0.003039
176 0.003054
177 0.003062
178 0.003068
179 0.003084
180 0.003090
181 0.003097
182 0.003111
183 0.003117
184 0.003126
185 0.003137
186 0.003144
187 0.003154
188 0.003162
189 0.003170
190 0.003181
191 0.003189
192 0.003198
193 0.003207
194 0.003215
195 0.003223
196 0.003231
197 0.003236
198 0.003234
199 0.003218
200 0.003194
201 0.003162
202 0.003133
203 0.003106
204 0.003074
205 0.003055
206 0.003032
207 0.003000
208 0.002972
209 0.002938
210 0.002905
211 0.002878
212 0.002848
213 0.002829
214 0.002808
215 0.002772
216 0.002748
217 0.002723
218 0.002689
219 0.002675
220 0.002660
221 0.002647
222 0.002646
223 0.002633
224 0.002626
225 0.002626
226 0.002607
227 0.002604
228 0.002601
229 0.002580
230 0.002580
231 0.002570
232 0.002554
233 0.002553
234 0.002537
235 0.002526
236 0.002525
237 0.002501
238 0.002495
239 0.002492
240 0.002464
241 0.002463
242 0.002452
243 0.002430
244 0.002429
245 0.002410
246 0.002394
247 0.002393
248 0.002365
249 0.002356
250 0.002355
251 0.002318
252 0.002317
253 0.002308
254 0.002279
255 0.002279
256 0.002260
257 0.002239
258 0.002239
259 0.002210
260 0.002197
261 0.002197
262 0.002157
263 0.002154
264 0.002147
265 0.002109
266 0.002109
267 0.002090
268 0.002062
269 0.002062
270 0.002031
271 0.002013
272 0.002013
273 0.001970
274 0.001963
275 0.001958
276 0.001911
277 0.001911
278 0.001893
279 0.001857
280 0.001857
281 0.001825
282 0.001801
283 0.001801
284 0.001754
285 0.001743
286 0.001740
287 0.001682
288 0.001682
289 0.001666
290 0.001620
291 0.001620
292 0.001588
293 0.001556
294 0.001556
295 0.001508
296 0.001491
297 0.001490
298 0.001426
299 0.001424
300 0.001410
301 0.001356
302 0.001355
303 0.001325
304 0.001285
305 0.001285
306 0.001238
307 0.001214
308 0.001214
309 0.001148
310 0.001140
311 0.001130
312 0.001066
313 0.001065
314 0.001037
315 0.000989
316 0.000989
317 0.000942
318 0.000911
319 0.000910
320 0.000844
321 0.000831
322 0.000825
323 0.000750
324 0.000750
325 0.000725
326 0.000668
327 0.000668
328 0.000624
329 0.000585
330 0.000585
331 0.000522
