0 0.361342
1 0.000001
2 0.000102
3 0.000102
4 0.000102
5 0.000102
6 0.000102
7 0.000102
8 0.000102
9 0.000102
10 0.000102
11 0.000102
12 0.000101
13 0.000102
14 0.000102
15 0.000102
16 0.000101
17 0.000102
18 0.000102
19 0.000102
20 0.000102
21 0.000101
22 0.000102
23 0.000102
24 0.000101
25 0.000102
26 0.000101
27 0.000101
28 0.000102
29 0.000101
30 0.000102
31 0.000102
32 0.000101
33 0.000102
34 0.000101
35 0.000102
36 0.000101
37 0.000101
38 0.000101
39 0.000101
40 0.000102
41 0.000102
42 0.000102
43 0.000102
44 0.000102
45 0.000102
46 0.000243
47 0.000295
48 0.000295
49 0.000295
50 0.000295
51 0.000295
52 0.000295
53 0.000294
54 0.000295
55 0.000294
56 0.000295
57 0.000294
58 0.000294
59 0.000294
60 0.000294
61 0.000294
62 0.000310
63 0.000411
64 0.000411
65 0.000411
66 0.000410
67 0.000411
68 0.000410
69 0.000410
70 0.000410
71 0.000410
72 0.000410
73 0.000417
74 0.000515
75 0.000515
76 0.000515
77 0.000515
78 0.000515
79 0.000515
80 0.000515
81 0.000515
82 0.000514
83 0.000515
84 0.000514
85 0.000600
86 0.000600
87 0.000600
88 0.000599
89 0.000599
90 0.000627
91 0.000659
92 0.000659
93 0.000659
94 0.000659
95 0.000659
96 0.000717
97 0.000721
98 0.000721
99 0.000721
100 0.000721
101 0.000747
102 0.000786
103 0.000786
104 0.000785
105 0.000785
106 0.000785
107 0.000844
108 0.000853
109 0.000852
110 0.000852
111 0.000852
112 0.000876
113 0.000922
114 0.000922
115 0.000921
116 0.000921
117 0.000921
118 0.000979
119 0.000993
120 0.000993
121 0.000993
122 0.000993
123 0.001013
124 0.001068
125 0.001067
126 0.001067
127 0.001067
128 0.001067
129 0.001123
130 0.001144
131 0.001144
132 0.001143
133 0.001143
134 0.001159
135 0.001223
136 0.001223
137 0.001222
138 0.001222
139 0.001221
140 0.001277
141 0.001304
142 0.001304
143 0.001303
144 0.001302
145 0.001314
146 0.001388
147 0.001387
148 0.001386
149 0.001386
150 0.001386
151 0.001438
152 0.001473
153 0.001473
154 0.001472
155 0.001472
156 0.001478
157 0.001562
158 0.001561
159 0.001561
160 0.001561
161 0.001560
162 0.001609
163 0.001652
164 0.001651
165 0.001651
166 0.001650
167 0.001650
168 0.001740
169 0.001740
170 0.001740
171 0.001739
172 0.001739
173 0.001780
174 0.001827
175 0.001827
176 0.001826
177 0.001826
178 0.001825
179 0.001906
180 0.001911
181 0.001910
182 0.001910
183 0.001910
184 0.001943
185 0.001993
186 0.001993
187 0.001993
188 0.001993
189 0.001993
190 0.002063
191 0.002074
192 0.002073
193 0.002073
194 0.002073
195 0.002099
196 0.002152
197 0.002152
198 0.002152
199 0.002152
200 0.002152
201 0.002213
202 0.002228
203 0.002228
204 0.002228
205 0.002228
206 0.002248
207 0.002303
208 0.002303
209 0.002303
210 0.002303
211 0.002303
212 0.002356
213 0.002376
214 0.002375
215 0.002376
216 0.002376
217 0.002390
218 0.002446
219 0.002446
220 0.002446
221 0.002446
222 0.002446
223 0.002492
224 0.002515
225 0.002514
226 0.002514
227 0.002515
228 0.002523
229 0.002581
230 0.002581
231 0.002581
232 0.002581
233 0.002581
234 0.002619
235 0.002645
236 0.002645
237 0.002645
238 0.002645
239 0.002649
240 0.002707
241 0.002707
242 0.002707
243 0.002707
244 0.002707
245 0.002739
246 0.002766
247 0.002767
248 0.002766
249 0.002766
250 0.002766
251 0.002824
252 0.002824
253 0.002824
254 0.002824
255 0.002824
256 0.002849
257 0.002879
258 0.002879
259 0.002879
260 0.002879
261 0.002878
262 0.002928
263 0.002931
264 0.002931
265 0.002931
266 0.002931
267 0.002951
268 0.002982
269 0.002981
270 0.002981
271 0.002981
272 0.002981
273 0.003024
274 0.003030
275 0.003030
276 0.003030
277 0.003029
278 0.003045
279 0.003076
280 0.003076
281 0.003076
282 0.003076
283 0.003075
284 0.003111
285 0.003120
286 0.003120
287 0.003120
288 0.003119
289 0.003131
290 0.003162
291 0.003161
292 0.003162
293 0.003161
294 0.003161
295 0.003191
296 0.003201
297 0.003201
298 0.003201
299 0.003201
300 0.003209
301 0.003239
302 0.003239
303 0.003239
304 0.003239
305 0.003239
306 0.003263
307 0.003275
308 0.003275
309 0.003275
310 0.003275
311 0.003279
312 0.003308
313 0.003308
314 0.003308
315 0.003308
316 0.003308
317 0.003326
318 0.003339
319 0.003338
320 0.003338
321 0.003338
322 0.003340
323 0.003367
324 0.003367
325 0.003366
326 0.003366
327 0.003366
328 0.003380
329 0.003393
330 0.003392
331 0.003392
