0 0.361342
1 0.000001
2 0.000261
3 0.000261
4 0.000261
5 0.000261
6 0.000261
7 0.000261
8 0.000261
9 0.000261
10 0.000261
11 0.000261
12 0.000261
13 0.000610
14 0.000635
15 0.000635
16 0.000635
17 0.000635
18 0.000716
19 0.000837
20 0.000837
21 0.000837
22 0.000949
23 0.000995
24 0.000995
25 0.000998
26 0.001149
27 0.001150
28 0.001150
29 0.001188
30 0.001264
31 0.001300
32 0.001339
33 0.001387
34 0.001414
35 0.001472
36 0.001487
37 0.001557
38 0.001568
39 0.001632
40 0.001651
41 0.001703
42 0.001733
43 0.001774
44 0.001815
45 0.001844
46 0.001895
47 0.001913
48 0.001974
49 0.001985
50 0.002050
51 0.002063
52 0.002117
53 0.002140
54 0.002183
55 0.002216
56 0.002249
57 0.002292
58 0.002313
59 0.002366
60 0.002378
61 0.002440
62 0.002450
63 0.002504
64 0.002521
65 0.002562
66 0.002591
67 0.002625
68 0.002683
69 0.002732
70 0.002777
71 0.002791
72 0.002843
73 0.002854
74 0.002934
75 0.002946
76 0.002989
77 0.003010
78 0.003044
79 0.003086
80 0.003124
81 0.003161
82 0.003177
83 0.003240
84 0.003251
85 0.003303
86 0.003314
87 0.003376
88 0.003392
89 0.003426
90 0.003459
91 0.003498
92 0.003528
93 0.003546
94 0.003602
95 0.003617
96 0.003661
97 0.003669
98 0.003734
99 0.003744
100 0.003779
101 0.003803
102 0.003841
103 0.003872
104 0.003897
105 0.003936
106 0.003952
107 0.003999
108 0.004007
109 0.004060
110 0.004069
111 0.004113
112 0.004130
113 0.004165
114 0.004190
115 0.004216
116 0.004249
117 0.004267
118 0.004307
119 0.004317
120 0.004365
121 0.004372
122 0.004416
123 0.004429
124 0.004464
125 0.004484
126 0.004512
127 0.004539
128 0.004560
129 0.004594
130 0.004606
131 0.004648
132 0.004655
133 0.004699
134 0.004708
135 0.004744
136 0.004761
137 0.004790
138 0.004812
139 0.004834
140 0.004864
141 0.004879
142 0.004914
143 0.004923
144 0.004966
145 0.004974
146 0.005011
147 0.005025
148 0.005055
149 0.005075
150 0.005100
151 0.005125
152 0.005144
153 0.005174
154 0.005187
155 0.005223
156 0.005233
157 0.005271
158 0.005284
159 0.005315
160 0.005333
161 0.005360
162 0.005382
163 0.005403
164 0.005432
165 0.005448
166 0.005481
167 0.005493
168 0.005531
169 0.005543
170 0.005576
171 0.005593
172 0.005621
173 0.005643
174 0.005668
175 0.005694
176 0.005714
177 0.005745
178 0.005761
179 0.005797
180 0.005812
181 0.005847
182 0.005864
183 0.005895
184 0.005918
185 0.005945
186 0.005971
187 0.005995
188 0.006025
189 0.006046
190 0.006081
191 0.006100
192 0.006137
193 0.006158
194 0.006192
195 0.006216
196 0.006247
197 0.006275
198 0.006304
199 0.006336
200 0.006363
201 0.006398
202 0.006423
203 0.006462
204 0.006487
205 0.006525
206 0.006553
207 0.006589
208 0.006621
209 0.006655
210 0.006690
211 0.006724
212 0.006763
213 0.006797
214 0.006838
215 0.006872
216 0.006916
217 0.006951
218 0.006994
219 0.007032
220 0.007073
221 0.007113
222 0.007156
223 0.007202
224 0.007247
225 0.007297
226 0.007344
227 0.007395
228 0.007443
229 0.007495
230 0.007546
231 0.007599
232 0.007653
233 0.007708
234 0.007766
235 0.007824
236 0.007885
237 0.007947
238 0.008011
239 0.008077
240 0.008145
241 0.008216
242 0.008288
243 0.008363
244 0.008435
245 0.008482
246 0.008517
247 0.008541
248 0.008569
249 0.008594
250 0.008624
251 0.008647
252 0.008678
253 0.008702
254 0.008733
255 0.008759
256 0.008788
257 0.008817
258 0.008841
259 0.008861
260 0.008871
261 0.008885
262 0.008888
263 0.008902
264 0.008905
265 0.008921
266 0.008927
267 0.008939
268 0.008946
269 0.008953
270 0.008962
271 0.008963
272 0.008974
273 0.008969
274 0.008981
275 0.008972
276 0.008983
277 0.008977
278 0.008983
279 0.008980
280 0.008981
281 0.008981
282 0.008976
283 0.008980
284 0.008969
285 0.008977
286 0.008958
287 0.008966
288 0.008947
289 0.008950
290 0.008935
291 0.008930
292 0.008918
293 0.008905
294 0.008898
295 0.008877
296 0.008873
297 0.008843
298 0.008842
299 0.008807
300 0.008803
301 0.008773
302 0.008761
303 0.008734
304 0.008707
305 0.008676
306 0.008632
307 0.008599
308 0.008541
309 0.008517
310 0.008457
311 0.008441
312 0.008387
313 0.008361
314 0.008312
315 0.008275
316 0.008226
317 0.008172
318 0.008127
319 0.008064
320 0.008027
321 0.007952
322 0.007917
323 0.007835
324 0.007792
325 0.007715
326 0.007660
327 0.007590
328 0.007523
329 0.007462
330 0.007393
331 0.007353
