0 0.361342
1 0.000001
2 0.000207
3 0.000208
4 0.000207
5 0.000207
6 0.000207
7 0.000208
8 0.000207
9 0.000207
10 0.000207
11 0.000207
12 0.000207
13 0.000207
14 0.000207
15 0.000207
16 0.000207
17 0.000207
18 0.000313
19 0.000473
20 0.000473
21 0.000473
22 0.000473
23 0.000473
24 0.000582
25 0.000599
26 0.000599
27 0.000599
28 0.000599
29 0.000640
30 0.000721
31 0.000721
32 0.000721
33 0.000721
34 0.000721
35 0.000816
36 0.000839
37 0.000840
38 0.000840
39 0.000839
40 0.000870
41 0.000954
42 0.000954
43 0.000954
44 0.000954
45 0.000954
46 0.001034
47 0.001064
48 0.001064
49 0.001064
50 0.001064
51 0.001085
52 0.001170
53 0.001170
54 0.001170
55 0.001170
56 0.001170
57 0.001238
58 0.001272
59 0.001272
60 0.001272
61 0.001272
62 0.001285
63 0.001370
64 0.001370
65 0.001370
66 0.001370
67 0.001370
68 0.001426
69 0.001464
70 0.001464
71 0.001464
72 0.001463
73 0.001470
74 0.001554
75 0.001554
76 0.001554
77 0.001553
78 0.001553
79 0.001599
80 0.001639
81 0.001639
82 0.001639
83 0.001639
84 0.001639
85 0.001721
86 0.001721
87 0.001721
88 0.001721
89 0.001721
90 0.001757
91 0.001799
92 0.001799
93 0.001799
94 0.001799
95 0.001798
96 0.001868
97 0.001872
98 0.001873
99 0.001872
100 0.001872
101 0.001900
102 0.001942
103 0.001942
104 0.001942
105 0.001942
106 0.001942
107 0.001999
108 0.002008
109 0.002008
110 0.002008
111 0.002007
112 0.002028
113 0.002070
114 0.002069
115 0.002069
116 0.002069
117 0.002069
118 0.002116
119 0.002127
120 0.002127
121 0.002127
122 0.002127
123 0.002141
124 0.002181
125 0.002180
126 0.002180
127 0.002180
128 0.002180
129 0.002217
130 0.002230
131 0.002230
132 0.002230
133 0.002229
134 0.002239
135 0.002276
136 0.002276
137 0.002275
138 0.002275
139 0.002275
140 0.002303
141 0.002317
142 0.002317
143 0.002317
144 0.002317
145 0.002322
146 0.002355
147 0.002355
148 0.002355
149 0.002355
150 0.002355
151 0.002375
152 0.002389
153 0.002389
154 0.002389
155 0.002389
156 0.002391
157 0.002419
158 0.002420
159 0.002419
160 0.002419
161 0.002419
162 0.002434
163 0.002446
164 0.002446
165 0.002446
166 0.002446
167 0.002446
168 0.002472
169 0.002472
170 0.002472
171 0.002472
172 0.002472
173 0.002483
174 0.002497
175 0.002497
176 0.002497
177 0.002496
178 0.002496
179 0.002520
180 0.002521
181 0.002521
182 0.002521
183 0.002520
184 0.002530
185 0.002545
186 0.002545
187 0.002545
188 0.002544
189 0.002544
190 0.002565
191 0.002568
192 0.002568
193 0.002568
194 0.002568
195 0.002575
196 0.002592
197 0.002591
198 0.002591
199 0.002591
200 0.002590
201 0.002609
202 0.002614
203 0.002614
204 0.002613
205 0.002613
206 0.002619
207 0.002636
208 0.002636
209 0.002636
210 0.002635
211 0.002635
212 0.002652
213 0.002658
214 0.002657
215 0.002657
216 0.002657
217 0.002661
218 0.002679
219 0.002679
220 0.002679
221 0.002678
222 0.002678
223 0.002693
224 0.002700
225 0.002700
226 0.002699
227 0.002699
228 0.002702
229 0.002721
230 0.002720
231 0.002720
232 0.002720
233 0.002719
234 0.002732
235 0.002741
236 0.002741
237 0.002740
238 0.002740
239 0.002741
240 0.002761
241 0.002761
242 0.002760
243 0.002760
244 0.002760
245 0.002771
246 0.002780
247 0.002780
248 0.002780
249 0.002780
250 0.002779
251 0.002800
252 0.002800
253 0.002800
254 0.002799
255 0.002799
256 0.002808
257 0.002819
258 0.002819
259 0.002819
260 0.002819
261 0.002819
262 0.002837
263 0.002838
264 0.002838
265 0.002838
266 0.002838
267 0.002845
268 0.002857
269 0.002857
270 0.002857
271 0.002856
272 0.002856
273 0.002873
274 0.002875
275 0.002875
276 0.002875
277 0.002874
278 0.002880
279 0.002893
280 0.002892
281 0.002892
282 0.002891
283 0.002891
284 0.002906
285 0.002909
286 0.002909
287 0.002908
288 0.002908
289 0.002913
290 0.002926
291 0.002926
292 0.002925
293 0.002925
294 0.002925
295 0.002938
296 0.002942
297 0.002942
298 0.002941
299 0.002941
300 0.002944
301 0.002958
302 0.002958
303 0.002957
304 0.002957
305 0.002957
306 0.002968
307 0.002973
308 0.002973
309 0.002973
310 0.002972
311 0.002974
312 0.002989
313 0.002988
314 0.002988
315 0.002988
316 0.002987
317 0.002997
318 0.003003
319 0.003003
320 0.003003
321 0.003003
322 0.003004
323 0.003019
324 0.003018
325 0.003018
326 0.003018
327 0.003018
328 0.003026
329 0.003033
330 0.003033
331 0.003033
