0 0.283809
1 0.000001
2 0.000243
3 0.000245
4 0.000259
5 0.000267
6 0.000287
7 0.000302
8 0.000320
9 0.000392
10 0.000439
11 0.000461
12 0.000468
13 0.000694
14 0.000717
15 0.000771
16 0.000787
17 0.000833
18 0.000883
19 0.000959
20 0.000994
21 0.001023
22 0.001067
23 0.001088
24 0.001164
25 0.001180
26 0.001243
27 0.001258
28 0.001312
29 0.001337
30 0.001383
31 0.001410
32 0.001439
33 0.001485
34 0.001513
35 0.001536
36 0.001546
37 0.001614
38 0.001630
39 0.001696
40 0.001698
41 0.001696
42 0.001731
43 0.001777
44 0.001824
45 0.001861
46 0.001736
47 0.001693
48 0.001768
49 0.001783
50 0.001867
51 0.001886
52 0.001961
53 0.001997
54 0.002061
55 0.002108
56 0.002156
57 0.001435
58 0.001319
59 0.001409
60 0.001457
61 0.001912
62 0.002007
63 0.002588
64 0.002792
65 0.003311
66 0.003634
67 0.004041
68 0.004473
69 0.004754
70 0.005287
71 0.005439
72 0.006059
73 0.006130
74 0.006732
75 0.006832
76 0.007301
77 0.007493
78 0.007840
79 0.008116
80 0.008345
81 0.008693
82 0.008817
83 0.009244
84 0.009282
85 0.009772
86 0.009786
87 0.010169
88 0.010274
89 0.010584
90 0.010777
91 0.010995
92 0.011244
93 0.011376
94 0.011693
95 0.011775
96 0.012178
97 0.012267
98 0.012708
99 0.013023
100 0.013763
101 0.014830
102 0.015892
103 0.016842
104 0.017661
105 0.018527
106 0.019137
107 0.019961
108 0.020407
109 0.021185
110 0.021558
111 0.022186
112 0.022565
113 0.022572
114 0.022172
115 0.022474
116 0.023002
117 0.023364
118 0.023815
119 0.023988
120 0.024350
121 0.024393
122 0.024580
123 0.024462
124 0.024350
125 0.023985
126 0.023625
127 0.023870
128 0.024282
129 0.024871
130 0.025399
131 0.026090
132 0.026688
133 0.027501
134 0.028225
135 0.029141
136 0.030065
137 0.031144
138 0.032299
139 0.033515
140 0.034044
141 0.034079
142 0.034136
143 0.034091
144 0.034083
145 0.033965
146 0.033868
147 0.033697
148 0.033523
149 0.033851
150 0.034785
151 0.034899
152 0.034904
153 0.034885
154 0.034874
155 0.034810
156 0.034776
157 0.034666
158 0.034590
159 0.034443
160 0.034316
161 0.034145
162 0.033962
163 0.033776
164 0.033530
165 0.033340
166 0.033028
167 0.032840
168 0.032459
169 0.032250
170 0.031873
171 0.031614
172 0.031256
173 0.030945
174 0.030618
175 0.030257
176 0.029973
177 0.029564
178 0.029335
179 0.028876
180 0.028682
181 0.028233
182 0.028025
183 0.027631
184 0.027360
185 0.027013
186 0.026675
187 0.026386
188 0.025977
189 0.025745
190 0.025248
191 0.025061
192 0.024500
193 0.024311
194 0.023823
195 0.023570
196 0.023169
197 0.022846
198 0.022512
199 0.022096
200 0.021833
201 0.021317
202 0.021131
203 0.020512
204 0.020335
205 0.019731
206 0.019473
207 0.018936
208 0.018569
209 0.018116
210 0.017663
211 0.017324
212 0.016779
213 0.016538
214 0.015897
215 0.015753
216 0.015071
217 0.014904
218 0.014323
219 0.014049
220 0.013577
221 0.013190
222 0.012815
223 0.012291
224 0.012017
225 0.011367
226 0.011215
227 0.010435
228 0.010298
229 0.009595
230 0.009352
231 0.008765
232 0.008391
233 0.007924
234 0.007409
235 0.007066
236 0.006404
237 0.006191
238 0.005372
239 0.005178
240 0.004914
241 0.004740
242 0.004786
243 0.004148
244 0.003385
245 0.002644
246 0.002016
247 0.001059
248 0.000635
249 0.000279
250 0.000307
251 0.001587
252 0.001715
253 0.002417
254 0.002656
255 0.003188
256 0.003519
257 0.003894
258 0.004300
259 0.004533
260 0.004997
261 0.005106
262 0.005615
263 0.005667
264 0.006114
265 0.006196
266 0.006525
267 0.007039
268 0.007831
269 0.008026
270 0.008171
271 0.008405
272 0.008475
273 0.008740
274 0.008762
275 0.009311
276 0.009347
277 0.009578
278 0.009663
279 0.009838
280 0.010040
281 0.010249
282 0.010379
283 0.010445
284 0.010581
285 0.010620
286 0.010878
287 0.010914
288 0.011026
289 0.011062
290 0.011138
291 0.011208
292 0.011307
293 0.011362
294 0.011427
295 0.011483
296 0.011541
297 0.011578
298 0.011636
299 0.011638
300 0.011697
301 0.011707
302 0.011744
303 0.011731
304 0.011738
305 0.011755
306 0.011719
307 0.011755
308 0.011600
309 0.011653
310 0.011474
311 0.011538
312 0.011361
313 0.011329
314 0.011082
315 0.010998
316 0.010866
317 0.010706
318 0.010667
319 0.010324
320 0.010351
321 0.009968
322 0.010014
323 0.009522
324 0.009455
325 0.008883
326 0.008672
327 0.008262
328 0.007891
329 0.007577
330 0.006939
331 0.006687
