0 0.361342
1 0.000001
2 0.000259
3 0.000259
4 0.000259
5 0.000374
6 0.000630
7 0.000740
8 0.000865
9 0.001006
10 0.001091
11 0.001261
12 0.001309
13 0.001504
14 0.001536
15 0.001718
16 0.001765
17 0.001909
18 0.001983
19 0.002093
20 0.002190
21 0.002269
22 0.002386
23 0.002436
24 0.002571
25 0.002598
26 0.002742
27 0.002769
28 0.002883
29 0.002928
30 0.003015
31 0.003074
32 0.003135
33 0.003206
34 0.003245
35 0.003325
36 0.003346
37 0.003432
38 0.003447
39 0.003519
40 0.003540
41 0.003593
42 0.003621
43 0.003658
44 0.003688
45 0.003711
46 0.003742
47 0.003755
48 0.003785
49 0.003788
50 0.003802
51 0.003797
52 0.003800
53 0.003801
54 0.003800
55 0.003772
56 0.003746
57 0.003721
58 0.003700
59 0.003675
60 0.003655
61 0.003631
62 0.003614
63 0.003589
64 0.003568
65 0.003543
66 0.003523
67 0.003502
68 0.003479
69 0.003459
70 0.003435
71 0.003417
72 0.003402
73 0.003387
74 0.003365
75 0.003352
76 0.003339
77 0.003325
78 0.003309
79 0.003297
80 0.003287
81 0.003273
82 0.003265
83 0.003254
84 0.003250
85 0.003246
86 0.003247
87 0.003246
88 0.003253
89 0.003258
90 0.003267
91 0.003275
92 0.003283
93 0.003293
94 0.003300
95 0.003312
96 0.003315
97 0.003326
98 0.003337
99 0.003353
100 0.003365
101 0.003382
102 0.003396
103 0.003411
104 0.003425
105 0.003433
106 0.003441
107 0.003440
108 0.003441
109 0.003436
110 0.003437
111 0.003431
112 0.003431
113 0.003429
114 0.003427
115 0.003424
116 0.003424
117 0.003432
118 0.003435
119 0.003447
120 0.003454
121 0.003469
122 0.003472
123 0.003484
124 0.003488
125 0.003492
126 0.003491
127 0.003485
128 0.003480
129 0.003472
130 0.003469
131 0.003461
132 0.003461
133 0.003450
134 0.003450
135 0.003444
136 0.003443
137 0.003437
138 0.003433
139 0.003429
140 0.003421
141 0.003414
142 0.003399
143 0.003391
144 0.003373
145 0.003363
146 0.003344
147 0.003329
148 0.003307
149 0.003284
150 0.003258
151 0.003232
152 0.003209
153 0.003184
154 0.003165
155 0.003139
156 0.003123
157 0.003100
158 0.003084
159 0.003063
160 0.003049
161 0.003034
162 0.003020
163 0.003008
164 0.002996
165 0.002988
166 0.002975
167 0.002976
168 0.002973
169 0.002982
170 0.002985
171 0.002997
172 0.003004
173 0.003014
174 0.003024
175 0.003032
176 0.003044
177 0.003049
178 0.003060
179 0.003060
180 0.003064
181 0.003052
182 0.003045
183 0.003038
184 0.003041
185 0.003043
186 0.003048
187 0.003055
188 0.003060
189 0.003070
190 0.003072
191 0.003084
192 0.003083
193 0.003093
194 0.003090
195 0.003086
196 0.003073
197 0.003057
198 0.003038
199 0.003018
200 0.003003
201 0.002982
202 0.002970
203 0.002948
204 0.002938
205 0.002918
206 0.002907
207 0.002890
208 0.002878
209 0.002864
210 0.002850
211 0.002840
212 0.002824
213 0.002816
214 0.002799
215 0.002793
216 0.002776
217 0.002770
218 0.002758
219 0.002754
220 0.002748
221 0.002746
222 0.002746
223 0.002745
224 0.002752
225 0.002753
226 0.002763
227 0.002761
228 0.002772
229 0.002775
230 0.002784
231 0.002786
232 0.002784
233 0.002775
234 0.002762
235 0.002751
236 0.002733
237 0.002724
238 0.002705
239 0.002698
240 0.002679
241 0.002671
242 0.002655
243 0.002646
244 0.002634
245 0.002622
246 0.002612
247 0.002599
248 0.002592
249 0.002577
250 0.002574
251 0.002558
252 0.002557
253 0.002545
254 0.002542
255 0.002533
256 0.002528
257 0.002523
258 0.002517
259 0.002514
260 0.002505
261 0.002504
262 0.002492
263 0.002492
264 0.002479
265 0.002478
266 0.002467
267 0.002463
268 0.002455
269 0.002449
270 0.002444
271 0.002435
272 0.002432
273 0.002418
274 0.002418
275 0.002403
276 0.002403
277 0.002390
278 0.002387
279 0.002378
280 0.002371
281 0.002364
282 0.002354
283 0.002350
284 0.002337
285 0.002335
286 0.002319
287 0.002318
288 0.002302
289 0.002299
290 0.002287
291 0.002280
292 0.002270
293 0.002260
294 0.002254
295 0.002240
296 0.002237
297 0.002221
298 0.002219
299 0.002202
300 0.002200
301 0.002186
302 0.002181
303 0.002170
304 0.002162
305 0.002155
306 0.002143
307 0.002138
308 0.002123
309 0.002122
310 0.002103
311 0.002102
312 0.002086
313 0.002082
314 0.002070
315 0.002062
316 0.002053
317 0.002043
318 0.002037
319 0.002024
320 0.002022
321 0.002006
322 0.002006
323 0.001989
324 0.001988
325 0.001975
326 0.001971
327 0.001962
328 0.001956
329 0.001952
330 0.001943
331 0.001942
