0 0.356531
1 0.000001
2 0.000392
3 0.000391
4 0.000391
5 0.000567
6 0.000955
7 0.001121
8 0.001311
9 0.001523
10 0.001652
11 0.001906
12 0.001977
13 0.002268
14 0.002314
15 0.002583
16 0.002650
17 0.002860
18 0.002964
19 0.003122
20 0.003260
21 0.003370
22 0.003536
23 0.003602
24 0.003792
25 0.003823
26 0.004023
27 0.004054
28 0.004209
29 0.004264
30 0.004379
31 0.004454
32 0.004533
33 0.004625
34 0.004673
35 0.004776
36 0.004798
37 0.004908
38 0.004921
39 0.005011
40 0.005031
41 0.005096
42 0.005126
43 0.005168
44 0.005203
45 0.005226
46 0.005260
47 0.005271
48 0.005300
49 0.005303
50 0.005321
51 0.005321
52 0.005327
53 0.005324
54 0.005319
55 0.005310
56 0.005301
57 0.005286
58 0.005280
59 0.005262
60 0.005259
61 0.005237
62 0.005232
63 0.005211
64 0.005203
65 0.005184
66 0.005172
67 0.005157
68 0.005140
69 0.005129
70 0.005109
71 0.005102
72 0.005078
73 0.005074
74 0.005052
75 0.005046
76 0.005028
77 0.005020
78 0.005007
79 0.004995
80 0.004982
81 0.004962
82 0.004952
83 0.004929
84 0.004924
85 0.004898
86 0.004893
87 0.004871
88 0.004862
89 0.004842
90 0.004828
91 0.004813
92 0.004796
93 0.004786
94 0.004765
95 0.004760
96 0.004735
97 0.004732
98 0.004706
99 0.004698
100 0.004674
101 0.004660
102 0.004641
103 0.004622
104 0.004607
105 0.004583
106 0.004572
107 0.004543
108 0.004535
109 0.004503
110 0.004494
111 0.004467
112 0.004455
113 0.004432
114 0.004415
115 0.004398
116 0.004376
117 0.004364
118 0.004337
119 0.004327
120 0.004295
121 0.004288
122 0.004258
123 0.004247
124 0.004221
125 0.004205
126 0.004184
127 0.004164
128 0.004148
129 0.004123
130 0.004112
131 0.004083
132 0.004078
133 0.004046
134 0.004039
135 0.004013
136 0.004002
137 0.003983
138 0.003968
139 0.003954
140 0.003934
141 0.003923
142 0.003895
143 0.003889
144 0.003856
145 0.003853
146 0.003824
147 0.003817
148 0.003795
149 0.003783
150 0.003766
151 0.003750
152 0.003740
153 0.003717
154 0.003713
155 0.003684
156 0.003682
157 0.003652
158 0.003649
159 0.003625
160 0.003617
161 0.003600
162 0.003585
163 0.003574
164 0.003553
165 0.003546
166 0.003518
167 0.003518
168 0.003483
169 0.003483
170 0.003454
171 0.003446
172 0.003423
173 0.003409
174 0.003392
175 0.003371
176 0.003360
177 0.003332
178 0.003328
179 0.003294
180 0.003293
181 0.003260
182 0.003255
183 0.003229
184 0.003217
185 0.003198
186 0.003179
187 0.003166
188 0.003141
189 0.003134
190 0.003102
191 0.003102
192 0.003064
193 0.003062
194 0.003031
195 0.003022
196 0.002997
197 0.002981
198 0.002964
199 0.002940
200 0.002931
201 0.002900
202 0.002898
203 0.002859
204 0.002859
205 0.002823
206 0.002819
207 0.002790
208 0.002778
209 0.002757
210 0.002736
211 0.002724
212 0.002694
213 0.002690
214 0.002651
215 0.002652
216 0.002609
217 0.002607
218 0.002572
219 0.002560
220 0.002532
221 0.002511
222 0.002491
223 0.002461
224 0.002450
225 0.002410
226 0.002407
227 0.002357
228 0.002356
229 0.002311
230 0.002301
231 0.002265
232 0.002245
233 0.002217
234 0.002187
235 0.002169
236 0.002128
237 0.002120
238 0.002069
239 0.002063
240 0.001981
241 0.001987
242 0.001992
243 0.001949
244 0.001875
245 0.001880
246 0.001885
247 0.001800
248 0.001764
249 0.001769
250 0.001774
251 0.001645
252 0.001649
253 0.001654
254 0.001616
255 0.001526
256 0.001530
257 0.001534
258 0.001452
259 0.001402
260 0.001406
261 0.001409
262 0.001280
263 0.001273
264 0.001277
265 0.001244
266 0.001137
267 0.001139
268 0.001142
269 0.001042
270 0.000961
271 0.000963
272 0.000965
273 0.000967
274 0.000963
275 0.000704
276 0.000706
277 0.000706
278 0.000707
279 0.000709
280 0.000710
281 0.000710
282 0.000244
283 0.000016
284 0.000016
285 0.000016
286 0.000016
287 0.000016
288 0.000016
289 0.000016
290 0.000016
291 0.000016
292 0.000016
293 0.000016
294 0.000016
295 0.000016
296 0.000016
297 0.001839
298 0.002122
299 0.003332
300 0.003564
301 0.004506
302 0.004889
303 0.005589
304 0.006098
305 0.006583
306 0.007191
307 0.007486
308 0.008165
309 0.008296
310 0.009024
311 0.009111
312 0.009679
313 0.009831
314 0.010235
315 0.010445
316 0.010714
317 0.010959
318 0.011116
319 0.011374
320 0.011455
321 0.011704
322 0.011740
323 0.011923
324 0.011949
325 0.012039
326 0.012049
327 0.012068
328 0.012041
329 0.012018
330 0.011932
331 0.011892
