0 0.283809
1 0.000001
2 0.000162
3 0.000162
4 0.000164
5 0.000173
6 0.000173
7 0.000181
8 0.000191
9 0.000191
10 0.000206
11 0.000214
12 0.000214
13 0.000287
14 0.000293
15 0.000296
16 0.000312
17 0.000312
18 0.000375
19 0.000473
20 0.000474
21 0.000499
22 0.000514
23 0.000515
24 0.000549
25 0.000556
26 0.000564
27 0.000638
28 0.000639
29 0.000653
30 0.000681
31 0.000682
32 0.000705
33 0.000724
34 0.000725
35 0.000771
36 0.000784
37 0.000787
38 0.000828
39 0.000830
40 0.000842
41 0.000874
42 0.000876
43 0.000898
44 0.000921
45 0.000923
46 0.000948
47 0.000958
48 0.000960
49 0.001004
50 0.001007
51 0.001013
52 0.001027
53 0.001029
54 0.001050
55 0.001078
56 0.001080
57 0.001113
58 0.001130
59 0.001132
60 0.001129
61 0.001130
62 0.001139
63 0.001183
64 0.001184
65 0.001205
66 0.001238
67 0.001241
68 0.001172
69 0.001127
70 0.001128
71 0.001175
72 0.001185
73 0.001189
74 0.001244
75 0.001245
76 0.001263
77 0.001307
78 0.001307
79 0.001342
80 0.001373
81 0.001374
82 0.001421
83 0.001437
84 0.001437
85 0.000883
86 0.000880
87 0.000878
88 0.000974
89 0.000972
90 0.001094
91 0.001284
92 0.001285
93 0.001587
94 0.001727
95 0.001727
96 0.002178
97 0.002210
98 0.002290
99 0.002703
100 0.002697
101 0.002890
102 0.003183
103 0.003174
104 0.003476
105 0.003644
106 0.003631
107 0.004033
108 0.004079
109 0.004108
110 0.004506
111 0.004484
112 0.004612
113 0.004887
114 0.004863
115 0.005085
116 0.005248
117 0.005225
118 0.005531
119 0.005587
120 0.005574
121 0.005930
122 0.005902
123 0.005978
124 0.006235
125 0.006211
126 0.006372
127 0.006528
128 0.006498
129 0.006727
130 0.006794
131 0.006770
132 0.007078
133 0.007072
134 0.007122
135 0.007366
136 0.007347
137 0.007463
138 0.007621
139 0.007601
140 0.007785
141 0.007875
142 0.007867
143 0.008125
144 0.008157
145 0.008206
146 0.008472
147 0.008512
148 0.008727
149 0.009059
150 0.009379
151 0.009940
152 0.010414
153 0.010738
154 0.011288
155 0.011614
156 0.011884
157 0.012400
158 0.012613
159 0.012899
160 0.013295
161 0.013462
162 0.013776
163 0.014060
164 0.014191
165 0.014537
166 0.014719
167 0.014824
168 0.015197
169 0.014976
170 0.014771
171 0.014767
172 0.014914
173 0.015158
174 0.015403
175 0.015497
176 0.015738
177 0.015866
178 0.015905
179 0.016132
180 0.016152
181 0.016177
182 0.016313
183 0.016247
184 0.016224
185 0.016201
186 0.016021
187 0.015899
188 0.015697
189 0.015613
190 0.015816
191 0.015959
192 0.016151
193 0.016476
194 0.016684
195 0.016945
196 0.017267
197 0.017517
198 0.017856
199 0.018199
200 0.018503
201 0.018925
202 0.019303
203 0.019689
204 0.020211
205 0.020658
206 0.021164
207 0.021751
208 0.022266
209 0.022605
210 0.022657
211 0.022652
212 0.022695
213 0.022694
214 0.022665
215 0.022683
216 0.022636
217 0.022587
218 0.022556
219 0.022482
220 0.022411
221 0.022335
222 0.022266
223 0.022517
224 0.022931
225 0.023228
226 0.023231
227 0.023237
228 0.023239
229 0.023224
230 0.023226
231 0.023211
232 0.023183
233 0.023176
234 0.023133
235 0.023097
236 0.023077
237 0.022995
238 0.022955
239 0.022919
240 0.022803
241 0.022764
242 0.022691
243 0.022574
244 0.022524
245 0.022409
246 0.022300
247 0.022240
248 0.022078
249 0.021981
250 0.021913
251 0.021697
252 0.021624
253 0.021512
254 0.021314
255 0.021236
256 0.021078
257 0.020908
258 0.020828
259 0.020620
260 0.020485
261 0.020406
262 0.020145
263 0.020056
264 0.019947
265 0.019701
266 0.019630
267 0.019474
268 0.019275
269 0.019213
270 0.019005
271 0.018863
272 0.018812
273 0.018547
274 0.018463
275 0.018386
276 0.018101
277 0.018051
278 0.017910
279 0.017681
280 0.017631
281 0.017422
282 0.017252
283 0.017202
284 0.016915
285 0.016803
286 0.016739
287 0.016391
288 0.016343
289 0.016210
290 0.015932
291 0.015890
292 0.015685
293 0.015486
294 0.015453
295 0.015168
296 0.015044
297 0.015010
298 0.014633
299 0.014587
300 0.014478
301 0.014150
302 0.014115
303 0.013915
304 0.013666
305 0.013628
306 0.013327
307 0.013159
308 0.013114
309 0.012710
310 0.012626
311 0.012523
312 0.012121
313 0.012078
314 0.011882
315 0.011581
316 0.011548
317 0.011258
318 0.011053
319 0.011023
320 0.010631
321 0.010535
322 0.010488
323 0.010051
324 0.010037
325 0.009885
326 0.009549
327 0.009539
328 0.009277
329 0.009049
330 0.009044
331 0.008664
