0 0.356781
1 0.000001
2 0.000141
3 0.000141
4 0.000141
5 0.000141
6 0.000141
7 0.000141
8 0.000141
9 0.000280
10 0.000364
11 0.000363
12 0.000363
13 0.000473
14 0.000487
15 0.000560
16 0.000580
17 0.000641
18 0.000674
19 0.000723
20 0.000769
21 0.000806
22 0.000866
23 0.000889
24 0.000964
25 0.000975
26 0.001061
27 0.001074
28 0.001146
29 0.001173
30 0.001230
31 0.001272
32 0.001315
33 0.001371
34 0.001399
35 0.001471
36 0.001483
37 0.001570
38 0.001577
39 0.001657
40 0.001675
41 0.001740
42 0.001773
43 0.001821
44 0.001869
45 0.001901
46 0.001965
47 0.001981
48 0.002061
49 0.002064
50 0.002151
51 0.002158
52 0.002228
53 0.002251
54 0.002304
55 0.002343
56 0.002379
57 0.002432
58 0.002450
59 0.002514
60 0.002515
61 0.002591
62 0.002588
63 0.002649
64 0.002657
65 0.002701
66 0.002720
67 0.002747
68 0.002777
69 0.002790
70 0.002829
71 0.002829
72 0.002877
73 0.002869
74 0.002916
75 0.002911
76 0.002945
77 0.002950
78 0.002971
79 0.002984
80 0.002994
81 0.003015
82 0.003014
83 0.003043
84 0.003033
85 0.003068
86 0.003057
87 0.003082
88 0.003079
89 0.003095
90 0.003099
91 0.003106
92 0.003116
93 0.003115
94 0.003131
95 0.003123
96 0.003144
97 0.003133
98 0.003151
99 0.003144
100 0.003155
101 0.003154
102 0.003160
103 0.003163
104 0.003164
105 0.003175
106 0.003174
107 0.003190
108 0.003188
109 0.003207
110 0.003206
111 0.003222
112 0.003226
113 0.003238
114 0.003245
115 0.003254
116 0.003265
117 0.003272
118 0.003286
119 0.003290
120 0.003307
121 0.003312
122 0.003327
123 0.003334
124 0.003347
125 0.003357
126 0.003370
127 0.003382
128 0.003393
129 0.003405
130 0.003414
131 0.003426
132 0.003433
133 0.003443
134 0.003450
135 0.003457
136 0.003463
137 0.003469
138 0.003474
139 0.003479
140 0.003483
141 0.003488
142 0.003488
143 0.003494
144 0.003492
145 0.003497
146 0.003494
147 0.003497
148 0.003494
149 0.003494
150 0.003492
151 0.003489
152 0.003488
153 0.003481
154 0.003483
155 0.003472
156 0.003475
157 0.003461
158 0.003463
159 0.003452
160 0.003449
161 0.003440
162 0.003433
163 0.003428
164 0.003415
165 0.003414
166 0.003395
167 0.003399
168 0.003373
169 0.003376
170 0.003354
171 0.003351
172 0.003334
173 0.003324
174 0.003312
175 0.003295
176 0.003289
177 0.003264
178 0.003263
179 0.003229
180 0.003232
181 0.003197
182 0.003195
183 0.003166
184 0.003155
185 0.003133
186 0.003113
187 0.003098
188 0.003067
189 0.003061
190 0.003019
191 0.003020
192 0.002969
193 0.002968
194 0.002924
195 0.002913
196 0.002878
197 0.002854
198 0.002828
199 0.002791
200 0.002776
201 0.002725
202 0.002721
203 0.002655
204 0.002653
205 0.002590
206 0.002577
207 0.002525
208 0.002497
209 0.002456
210 0.002413
211 0.002384
212 0.002324
213 0.002308
214 0.002230
215 0.002224
216 0.002136
217 0.002123
218 0.002048
219 0.002018
220 0.001956
221 0.001907
222 0.001860
223 0.001791
224 0.001760
225 0.001670
226 0.001655
227 0.001543
228 0.001529
229 0.001428
230 0.001396
231 0.001310
232 0.001257
233 0.001189
234 0.001113
235 0.001063
236 0.000964
237 0.000933
238 0.000809
239 0.000789
240 0.000660
241 0.000629
242 0.000519
243 0.000464
244 0.000374
245 0.000178
246 0.000006
247 0.000006
248 0.000006
249 0.000006
250 0.000006
251 0.001201
252 0.001318
253 0.001959
254 0.002184
255 0.002682
256 0.003003
257 0.003370
258 0.003778
259 0.004025
260 0.004508
261 0.004645
262 0.005195
263 0.005284
264 0.005792
265 0.005921
266 0.006319
267 0.006519
268 0.006819
269 0.007079
270 0.007290
271 0.007601
272 0.007734
273 0.008086
274 0.008159
275 0.008527
276 0.008600
277 0.008888
278 0.009006
279 0.009225
280 0.009377
281 0.009538
282 0.009715
283 0.009827
284 0.010020
285 0.010094
286 0.010291
287 0.010348
288 0.010507
289 0.010573
290 0.010690
291 0.010764
292 0.010852
293 0.010929
294 0.011009
295 0.011083
296 0.011164
297 0.011219
298 0.011306
299 0.011343
300 0.011435
301 0.011469
302 0.011541
303 0.011566
304 0.011591
305 0.011617
306 0.011583
307 0.011631
308 0.011529
309 0.011608
310 0.011420
311 0.011500
312 0.011317
313 0.011346
314 0.011194
315 0.011139
316 0.011029
317 0.010870
318 0.010819
319 0.010533
320 0.010562
321 0.010135
322 0.010203
323 0.009666
324 0.009627
325 0.009121
326 0.008914
327 0.008476
328 0.008073
329 0.007722
330 0.007094
331 0.006849
