0 0.351241
1 0.000001
2 0.000140
3 0.000140
4 0.000140
5 0.000140
6 0.000140
7 0.000140
8 0.000140
9 0.000140
10 0.000140
11 0.000140
12 0.000140
13 0.000140
14 0.000140
15 0.000140
16 0.000140
17 0.000140
18 0.000140
19 0.000140
20 0.000284
21 0.000400
22 0.000400
23 0.000400
24 0.000400
25 0.000403
26 0.000564
27 0.000564
28 0.000565
29 0.000565
30 0.000565
31 0.000641
32 0.000721
33 0.000721
34 0.000721
35 0.000831
36 0.000859
37 0.000860
38 0.000876
39 0.001009
40 0.001009
41 0.001010
42 0.001060
43 0.001129
44 0.001178
45 0.001213
46 0.001277
47 0.001300
48 0.001379
49 0.001394
50 0.001482
51 0.001502
52 0.001578
53 0.001614
54 0.001677
55 0.001729
56 0.001778
57 0.001845
58 0.001880
59 0.001962
60 0.001981
61 0.002077
62 0.002094
63 0.002179
64 0.002209
65 0.002278
66 0.002322
67 0.002376
68 0.002434
69 0.002473
70 0.002544
71 0.002568
72 0.002652
73 0.002667
74 0.002752
75 0.002772
76 0.002843
77 0.002877
78 0.002932
79 0.002979
80 0.003020
81 0.003079
82 0.003106
83 0.003178
84 0.003192
85 0.003276
86 0.003290
87 0.003362
88 0.003389
89 0.003447
90 0.003486
91 0.003531
92 0.003582
93 0.003614
94 0.003677
95 0.003696
96 0.003770
97 0.003783
98 0.003855
99 0.003874
100 0.003932
101 0.003963
102 0.004010
103 0.004052
104 0.004087
105 0.004141
106 0.004164
107 0.004229
108 0.004242
109 0.004314
110 0.004326
111 0.004383
112 0.004405
113 0.004451
114 0.004485
115 0.004523
116 0.004570
117 0.004598
118 0.004654
119 0.004670
120 0.004735
121 0.004748
122 0.004809
123 0.004829
124 0.004879
125 0.004909
126 0.004951
127 0.004993
128 0.005027
129 0.005081
130 0.005109
131 0.005176
132 0.005199
133 0.005270
134 0.005295
135 0.005356
136 0.005389
137 0.005439
138 0.005480
139 0.005519
140 0.005570
141 0.005603
142 0.005664
143 0.005689
144 0.005759
145 0.005783
146 0.005847
147 0.005879
148 0.005936
149 0.005977
150 0.006023
151 0.006068
152 0.006084
153 0.006093
154 0.006065
155 0.006063
156 0.006025
157 0.006024
158 0.005992
159 0.005997
160 0.006010
161 0.006047
162 0.006083
163 0.006119
164 0.006168
165 0.006203
166 0.006260
167 0.006287
168 0.006350
169 0.006379
170 0.006440
171 0.006481
172 0.006541
173 0.006595
174 0.006656
175 0.006725
176 0.006792
177 0.006882
178 0.006957
179 0.007064
180 0.007147
181 0.007261
182 0.007351
183 0.007459
184 0.007551
185 0.007648
186 0.007730
187 0.007798
188 0.007862
189 0.007901
190 0.007949
191 0.007968
192 0.008012
193 0.008027
194 0.008061
195 0.008079
196 0.008107
197 0.008134
198 0.008167
199 0.008207
200 0.008236
201 0.008260
202 0.008252
203 0.008263
204 0.008261
205 0.008281
206 0.008284
207 0.008296
208 0.008299
209 0.008305
210 0.008311
211 0.008316
212 0.008327
213 0.008327
214 0.008336
215 0.008328
216 0.008331
217 0.008319
218 0.008317
219 0.008305
220 0.008295
221 0.008278
222 0.008254
223 0.008225
224 0.008184
225 0.008134
226 0.008050
227 0.007949
228 0.007830
229 0.007731
230 0.007611
231 0.007478
232 0.007346
233 0.007232
234 0.007143
235 0.007107
236 0.007098
237 0.007094
238 0.007090
239 0.007082
240 0.007073
241 0.007061
242 0.007051
243 0.007043
244 0.007038
245 0.007032
246 0.007026
247 0.007018
248 0.007013
249 0.007006
250 0.007001
251 0.006996
252 0.006997
253 0.007000
254 0.007013
255 0.007023
256 0.007033
257 0.007039
258 0.007038
259 0.007039
260 0.007036
261 0.007038
262 0.007029
263 0.007028
264 0.007020
265 0.007018
266 0.007010
267 0.007007
268 0.007001
269 0.006998
270 0.006997
271 0.006991
272 0.006991
273 0.006980
274 0.006985
275 0.006979
276 0.006986
277 0.006982
278 0.006985
279 0.006980
280 0.006978
281 0.006974
282 0.006967
283 0.006967
284 0.006954
285 0.006953
286 0.006933
287 0.006931
288 0.006911
289 0.006907
290 0.006894
291 0.006889
292 0.006881
293 0.006873
294 0.006871
295 0.006862
296 0.006870
297 0.006863
298 0.006880
299 0.006875
300 0.006897
301 0.006901
302 0.006920
303 0.006931
304 0.006946
305 0.006964
306 0.006976
307 0.007001
308 0.007010
309 0.007043
310 0.007047
311 0.007085
312 0.007096
313 0.007135
314 0.007160
315 0.007188
316 0.007202
317 0.007180
318 0.007148
319 0.007078
320 0.007023
321 0.006934
322 0.006878
323 0.006779
324 0.006708
325 0.006618
326 0.006580
327 0.006547
328 0.006533
329 0.006533
330 0.006521
331 0.006530
