0 0.356531
1 0.000001
2 0.000261
3 0.000261
4 0.000261
5 0.000261
6 0.000261
7 0.000436
8 0.000637
9 0.000637
10 0.000803
11 0.000874
12 0.000874
13 0.001087
14 0.001102
15 0.001138
16 0.001319
17 0.001319
18 0.001402
19 0.001526
20 0.001526
21 0.001651
22 0.001722
23 0.001721
24 0.001883
25 0.001907
26 0.001924
27 0.002083
28 0.002082
29 0.002137
30 0.002248
31 0.002247
32 0.002336
33 0.002403
34 0.002402
35 0.002520
36 0.002548
37 0.002551
38 0.002684
39 0.002682
40 0.002715
41 0.002808
42 0.002806
43 0.002864
44 0.002921
45 0.002919
46 0.002997
47 0.003024
48 0.003022
49 0.003116
50 0.003118
51 0.003133
52 0.003203
53 0.003201
54 0.003234
55 0.003277
56 0.003275
57 0.003320
58 0.003342
59 0.003340
60 0.003393
61 0.003398
62 0.003404
63 0.003448
64 0.003447
65 0.003461
66 0.003487
67 0.003485
68 0.003504
69 0.003516
70 0.003515
71 0.003534
72 0.003537
73 0.003537
74 0.003549
75 0.003548
76 0.003549
77 0.003552
78 0.003553
79 0.003550
80 0.003548
81 0.003547
82 0.003538
83 0.003535
84 0.003535
85 0.003521
86 0.003521
87 0.003518
88 0.003507
89 0.003507
90 0.003500
91 0.003492
92 0.003492
93 0.003481
94 0.003475
95 0.003475
96 0.003460
97 0.003458
98 0.003454
99 0.003440
100 0.003439
101 0.003432
102 0.003421
103 0.003420
104 0.003409
105 0.003403
106 0.003402
107 0.003388
108 0.003385
109 0.003383
110 0.003369
111 0.003369
112 0.003363
113 0.003353
114 0.003353
115 0.003345
116 0.003339
117 0.003339
118 0.003327
119 0.003323
120 0.003321
121 0.003304
122 0.003303
123 0.003297
124 0.003284
125 0.003284
126 0.003275
127 0.003266
128 0.003266
129 0.003253
130 0.003248
131 0.003248
132 0.003231
133 0.003229
134 0.003225
135 0.003210
136 0.003210
137 0.003202
138 0.003192
139 0.003192
140 0.003180
141 0.003174
142 0.003174
143 0.003158
144 0.003157
145 0.003155
146 0.003139
147 0.003138
148 0.003130
149 0.003118
150 0.003116
151 0.003104
152 0.003095
153 0.003094
154 0.003077
155 0.003073
156 0.003070
157 0.003051
158 0.003049
159 0.003042
160 0.003027
161 0.003026
162 0.003014
163 0.003003
164 0.003001
165 0.002985
166 0.002979
167 0.002978
168 0.002957
169 0.002956
170 0.002950
171 0.002933
172 0.002933
173 0.002922
174 0.002911
175 0.002910
176 0.002895
177 0.002887
178 0.002886
179 0.002865
180 0.002863
181 0.002858
182 0.002840
183 0.002839
184 0.002829
185 0.002815
186 0.002814
187 0.002800
188 0.002791
189 0.002790
190 0.002770
191 0.002766
192 0.002764
193 0.002743
194 0.002743
195 0.002735
196 0.002720
197 0.002720
198 0.002708
199 0.002698
200 0.002698
201 0.002680
202 0.002676
203 0.002676
204 0.002655
205 0.002656
206 0.002651
207 0.002636
208 0.002637
209 0.002627
210 0.002616
211 0.002616
212 0.002599
213 0.002593
214 0.002594
215 0.002572
216 0.002571
217 0.002567
218 0.002550
219 0.002551
220 0.002542
221 0.002530
222 0.002531
223 0.002517
224 0.002511
225 0.002513
226 0.002493
227 0.002493
228 0.002492
229 0.002473
230 0.002475
231 0.002468
232 0.002454
233 0.002456
234 0.002443
235 0.002435
236 0.002437
237 0.002419
238 0.002417
239 0.002418
240 0.002398
241 0.002400
242 0.002395
243 0.002380
244 0.002383
245 0.002372
246 0.002363
247 0.002365
248 0.002347
249 0.002343
250 0.002346
251 0.002321
252 0.002324
253 0.002320
254 0.002302
255 0.002304
256 0.002294
257 0.002282
258 0.002284
259 0.002267
260 0.002260
261 0.002263
262 0.002239
263 0.002239
264 0.002237
265 0.002216
266 0.002218
267 0.002209
268 0.002195
269 0.002197
270 0.002182
271 0.002174
272 0.002177
273 0.002154
274 0.002153
275 0.002153
276 0.002129
277 0.002132
278 0.002125
279 0.002108
280 0.002111
281 0.002097
282 0.002087
283 0.002090
284 0.002069
285 0.002066
286 0.002068
287 0.002041
288 0.002045
289 0.002039
290 0.002019
291 0.002023
292 0.002010
293 0.001997
294 0.002000
295 0.001980
296 0.001975
297 0.001978
298 0.001950
299 0.001953
300 0.001950
301 0.001927
302 0.001930
303 0.001920
304 0.001905
305 0.001909
306 0.001890
307 0.001883
308 0.001887
309 0.001860
310 0.001861
311 0.001860
312 0.001834
313 0.001838
314 0.001830
315 0.001812
316 0.001816
317 0.001799
318 0.001789
319 0.001793
320 0.001768
321 0.001766
322 0.001768
323 0.001738
324 0.001742
325 0.001735
326 0.001713
327 0.001716
328 0.001700
329 0.001687
330 0.001690
331 0.001665
