0 0.361342
1 0.000001
2 0.000415
3 0.000414
4 0.000415
5 0.000415
6 0.000414
7 0.000415
8 0.000415
9 0.000414
10 0.000787
11 0.000946
12 0.000946
13 0.001182
14 0.001198
15 0.001239
16 0.001443
17 0.001443
18 0.001537
19 0.001679
20 0.001679
21 0.001824
22 0.001908
23 0.001908
24 0.002099
25 0.002128
26 0.002149
27 0.002341
28 0.002341
29 0.002409
30 0.002545
31 0.002545
32 0.002656
33 0.002741
34 0.002740
35 0.002891
36 0.002929
37 0.002934
38 0.003109
39 0.003109
40 0.003154
41 0.003280
42 0.003280
43 0.003362
44 0.003444
45 0.003444
46 0.003558
47 0.003600
48 0.003599
49 0.003742
50 0.003747
51 0.003775
52 0.003887
53 0.003886
54 0.003943
55 0.004018
56 0.004017
57 0.004100
58 0.004141
59 0.004141
60 0.004245
61 0.004256
62 0.004270
63 0.004364
64 0.004364
65 0.004400
66 0.004463
67 0.004463
68 0.004518
69 0.004554
70 0.004554
71 0.004624
72 0.004638
73 0.004642
74 0.004713
75 0.004713
76 0.004734
77 0.004782
78 0.004782
79 0.004814
80 0.004843
81 0.004843
82 0.004884
83 0.004897
84 0.004896
85 0.004948
86 0.004947
87 0.004959
88 0.004998
89 0.004997
90 0.005020
91 0.005046
92 0.005045
93 0.005079
94 0.005093
95 0.005093
96 0.005138
97 0.005140
98 0.005147
99 0.005187
100 0.005186
101 0.005204
102 0.005232
103 0.005231
104 0.005260
105 0.005276
106 0.005275
107 0.005314
108 0.005319
109 0.005322
110 0.005362
111 0.005361
112 0.005375
113 0.005404
114 0.005403
115 0.005427
116 0.005445
117 0.005444
118 0.005478
119 0.005486
120 0.005486
121 0.005526
122 0.005525
123 0.005535
124 0.005565
125 0.005564
126 0.005584
127 0.005604
128 0.005603
129 0.005633
130 0.005643
131 0.005642
132 0.005681
133 0.005681
134 0.005688
135 0.005719
136 0.005718
137 0.005735
138 0.005756
139 0.005754
140 0.005778
141 0.005789
142 0.005788
143 0.005820
144 0.005822
145 0.005826
146 0.005857
147 0.005856
148 0.005868
149 0.005889
150 0.005888
151 0.005908
152 0.005921
153 0.005919
154 0.005947
155 0.005951
156 0.005952
157 0.005983
158 0.005981
159 0.005990
160 0.006013
161 0.006012
162 0.006028
163 0.006042
164 0.006041
165 0.006064
166 0.006071
167 0.006071
168 0.006104
169 0.006106
170 0.006117
171 0.006145
172 0.006151
173 0.006173
174 0.006198
175 0.006208
176 0.006241
177 0.006264
178 0.006280
179 0.006325
180 0.006347
181 0.006373
182 0.006419
183 0.006442
184 0.006477
185 0.006518
186 0.006541
187 0.006583
188 0.006616
189 0.006640
190 0.006687
191 0.006713
192 0.006739
193 0.006786
194 0.006808
195 0.006839
196 0.006879
197 0.006901
198 0.006937
199 0.006970
200 0.006992
201 0.007033
202 0.007059
203 0.007082
204 0.007129
205 0.007155
206 0.007190
207 0.007237
208 0.007266
209 0.007305
210 0.007342
211 0.007366
212 0.007406
213 0.007435
214 0.007458
215 0.007502
216 0.007525
217 0.007551
218 0.007590
219 0.007612
220 0.007642
221 0.007676
222 0.007696
223 0.007731
224 0.007759
225 0.007779
226 0.007818
227 0.007842
228 0.007866
229 0.007904
230 0.007925
231 0.007953
232 0.007986
233 0.008006
234 0.008038
235 0.008065
236 0.008085
237 0.008119
238 0.008142
239 0.008162
240 0.008197
241 0.008216
242 0.008239
243 0.008269
244 0.008287
245 0.008314
246 0.008339
247 0.008357
248 0.008386
249 0.008406
250 0.008423
251 0.008454
252 0.008471
253 0.008491
254 0.008517
255 0.008534
256 0.008555
257 0.008579
258 0.008596
259 0.008622
260 0.008644
261 0.008662
262 0.008691
263 0.008711
264 0.008730
265 0.008753
266 0.008763
267 0.008775
268 0.008790
269 0.008798
270 0.008812
271 0.008823
272 0.008832
273 0.008846
274 0.008855
275 0.008864
276 0.008878
277 0.008886
278 0.008896
279 0.008909
280 0.008915
281 0.008911
282 0.008889
283 0.008860
284 0.008835
285 0.008808
286 0.008781
287 0.008757
288 0.008730
289 0.008704
290 0.008680
291 0.008654
292 0.008629
293 0.008605
294 0.008580
295 0.008555
296 0.008529
297 0.008503
298 0.008476
299 0.008449
300 0.008420
301 0.008390
302 0.008360
303 0.008330
304 0.008299
305 0.008269
306 0.008240
307 0.008212
308 0.008184
309 0.008153
310 0.008125
311 0.008097
312 0.008065
313 0.008037
314 0.008007
315 0.007976
316 0.007949
317 0.007919
318 0.007889
319 0.007863
320 0.007831
321 0.007804
322 0.007778
323 0.007746
324 0.007722
325 0.007696
326 0.007668
327 0.007647
328 0.007621
329 0.007596
330 0.007575
331 0.007547
