0 0.283809
1 0.000001
2 0.000081
3 0.000081
4 0.000081
5 0.000081
6 0.000081
7 0.000083
8 0.000086
9 0.000086
10 0.000087
11 0.000086
12 0.000086
13 0.000095
14 0.000095
15 0.000095
16 0.000096
17 0.000095
18 0.000100
19 0.000107
20 0.000107
21 0.000107
22 0.000107
23 0.000107
24 0.000141
25 0.000146
26 0.000146
27 0.000146
28 0.000147
29 0.000149
30 0.000156
31 0.000156
32 0.000156
33 0.000156
34 0.000156
35 0.000220
36 0.000237
37 0.000237
38 0.000237
39 0.000237
40 0.000243
41 0.000256
42 0.000257
43 0.000257
44 0.000257
45 0.000257
46 0.000272
47 0.000277
48 0.000278
49 0.000278
50 0.000278
51 0.000286
52 0.000319
53 0.000319
54 0.000319
55 0.000320
56 0.000320
57 0.000333
58 0.000340
59 0.000340
60 0.000341
61 0.000341
62 0.000344
63 0.000361
64 0.000361
65 0.000362
66 0.000362
67 0.000363
68 0.000380
69 0.000391
70 0.000392
71 0.000392
72 0.000392
73 0.000395
74 0.000413
75 0.000414
76 0.000414
77 0.000415
78 0.000415
79 0.000426
80 0.000436
81 0.000437
82 0.000437
83 0.000438
84 0.000438
85 0.000460
86 0.000460
87 0.000461
88 0.000461
89 0.000461
90 0.000469
91 0.000478
92 0.000479
93 0.000479
94 0.000480
95 0.000480
96 0.000500
97 0.000503
98 0.000503
99 0.000504
100 0.000504
101 0.000508
102 0.000513
103 0.000513
104 0.000514
105 0.000514
106 0.000515
107 0.000535
108 0.000539
109 0.000539
110 0.000540
111 0.000540
112 0.000548
113 0.000564
114 0.000564
115 0.000565
116 0.000565
117 0.000566
118 0.000564
119 0.000564
120 0.000565
121 0.000565
122 0.000566
123 0.000573
124 0.000591
125 0.000591
126 0.000592
127 0.000592
128 0.000593
129 0.000611
130 0.000619
131 0.000619
132 0.000620
133 0.000620
134 0.000609
135 0.000563
136 0.000563
137 0.000563
138 0.000564
139 0.000564
140 0.000582
141 0.000592
142 0.000592
143 0.000592
144 0.000592
145 0.000596
146 0.000622
147 0.000622
148 0.000622
149 0.000622
150 0.000622
151 0.000641
152 0.000653
153 0.000653
154 0.000653
155 0.000654
156 0.000656
157 0.000686
158 0.000686
159 0.000686
160 0.000687
161 0.000687
162 0.000703
163 0.000718
164 0.000718
165 0.000718
166 0.000718
167 0.000718
168 0.000442
169 0.000441
170 0.000440
171 0.000439
172 0.000439
173 0.000446
174 0.000487
175 0.000487
176 0.000486
177 0.000486
178 0.000485
179 0.000629
180 0.000642
181 0.000643
182 0.000643
183 0.000643
184 0.000727
185 0.000864
186 0.000864
187 0.000864
188 0.000864
189 0.000865
190 0.001074
191 0.001107
192 0.001107
193 0.001106
194 0.001106
195 0.001187
196 0.001355
197 0.001353
198 0.001352
199 0.001350
200 0.001349
201 0.001547
202 0.001596
203 0.001594
204 0.001591
205 0.001589
206 0.001653
207 0.001831
208 0.001828
209 0.001825
210 0.001821
211 0.001818
212 0.001992
213 0.002052
214 0.002047
215 0.002043
216 0.002038
217 0.002080
218 0.002262
219 0.002257
220 0.002251
221 0.002246
222 0.002240
223 0.002385
224 0.002454
225 0.002448
226 0.002442
227 0.002436
228 0.002459
229 0.002641
230 0.002635
231 0.002629
232 0.002623
233 0.002617
234 0.002736
235 0.002812
236 0.002806
237 0.002799
238 0.002792
239 0.002799
240 0.002979
241 0.002971
242 0.002964
243 0.002957
244 0.002950
245 0.003047
246 0.003130
247 0.003124
248 0.003118
249 0.003112
250 0.003107
251 0.003285
252 0.003278
253 0.003271
254 0.003263
255 0.003256
256 0.003331
257 0.003419
258 0.003412
259 0.003405
260 0.003399
261 0.003393
262 0.003546
263 0.003553
264 0.003548
265 0.003544
266 0.003540
267 0.003603
268 0.003696
269 0.003692
270 0.003687
271 0.003682
272 0.003677
273 0.003809
274 0.003825
275 0.003820
276 0.003815
277 0.003810
278 0.003856
279 0.003953
280 0.003950
281 0.003947
282 0.003944
283 0.003943
284 0.004058
285 0.004087
286 0.004087
287 0.004088
288 0.004090
289 0.004130
290 0.004239
291 0.004245
292 0.004251
293 0.004264
294 0.004288
295 0.004421
296 0.004493
297 0.004535
298 0.004595
299 0.004692
300 0.004817
301 0.005026
302 0.005117
303 0.005203
304 0.005284
305 0.005362
306 0.005536
307 0.005659
308 0.005728
309 0.005794
310 0.005857
311 0.005937
312 0.006127
313 0.006182
314 0.006236
315 0.006287
316 0.006335
317 0.006473
318 0.006580
319 0.006624
320 0.006666
321 0.006706
322 0.006754
323 0.006930
324 0.006967
325 0.007001
326 0.007035
327 0.007066
328 0.007174
329 0.007270
330 0.007299
331 0.007327
