1 0.001703
2 0.000003
3 0.000006
4 0.002838
5 0.000010
6 0.001857
7 0.001774
8 0.001795
9 0.000010
10 0.001882
11 0.000007
12 0.003279
13 0.000010
14 0.001983
15 0.002012
16 0.000007
17 0.002076
18 0.002060
19 0.000006
20 0.000006
21 0.002007
22 0.001919
23 0.000005
24 0.001846
25 0.002073
26 0.002517
27 0.000003
28 0.000007
29 0.004232
30 0.002119
31 0.000007
32 0.002130
33 0.002138
34 0.000005
35 0.002168
36 0.000012
37 0.002939
38 0.000004
39 0.002374
40 0.002299
41 0.000006
42 0.002359
43 0.002212
44 0.000011
45 0.000010
46 0.002225
47 0.001937
48 0.001904
49 0.000012
50 0.002642
51 0.004045
52 0.000006
53 0.000010
54 0.000005
55 0.002122
56 0.000006
57 0.005902
58 0.000004
59 0.006729
60 0.000003
61 0.000008
62 0.002719
63 0.000003
64 0.002801
65 0.002555
66 0.002574
67 0.000004
68 0.002286
69 0.000016
70 0.000005
71 0.004410
72 0.002634
73 0.002671
74 0.000008
75 0.002611
76 0.002789
77 0.000006
78 0.000003
79 0.002755
80 0.002751
81 0.000011
82 0.002999
83 0.003137
84 0.002548
85 0.000009
86 0.000008
87 0.002556
88 0.000007
89 0.002786
90 0.002906
91 0.003019
92 0.000005
93 0.003152
94 0.000008
95 0.005007
96 0.000003
97 0.003118
98 0.002466
99 0.000011
100 0.002544
101 0.002558
102 0.000008
103 0.000006
104 0.002227
105 0.002184
106 0.000006
107 0.002140
108 0.002022
109 0.003132
110 0.000005
111 0.000008
112 0.002077
113 0.001854
114 0.000006
115 0.001882
116 0.001898
117 0.000006
118 0.001862
119 0.000007
120 0.001959
121 0.000012
122 0.001696
123 0.001702
124 0.000009
125 0.001614
126 0.001605
127 0.000008
128 0.000007
129 0.002794
130 0.001708
131 0.001506
132 0.000007
133 0.001579
134 0.001423
135 0.000004
136 0.000008
137 0.001520
138 0.001681
139 0.000004
140 0.002801
141 0.005718
142 0.004276
143 0.000002
144 0.000004
145 0.005230
146 0.000003
147 0.004789
148 0.003976
149 0.002395
150 0.000005
151 0.001562
152 0.000009
153 0.000010
154 0.001372
155 0.001424
156 0.001475
157 0.000009
158 0.002316
159 0.001394
160 0.000011
161 0.000008
162 0.001307
163 0.001362
164 0.000007
165 0.001408
166 0.001452
167 0.001432
168 0.000007
169 0.000015
170 0.001470
171 0.000004
172 0.001805
173 0.001734
174 0.002588
175 0.000004
176 0.001618
177 0.000010
178 0.000007
179 0.000002
180 0.001579
181 0.002968
182 0.000004
183 0.001905
184 0.001548
185 0.000010
186 0.000004
187 0.001303
188 0.001342
189 0.000009
190 0.001552
191 0.002730
192 0.001623
193 0.000006
194 0.000005
195 0.001574
196 0.001606
197 0.000016
198 0.001550
199 0.001527
200 0.000006
201 0.001667
202 0.000009
203 0.001726
204 0.000009
205 0.001495
206 0.001434
207 0.000005
208 0.002475
209 0.001198
210 0.000010
211 0.000005
212 0.001185
213 0.000015
214 0.002520
215 0.000004
216 0.001652
217 0.001447
218 0.000005
219 0.000008
220 0.001355
221 0.001405
222 0.000006
223 0.001252
224 0.001704
225 0.001328
226 0.000006
227 0.000008
228 0.001274
229 0.000018
230 0.001386
231 0.002331
232 0.001315
233 0.000006
234 0.001335
235 0.000006
236 0.000006
237 0.001323
238 0.001627
239 0.001327
240 0.000006
241 0.001420
242 0.001422
243 0.000006
244 0.000005
245 0.001361
246 0.001783
247 0.000004
248 0.001400
249 0.001491
250 0.001299
251 0.000000
252 0.000004
253 0.001300
254 0.000004
255 0.001321
256 0.002342
257 0.001235
258 0.000004
259 0.001175
260 0.000007
261 0.001162
262 0.000006
263 0.001056
264 0.001037
265 0.000006
266 0.001047
267 0.001793
268 0.000006
269 0.000005
270 0.000859
271 0.000735
272 0.000005
273 0.000830
274 0.000753
275 0.000720
276 0.000006
277 0.000008
278 0.000748
279 0.001226
280 0.000005
281 0.000604
282 0.000604
283 0.000007
284 0.000756
285 0.000009
286 0.000662
287 0.000019
288 0.000638
289 0.000650
290 0.000009
291 0.000789
292 0.001193
293 0.000006
294 0.000005
295 0.000854
296 0.000963
297 0.000920
298 0.000008
299 0.001298
300 0.001085
301 0.000004
302 0.000008
303 0.001603
304 0.001668
305 0.000004
306 0.001334
307 0.001594
308 0.001353
309 0.000004
310 0.000007
311 0.001669
312 0.000006
313 0.001613
314 0.001586
315 0.001984
316 0.000005
317 0.001340
318 0.000010
319 0.000015
320 0.001403
321 0.001057
322 0.001725
323 0.000011
324 0.000961
325 0.000847
326 0.000011
327 0.000011
328 0.000892
329 0.001066
330 0.000006
331 0.000898
332 0.002001
333 0.001076
334 0.000007
335 0.000013
336 0.001230
337 0.000003
338 0.001332
339 0.001294
340 0.001408
341 0.000003
342 0.001517
343 0.000008
344 0.001545
345 0.000004
346 0.001436
347 0.002684
348 0.000004
349 0.001387
350 0.001417
351 0.000006
352 0.000003
353 0.001377
354 0.001315
355 0.000009
356 0.001247
357 0.001011
358 0.001745
359 0.000010
360 0.000007
361 0.000830
362 0.000832
363 0.000009
364 0.000858
365 0.000769
366 0.000009
367 0.000887
368 0.000016
369 0.000797
370 0.000010
371 0.000938
372 0.001109
373 0.000006
374 0.001455
375 0.000014
376 0.001768
377 0.000004
378 0.002497
379 0.002635
380 0.006000
381 0.000004
382 0.002952
383 0.004099
384 0.000004
385 0.000006
386 0.004141
387 0.004004
388 0.000003
389 0.004364
390 0.004165
391 0.003721
392 0.000004
393 0.000006
394 0.002978
395 0.000009
396 0.002416
397 0.001558
398 0.001004
399 0.000010
400 0.000858
401 0.000008
402 0.000008
403 0.001564
404 0.000913
405 0.000892
406 0.000009
407 0.000939
408 0.000918
409 0.000010
410 0.000008
411 0.000927
412 0.000943
413 0.000006
414 0.001704
415 0.000948
416 0.000883
417 0.000006
418 0.000010
419 0.000913
420 0.000006
421 0.000865
422 0.001659
423 0.000007
424 0.000004
425 0.002662
426 0.000009
427 0.004924
428 0.000003
429 0.005612
430 0.001963
431 0.000005
432 0.001831
433 0.001570
434 0.000010
435 0.000009
436 0.001580
437 0.001345
438 0.000006
439 0.002065
440 0.001170
441 0.001047
442 0.000007
443 0.000015
444 0.001055
445 0.001144
446 0.000006
447 0.001064
448 0.001059
449 0.000004
450 0.001263
451 0.000011
452 0.001431
453 0.000005
454 0.001155
455 0.002191
456 0.000005
457 0.001252
458 0.001308
459 0.000015
460 0.000007
461 0.001220
462 0.001278
463 0.002341
464 0.000005
465 0.001264
466 0.001205
467 0.000008
468 0.000008
469 0.001271
470 0.001216
471 0.000018
472 0.001232
473 0.001234
474 0.001502
475 0.000013
476 0.000008
477 0.002393
478 0.000006
479 0.001385
480 0.001501
481 0.006297
482 0.000003
483 0.006147
484 0.000004
485 0.000003
486 0.007182
487 0.006248
488 0.006206
489 0.000004
490 0.006273
491 0.006173
492 0.000007
493 0.000003
494 0.006046
495 0.005978
496 0.000003
497 0.006536
498 0.005705
499 0.005582
500 0.000016
501 0.000003
502 0.005730
503 0.000002
504 0.006043
505 0.000963
506 0.000987
507 0.000007
508 0.000986
509 0.000025
510 0.001008
511 0.000004
512 0.001803
513 0.001090
514 0.000012
515 0.001099
516 0.001209
517 0.000010
518 0.000005
519 0.001195
520 0.001174
521 0.000017
522 0.001865
523 0.000899
524 0.000855
525 0.000013
526 0.000008
527 0.000842
528 0.001352
529 0.000012
530 0.000714
531 0.000677
532 0.000010
533 0.000611
534 0.000015
535 0.000584
536 0.000015
537 0.000587
538 0.000963
539 0.000014
540 0.000596
541 0.000584
542 0.000016
543 0.000010
544 0.000599
545 0.001234
546 0.000685
547 0.000014
548 0.000648
549 0.000659
550 0.000011
551 0.000012
552 0.001332
553 0.000802
554 0.000007
555 0.000971
556 0.000929
557 0.000967
558 0.000007
559 0.000008
560 0.001803
561 0.000021
562 0.001076
563 0.001288
564 0.000860
565 0.000026
566 0.001714
567 0.000008
568 0.000007
569 0.000929
570 0.000666
571 0.000644
572 0.000014
573 0.001315
574 0.000716
575 0.000012
576 0.000009
577 0.000725
578 0.000719
579 0.000008
580 0.001333
581 0.000730
582 0.000604
583 0.000007
584 0.000012
585 0.000947
586 0.000007
587 0.001162
588 0.001426
589 0.003500
590 0.000004
591 0.002279
592 0.000010
593 0.001906
594 0.000006
595 0.002822
596 0.001732
597 0.000016
598 0.001674
599 0.000009
600 0.002311
601 0.000014
602 0.000014
603 0.000901
604 0.000010
605 0.000034
606 0.000815
607 0.002157
608 0.000007
609 0.000018
610 0.001161
611 0.000988
612 0.000007
613 0.002069
614 0.001330
615 0.000004
616 0.001485
617 0.000008
618 0.001974
619 0.000005
620 0.001060
621 0.001023
622 0.000009
623 0.001833
624 0.000991
625 0.000018
626 0.000007
627 0.000990
628 0.001009
629 0.001798
630 0.000006
631 0.000992
632 0.000954
633 0.000007
634 0.000007
635 0.000935
636 0.001630
637 0.000015
638 0.000865
639 0.000881
640 0.006996
641 0.000003
642 0.000003
643 0.006363
644 0.000002
645 0.006230
646 0.006466
647 0.006386
648 0.000002
649 0.006293
650 0.000003
651 0.000002
652 0.006143
653 0.006271
654 0.006237
655 0.000003
656 0.006682
657 0.006559
658 0.000004
659 0.000003
660 0.000004
661 0.006056
662 0.000003
663 0.005193
