1 0.002851
2 0.000002
3 0.001629
4 0.000006
5 0.000008
6 0.002576
7 0.001705
8 0.001677
9 0.000008
10 0.001609
11 0.002458
12 0.000007
13 0.000007
14 0.001675
15 0.002350
16 0.000005
17 0.001721
18 0.002087
19 0.002626
20 0.000004
21 0.000007
22 0.004446
23 0.000004
24 0.003200
25 0.002428
26 0.004373
27 0.000004
28 0.003339
29 0.000007
30 0.004079
31 0.000003
32 0.005309
33 0.004329
34 0.000004
35 0.004579
36 0.004333
37 0.000006
38 0.000003
39 0.004590
40 0.004917
41 0.000008
42 0.004892
43 0.004873
44 0.004897
45 0.000003
46 0.000003
47 0.004990
48 0.004770
49 0.000006
50 0.004485
51 0.005014
52 0.000006
53 0.003444
54 0.000006
55 0.004477
56 0.000006
57 0.004955
58 0.004769
59 0.004857
60 0.000004
61 0.004889
62 0.000007
63 0.000004
64 0.000006
65 0.001116
66 0.002098
67 0.000011
68 0.000461
69 0.001170
70 0.000005
71 0.000021
72 0.000385
73 0.000312
74 0.000014
75 0.000430
76 0.001235
77 0.000482
78 0.000008
79 0.000014
80 0.002374
81 0.000018
82 0.003359
83 0.004858
84 0.004444
85 0.000005
86 0.005612
87 0.000008
88 0.000006
89 0.005887
90 0.004379
91 0.005515
92 0.000002
93 0.004499
94 0.004028
95 0.000003
96 0.000003
97 0.005079
98 0.002512
99 0.000008
100 0.003102
101 0.001864
102 0.001926
103 0.000004
104 0.000007
105 0.003256
106 0.000005
107 0.001955
108 0.002082
109 0.003279
110 0.000004
111 0.002138
112 0.000009
113 0.003126
114 0.000003
115 0.001981
116 0.001985
117 0.000005
118 0.002981
119 0.001858
120 0.000009
121 0.000015
122 0.001904
123 0.002929
124 0.000006
125 0.001856
126 0.001813
127 0.002980
128 0.000004
129 0.000010
130 0.001862
131 0.001849
132 0.000008
133 0.001862
134 0.003910
135 0.000006
136 0.004250
137 0.000008
138 0.005835
139 0.000004
140 0.005731
141 0.003912
142 0.003916
143 0.000008
144 0.003969
145 0.000007
146 0.000003
147 0.003998
148 0.006436
149 0.003928
150 0.000005
151 0.003838
152 0.005904
153 0.000007
154 0.000006
155 0.003818
156 0.005513
157 0.000013
158 0.003655
159 0.003684
160 0.005994
161 0.000005
162 0.000005
163 0.003766
164 0.000005
165 0.004025
166 0.006596
167 0.004675
168 0.000005
169 0.006422
170 0.000004
171 0.000003
172 0.000004
173 0.006214
174 0.003453
175 0.000004
176 0.003601
177 0.002809
178 0.000007
179 0.000004
180 0.005066
181 0.003464
182 0.000004
183 0.008162
184 0.006139
185 0.005370
186 0.000003
187 0.000006
188 0.004852
189 0.000003
190 0.004698
191 0.004130
192 0.004491
193 0.000003
194 0.005723
195 0.000006
196 0.001931
197 0.000005
198 0.002004
199 0.002036
200 0.000005
201 0.003716
202 0.002489
203 0.000005
204 0.000005
205 0.005417
206 0.003650
207 0.000006
208 0.004402
209 0.007901
210 0.004848
211 0.000004
212 0.000006
213 0.005109
214 0.009161
215 0.000006
216 0.005301
217 0.005449
218 0.000004
219 0.005588
220 0.000009
221 0.008802
222 0.000008
223 0.004784
224 0.004293
225 0.004148
226 0.000004
227 0.007590
228 0.000007
229 0.000008
230 0.003331
231 0.007428
232 0.007537
233 0.000004
234 0.006590
235 0.007990
236 0.000003
237 0.000009
238 0.007447
239 0.004735
240 0.000005
241 0.004729
242 0.004769
243 0.005346
244 0.000003
245 0.000005
246 0.000003
247 0.000002
248 0.005230
249 0.006006
250 0.006458
251 0.000000
252 0.006167
253 0.000004
254 0.000004
255 0.006033
256 0.007419
257 0.006763
258 0.000003
259 0.005398
260 0.006529
261 0.000003
262 0.000002
263 0.006337
264 0.005972
265 0.000007
266 0.006625
267 0.005806
268 0.006567
269 0.000003
270 0.000005
271 0.002287
272 0.000005
273 0.001855
274 0.001257
275 0.001322
276 0.000004
277 0.001708
278 0.000020
279 0.000975
280 0.000007
281 0.001181
282 0.001039
283 0.000009
284 0.001301
285 0.002558
286 0.000012
287 0.000016
288 0.001518
289 0.001858
290 0.000010
291 0.001567
292 0.002178
293 0.005050
294 0.000003
295 0.000009
296 0.003750
297 0.004285
298 0.000006
299 0.004596
300 0.004344
301 0.000006
302 0.005140
303 0.000008
304 0.004818
305 0.000004
306 0.007306
307 0.004170
308 0.003982
309 0.000007
310 0.003696
311 0.000008
312 0.000004
313 0.003995
314 0.005773
315 0.003414
316 0.000008
317 0.003703
318 0.003567
319 0.000010
320 0.000006
321 0.005781
322 0.003701
323 0.000012
324 0.003371
325 0.006207
326 0.003925
327 0.000004
328 0.000004
329 0.003495
330 0.000005
331 0.005575
332 0.002946
333 0.004555
334 0.000010
335 0.002500
336 0.000008
337 0.000005
338 0.002346
339 0.004045
340 0.002207
341 0.000008
342 0.002313
343 0.004447
344 0.000008
345 0.000006
346 0.002417
347 0.002620
348 0.000008
349 0.002649
350 0.004829
351 0.002859
352 0.000006
353 0.000009
354 0.004913
355 0.000015
356 0.003026
357 0.002974
358 0.003124
359 0.000018
360 0.004721
361 0.000010
362 0.003413
363 0.000010
364 0.005087
365 0.003386
366 0.000007
367 0.003516
368 0.005178
369 0.000007
370 0.000007
371 0.003578
372 0.003570
373 0.000008
374 0.003661
375 0.005442
376 0.003738
377 0.000005
378 0.000008
379 0.005303
380 0.003547
381 0.000008
382 0.003597
383 0.003819
384 0.000004
385 0.005349
386 0.000008
387 0.001604
388 0.000005
389 0.001553
390 0.001262
391 0.001943
392 0.000006
393 0.000870
394 0.000013
395 0.000016
396 0.001618
397 0.001128
398 0.001019
399 0.000017
400 0.002368
401 0.001731
402 0.000006
403 0.000018
404 0.001509
405 0.001625
406 0.000009
407 0.002986
408 0.001689
409 0.001597
410 0.000009
411 0.000017
412 0.002733
413 0.000006
414 0.001210
415 0.001143
416 0.001033
417 0.000008
418 0.001444
419 0.000019
420 0.000006
421 0.002067
422 0.001366
423 0.001769
424 0.000007
425 0.003358
426 0.002442
427 0.000013
428 0.000006
429 0.002197
430 0.002523
431 0.000020
432 0.002300
433 0.004185
434 0.001794
435 0.000008
436 0.000008
437 0.002323
438 0.000009
439 0.001923
440 0.002237
441 0.003843
442 0.000008
443 0.002524
444 0.000008
445 0.002785
446 0.000008
447 0.003473
448 0.003951
449 0.000004
450 0.004733
451 0.004555
452 0.000006
453 0.000004
454 0.004929
455 0.005023
456 0.000005
457 0.005359
458 0.005399
459 0.005449
460 0.000003
461 0.000005
462 0.005263
463 0.005008
464 0.000003
465 0.005259
466 0.005157
467 0.000003
468 0.005450
469 0.000007
470 0.005162
471 0.000003
472 0.005442
473 0.005503
474 0.005073
475 0.000003
476 0.005263
477 0.000005
478 0.000005
479 0.005624
480 0.005597
481 0.005256
482 0.000003
483 0.004290
484 0.003889
485 0.000003
486 0.000005
487 0.003105
488 0.004317
489 0.000005
490 0.004551
491 0.003121
492 0.002786
493 0.000005
494 0.000007
495 0.002779
496 0.000005
497 0.002810
498 0.004191
499 0.002463
500 0.000060
501 0.002601
502 0.000009
503 0.000005
504 0.002610
505 0.002672
506 0.002520
507 0.000005
508 0.002371
509 0.003823
510 0.000006
511 0.000005
512 0.002266
513 0.002252
514 0.000007
515 0.002254
516 0.002076
517 0.002242
518 0.000005
519 0.000008
520 0.003190
521 0.000006
522 0.002715
523 0.003479
524 0.003043
525 0.000003
526 0.002688
527 0.000005
528 0.002660
529 0.000008
530 0.002520
531 0.002403
532 0.000005
533 0.002148
534 0.002022
535 0.000006
536 0.000006
537 0.002078
538 0.000005
539 0.000003
540 0.002405
541 0.002557
542 0.005094
543 0.000004
544 0.000006
545 0.003637
546 0.003837
547 0.000006
548 0.003947
549 0.003886
550 0.000003
551 0.002960
552 0.000006
553 0.002420
554 0.000003
555 0.001963
556 0.001650
557 0.001363
558 0.000003
559 0.001349
560 0.000007
561 0.000014
562 0.001398
563 0.001086
564 0.001066
565 0.000010
566 0.001004
567 0.001003
568 0.000005
569 0.000012
570 0.000962
571 0.000976
572 0.000007
573 0.000960
574 0.000934
575 0.000978
576 0.000008
577 0.000011
578 0.001724
579 0.000006
580 0.000970
581 0.000929
582 0.000916
583 0.000010
584 0.000955
585 0.000013
586 0.000005
587 0.000905
588 0.000969
589 0.000957
590 0.000006
591 0.000959
592 0.000947
593 0.000015
594 0.000006
595 0.000832
596 0.000814
597 0.000021
598 0.000884
599 0.001153
600 0.001467
601 0.000007
602 0.000007
603 0.002338
604 0.000006
605 0.001409
606 0.001430
607 0.001350
608 0.000008
609 0.001207
610 0.000005
611 0.001437
612 0.000004
613 0.001872
614 0.001910
615 0.000005
616 0.001810
617 0.001406
618 0.000030
619 0.000005
620 0.001082
621 0.001104
622 0.000005
623 0.001687
624 0.001078
625 0.000985
626 0.000005
627 0.000007
628 0.001042
629 0.001065
630 0.000007
631 0.001030
632 0.001075
633 0.000010
634 0.001722
635 0.000007
636 0.001126
637 0.000012
638 0.000994
639 0.001161
640 0.001245
641 0.000009
642 0.001821
643 0.000005
644 0.000005
645 0.002538
646 0.002968
647 0.004054
648 0.000003
649 0.003292
650 0.003757
651 0.000002
652 0.000004
653 0.002961
654 0.002860
655 0.000005
656 0.003267
657 0.004695
658 0.002915
659 0.000002
660 0.000004
661 0.001568
662 0.000004
663 0.001216
