1 0.004509
2 0.000003
3 0.003897
4 0.002759
5 0.000003
6 0.000004
7 0.002627
8 0.002163
9 0.000010
10 0.001778
11 0.001612
12 0.001802
13 0.000010
14 0.000008
15 0.001450
16 0.000009
17 0.001411
18 0.002388
19 0.001453
20 0.000007
21 0.001440
22 0.000009
23 0.000006
24 0.001475
25 0.001557
26 0.001521
27 0.000007
28 0.002738
29 0.001636
30 0.000009
31 0.000006
32 0.001679
33 0.001753
34 0.000006
35 0.001734
36 0.003344
37 0.001920
38 0.000006
39 0.000010
40 0.001930
41 0.000016
42 0.000010
43 0.003569
44 0.002172
45 0.000008
46 0.000009
47 0.002013
48 0.002545
49 0.000017
50 0.002403
51 0.002970
52 0.000008
53 0.003347
54 0.005786
55 0.000005
56 0.000005
57 0.004298
58 0.004126
59 0.004413
60 0.000004
61 0.004479
62 0.004587
63 0.000004
64 0.000007
65 0.004524
66 0.006158
67 0.000004
68 0.004389
69 0.004243
70 0.000004
71 0.004393
72 0.000007
73 0.004754
74 0.000004
75 0.004116
76 0.003689
77 0.003258
78 0.000004
79 0.004059
80 0.000009
81 0.000009
82 0.002090
83 0.001775
84 0.001906
85 0.000013
86 0.001742
87 0.003547
88 0.000006
89 0.000011
90 0.001912
91 0.002013
92 0.000008
93 0.002127
94 0.002241
95 0.000009
96 0.000006
97 0.003131
98 0.002451
99 0.000007
100 0.002424
101 0.002452
102 0.002504
103 0.000003
104 0.002602
105 0.000006
106 0.000003
107 0.002754
108 0.002790
109 0.004851
110 0.000003
111 0.003038
112 0.000007
113 0.003050
114 0.000003
115 0.003038
116 0.003041
117 0.000003
118 0.003384
119 0.003442
120 0.003244
121 0.000004
122 0.000004
123 0.003218
124 0.000006
125 0.003646
126 0.003754
127 0.003240
128 0.000003
129 0.003669
130 0.000007
131 0.003696
132 0.000005
133 0.003769
134 0.003857
135 0.000003
136 0.000005
137 0.000005
138 0.003733
139 0.000003
140 0.004806
141 0.004173
142 0.004004
143 0.000005
144 0.003765
145 0.003259
146 0.000004
147 0.000006
148 0.002581
149 0.002321
150 0.000005
151 0.001986
152 0.002235
153 0.000009
154 0.001732
155 0.000008
156 0.001851
157 0.000014
158 0.001967
159 0.002061
160 0.001811
161 0.000006
162 0.001846
163 0.000010
164 0.000009
165 0.001761
166 0.001687
167 0.001735
168 0.000009
169 0.001696
170 0.001706
171 0.000004
172 0.000010
173 0.001598
174 0.001710
175 0.000006
176 0.001913
177 0.002190
178 0.002847
179 0.000004
180 0.000009
181 0.004427
182 0.000005
183 0.004367
184 0.003963
185 0.003677
186 0.000004
187 0.003540
188 0.000009
189 0.000006
190 0.003317
191 0.003391
192 0.004130
193 0.000005
194 0.002313
195 0.002638
196 0.000010
197 0.000010
198 0.001935
199 0.003114
200 0.000005
201 0.002033
202 0.001555
203 0.000006
204 0.000007
205 0.001906
206 0.002309
207 0.000007
208 0.001060
209 0.000757
210 0.000681
211 0.000004
212 0.000009
213 0.001181
214 0.000702
215 0.000009
216 0.000739
217 0.000739
218 0.000009
219 0.000747
220 0.001296
221 0.000009
222 0.000004
223 0.000742
224 0.000749
225 0.000745
226 0.000007
227 0.000714
228 0.000807
229 0.000010
230 0.000006
231 0.001922
232 0.002066
233 0.000007
234 0.002649
235 0.003421
236 0.000006
237 0.005208
238 0.000008
239 0.002552
240 0.000005
241 0.001965
242 0.001833
243 0.001462
244 0.000006
245 0.001321
246 0.000007
247 0.000005
248 0.001165
249 0.000904
250 0.001420
251 0.000000
252 0.000853
253 0.000821
254 0.000006
255 0.000012
256 0.000814
257 0.000848
258 0.000006
259 0.000831
260 0.001698
261 0.000006
262 0.000005
263 0.001126
264 0.001029
265 0.000006
266 0.001132
267 0.000926
268 0.001554
269 0.000005
270 0.000807
271 0.000006
272 0.000003
273 0.000780
274 0.000787
275 0.001354
276 0.000005
277 0.000930
278 0.000009
279 0.000972
280 0.000003
281 0.001018
282 0.001014
283 0.000004
284 0.001803
285 0.000963
286 0.001074
287 0.000004
288 0.000004
289 0.001145
290 0.000009
291 0.001980
292 0.001354
293 0.001650
294 0.000004
295 0.000009
296 0.001409
297 0.002241
298 0.000005
299 0.001282
300 0.001214
301 0.000006
302 0.001209
303 0.000012
304 0.001124
305 0.000005
306 0.001052
307 0.000909
308 0.001431
309 0.000007
310 0.000816
311 0.000875
312 0.000006
313 0.000008
314 0.000888
315 0.000993
316 0.000006
317 0.000799
318 0.000788
319 0.000008
320 0.000006
321 0.001309
322 0.000850
323 0.000013
324 0.000888
325 0.001015
326 0.002057
327 0.000006
328 0.000006
329 0.001484
330 0.000006
331 0.001451
332 0.001699
333 0.001431
334 0.000007
335 0.001497
336 0.000006
337 0.000004
338 0.002006
339 0.001047
340 0.000788
341 0.000005
342 0.000779
343 0.000773
344 0.001273
345 0.000006
346 0.000013
347 0.000830
348 0.000006
349 0.000760
350 0.000733
351 0.001164
352 0.000005
353 0.000701
354 0.000009
355 0.000010
356 0.000708
357 0.000712
358 0.001263
359 0.000008
360 0.000789
361 0.000009
362 0.000825
363 0.000012
364 0.000842
365 0.000853
366 0.000005
367 0.001584
368 0.000928
369 0.000005
370 0.000004
371 0.000948
372 0.000898
373 0.000004
374 0.001765
375 0.000993
376 0.000993
377 0.000003
378 0.001082
379 0.000006
380 0.001879
381 0.000004
382 0.001059
383 0.001137
384 0.000004
385 0.001816
386 0.001161
387 0.000007
388 0.000003
389 0.001078
390 0.001089
391 0.001103
392 0.000004
393 0.001023
394 0.000008
395 0.000011
396 0.001085
397 0.001493
398 0.001298
399 0.000007
400 0.001258
401 0.001861
402 0.000003
403 0.000009
404 0.001217
405 0.001380
406 0.000006
407 0.001480
408 0.002882
409 0.001929
410 0.000004
411 0.000009
412 0.002059
413 0.000004
414 0.002108
415 0.002279
416 0.002621
417 0.000004
418 0.003742
419 0.000006
420 0.000003
421 0.002262
422 0.001982
423 0.002095
424 0.000004
425 0.003381
426 0.001942
427 0.000007
428 0.000003
429 0.001915
430 0.003016
431 0.000008
432 0.001740
433 0.001644
434 0.002498
435 0.000005
436 0.001529
437 0.000006
438 0.000006
439 0.001531
440 0.001515
441 0.001510
442 0.000005
443 0.002333
444 0.000006
445 0.001549
446 0.000004
447 0.001610
448 0.001573
449 0.000004
450 0.002317
451 0.001640
452 0.000006
453 0.000004
454 0.001679
455 0.002377
456 0.000003
457 0.001681
458 0.001655
459 0.001677
460 0.000003
461 0.000005
462 0.000006
463 0.002279
464 0.000003
465 0.001851
466 0.001554
467 0.000005
468 0.001987
469 0.000005
470 0.000005
471 0.000005
472 0.001995
473 0.001680
474 0.001668
475 0.000004
476 0.002467
477 0.000004
478 0.000004
479 0.001708
480 0.001637
481 0.001653
482 0.000004
483 0.002326
484 0.001619
485 0.000003
486 0.000006
487 0.001535
488 0.001712
489 0.000004
490 0.002484
491 0.001623
492 0.001569
493 0.000004
494 0.000006
495 0.002308
496 0.000004
497 0.001498
498 0.001417
499 0.001994
500 0.000042
501 0.001384
502 0.001335
503 0.000003
504 0.000007
505 0.001365
506 0.001940
507 0.000004
508 0.001489
509 0.001367
510 0.000006
511 0.000004
512 0.002028
513 0.001366
514 0.000006
515 0.001286
516 0.001374
517 0.002035
518 0.000004
519 0.000006
520 0.001561
521 0.000007
522 0.001576
523 0.001851
524 0.003002
525 0.000005
526 0.001928
527 0.000005
528 0.002659
529 0.000006
530 0.001876
531 0.001905
532 0.000005
533 0.001985
534 0.003094
535 0.000004
536 0.000004
537 0.001951
538 0.001800
539 0.000005
540 0.001849
541 0.001814
542 0.001848
543 0.000003
544 0.000006
545 0.002716
546 0.001579
547 0.000005
548 0.002251
549 0.001430
550 0.000003
551 0.001399
552 0.000007
553 0.002101
554 0.000003
555 0.001329
556 0.001380
557 0.001301
558 0.000004
559 0.001962
560 0.000008
561 0.000012
562 0.001264
563 0.001259
564 0.001684
565 0.000005
566 0.003598
567 0.002971
568 0.000002
569 0.000004
570 0.002682
571 0.002275
572 0.000005
573 0.001391
574 0.001353
575 0.001373
576 0.000006
577 0.000012
578 0.002181
579 0.000005
580 0.001359
581 0.001275
582 0.002064
583 0.000005
584 0.001255
585 0.000009
586 0.000003
587 0.001233
588 0.002041
589 0.001261
590 0.000006
591 0.001259
592 0.002080
593 0.000010
594 0.000004
595 0.001258
596 0.001239
597 0.000014
598 0.001953
599 0.001181
600 0.001211
601 0.000007
602 0.000008
603 0.001979
604 0.000007
605 0.001206
606 0.000009
607 0.001198
608 0.000009
609 0.001220
610 0.000007
611 0.002506
612 0.000003
613 0.001321
614 0.001298
615 0.000004
616 0.002061
617 0.001147
618 0.000009
619 0.000004
620 0.001777
621 0.001106
622 0.000005
623 0.001335
624 0.002316
625 0.003702
626 0.000003
627 0.000006
628 0.003015
629 0.003908
630 0.000004
631 0.003366
632 0.003620
633 0.000003
634 0.003653
635 0.000005
636 0.003526
637 0.000006
638 0.004130
639 0.003046
640 0.003809
641 0.000003
642 0.004298
643 0.000005
644 0.000005
645 0.002388
646 0.002046
647 0.002544
648 0.000004
649 0.001136
650 0.001232
651 0.000004
652 0.000008
653 0.002420
654 0.001614
655 0.000007
656 0.001917
657 0.002097
658 0.002898
659 0.000004
660 0.000007
661 0.001687
662 0.000005
663 0.001702
