1 0.005323
2 0.000002
3 0.000003
4 0.005245
5 0.000003
6 0.005255
7 0.005864
8 0.005671
9 0.000002
10 0.005071
11 0.000003
12 0.005244
13 0.000003
14 0.000003
15 0.005681
16 0.000003
17 0.007388
18 0.007082
19 0.000007
20 0.000003
21 0.005779
22 0.006599
23 0.000004
24 0.007104
25 0.007349
26 0.000004
27 0.000003
28 0.008062
29 0.005705
30 0.007201
31 0.000004
32 0.007775
33 0.007968
34 0.000003
35 0.007909
36 0.000008
37 0.005251
38 0.000003
39 0.007952
40 0.008000
41 0.000003
42 0.007621
43 0.007966
44 0.000005
45 0.000003
46 0.005574
47 0.005730
48 0.004526
49 0.000003
50 0.002878
51 0.004541
52 0.000005
53 0.000017
54 0.001066
55 0.001574
56 0.000005
57 0.000782
58 0.000810
59 0.001513
60 0.000004
61 0.000010
62 0.000803
63 0.000004
64 0.000795
65 0.000796
66 0.001408
67 0.000007
68 0.000770
69 0.000015
70 0.000005
71 0.000780
72 0.001391
73 0.000859
74 0.000006
75 0.000754
76 0.001381
77 0.000009
78 0.000003
79 0.000757
80 0.000755
81 0.000017
82 0.000754
83 0.001345
84 0.000744
85 0.000012
86 0.000008
87 0.000743
88 0.000011
89 0.001400
90 0.000795
91 0.000768
92 0.000009
93 0.001461
94 0.000010
95 0.000782
96 0.000010
97 0.000805
98 0.001380
99 0.000010
100 0.000768
101 0.000764
102 0.000012
103 0.000004
104 0.001429
105 0.001481
106 0.000007
107 0.002416
108 0.004606
109 0.005352
110 0.000005
111 0.000006
112 0.005733
113 0.005301
114 0.000004
115 0.005865
116 0.006592
117 0.000005
118 0.000005
119 0.001171
120 0.001589
121 0.000019
122 0.000906
123 0.000957
124 0.000013
125 0.002879
126 0.005408
127 0.000004
128 0.000004
129 0.007386
130 0.007493
131 0.005312
132 0.000003
133 0.005179
134 0.000004
135 0.000003
136 0.004936
137 0.005440
138 0.005218
139 0.000002
140 0.004833
141 0.004948
142 0.005179
143 0.000002
144 0.000003
145 0.004878
146 0.000002
147 0.005040
148 0.005006
149 0.004649
150 0.000002
151 0.004654
152 0.000004
153 0.000002
154 0.004871
155 0.004376
156 0.004146
157 0.000002
158 0.004877
159 0.004917
160 0.000003
161 0.000002
162 0.000002
163 0.004699
164 0.000002
165 0.002323
166 0.001256
167 0.001449
168 0.000004
169 0.000011
170 0.001385
171 0.000002
172 0.001162
173 0.002206
174 0.001100
175 0.000003
176 0.000006
177 0.001192
178 0.001250
179 0.000004
180 0.001252
181 0.001165
182 0.000005
183 0.001267
184 0.002127
185 0.000012
186 0.000004
187 0.001356
188 0.001323
189 0.000008
190 0.001338
191 0.002273
192 0.000008
193 0.000014
194 0.001366
195 0.001336
196 0.001468
197 0.000012
198 0.001505
199 0.003029
200 0.000004
201 0.000011
202 0.002958
203 0.002163
204 0.000009
205 0.002148
206 0.002385
207 0.000006
208 0.002501
209 0.003907
210 0.000007
211 0.000004
212 0.005220
213 0.006066
214 0.005455
215 0.000006
216 0.005575
217 0.000008
218 0.000002
219 0.005789
220 0.005337
221 0.006003
222 0.000004
223 0.006268
224 0.003082
225 0.000009
226 0.000003
227 0.003061
228 0.002376
229 0.000014
230 0.001885
231 0.001383
232 0.002999
233 0.000006
234 0.001230
235 0.000006
236 0.000006
237 0.001049
238 0.002566
239 0.006594
240 0.000004
241 0.007146
242 0.001996
243 0.000006
244 0.000005
245 0.001131
246 0.001124
247 0.000004
248 0.002099
249 0.001192
250 0.001240
251 0.000001
252 0.000003
253 0.002211
254 0.000006
255 0.001254
256 0.001280
257 0.001296
258 0.000006
259 0.000012
260 0.002518
261 0.001353
262 0.000007
263 0.001360
264 0.002527
265 0.000004
266 0.001499
267 0.001502
268 0.000008
269 0.000005
270 0.001495
271 0.001557
272 0.000006
273 0.002812
274 0.001647
275 0.000009
276 0.000004
277 0.003133
278 0.001803
279 0.001872
280 0.000004
281 0.001857
282 0.003730
283 0.000005
284 0.002157
285 0.000007
286 0.003932
287 0.000009
288 0.002262
289 0.002260
290 0.000008
291 0.000011
292 0.000007
293 0.007519
294 0.000004
295 0.000007
296 0.008424
297 0.007780
298 0.000003
299 0.005458
300 0.000006
301 0.000003
302 0.005968
303 0.004745
304 0.004816
305 0.000005
306 0.002718
307 0.002731
308 0.004303
309 0.000004
310 0.000006
311 0.002109
312 0.000007
313 0.002343
314 0.002116
315 0.003723
316 0.000005
317 0.000009
318 0.002139
319 0.000010
320 0.002170
321 0.002425
322 0.002952
323 0.000008
324 0.002736
325 0.000007
326 0.005157
327 0.000006
328 0.002806
329 0.002652
330 0.000005
331 0.003070
332 0.002421
333 0.004295
334 0.000004
335 0.000009
336 0.001870
337 0.000003
338 0.001911
339 0.003403
340 0.002045
341 0.000003
342 0.003574
343 0.000005
344 0.002180
345 0.000004
346 0.002299
347 0.002298
348 0.000004
349 0.004020
350 0.000008
351 0.002319
352 0.000005
353 0.002387
354 0.002351
355 0.000007
356 0.008573
357 0.006364
358 0.006511
359 0.000005
360 0.000005
361 0.008634
362 0.006214
363 0.000004
364 0.006226
365 0.008793
366 0.000004
367 0.006616
368 0.000006
369 0.006577
370 0.000004
371 0.006687
372 0.008690
373 0.000004
374 0.006759
375 0.006907
376 0.000006
377 0.000003
378 0.008195
379 0.006718
380 0.005953
381 0.000004
382 0.006708
383 0.006670
384 0.000003
385 0.000004
386 0.006414
387 0.005964
388 0.000004
389 0.006660
390 0.004357
391 0.004912
392 0.000003
393 0.000007
394 0.003340
395 0.000007
396 0.003244
397 0.004050
398 0.002430
399 0.000006
400 0.000006
401 0.003902
402 0.000004
403 0.002249
404 0.002110
405 0.002142
406 0.000006
407 0.003741
408 0.002064
409 0.000005
410 0.000005
411 0.003359
412 0.001873
413 0.000006
414 0.001809
415 0.003363
416 0.001750
417 0.000004
418 0.000006
419 0.001774
420 0.000005
421 0.003088
422 0.001661
423 0.001617
424 0.000005
425 0.000007
426 0.002851
427 0.001534
428 0.000008
429 0.001323
430 0.002136
431 0.000007
432 0.006567
433 0.004692
434 0.000004
435 0.000002
436 0.006390
437 0.006329
438 0.000002
439 0.005785
440 0.004565
441 0.000002
442 0.000002
443 0.004520
444 0.004795
445 0.005424
446 0.000002
447 0.006191
448 0.004932
449 0.000002
450 0.000004
451 0.004851
452 0.004746
453 0.000003
454 0.005475
455 0.005139
456 0.000002
457 0.005017
458 0.004673
459 0.000003
460 0.000002
461 0.006165
462 0.004077
463 0.003816
464 0.000002
465 0.003462
466 0.000004
467 0.000003
468 0.004681
469 0.004159
470 0.000004
471 0.000002
472 0.005049
473 0.004583
474 0.004043
475 0.000003
476 0.000003
477 0.004456
478 0.000004
479 0.003955
480 0.004030
481 0.004266
482 0.000003
483 0.000006
484 0.004751
485 0.000003
486 0.004984
487 0.004361
488 0.006035
489 0.000002
490 0.002388
491 0.002379
492 0.000005
493 0.000003
494 0.002186
495 0.003188
496 0.000004
497 0.001176
498 0.001402
499 0.001365
500 0.000039
501 0.000005
502 0.001377
503 0.000003
504 0.001521
505 0.002622
506 0.001613
507 0.000003
508 0.000007
509 0.002688
510 0.001386
511 0.000006
512 0.001281
513 0.001204
514 0.000006
515 0.001144
516 0.001798
517 0.000006
518 0.000003
519 0.001300
520 0.000970
521 0.000014
522 0.002051
523 0.001074
524 0.000009
525 0.000011
526 0.001151
527 0.001191
528 0.001212
529 0.000005
530 0.002436
531 0.001973
532 0.000007
533 0.001997
534 0.000008
535 0.002097
536 0.000007
537 0.004030
538 0.003705
539 0.000002
540 0.004350
541 0.000003
542 0.000002
543 0.000001
544 0.003618
545 0.003704
546 0.004157
547 0.000001
548 0.003962
549 0.003863
550 0.000003
551 0.000007
552 0.003913
553 0.003656
554 0.000002
555 0.003128
556 0.003683
557 0.000007
558 0.000001
559 0.003417
560 0.003703
561 0.000002
562 0.004091
563 0.000004
564 0.004491
565 0.000003
566 0.000003
567 0.004712
568 0.000002
569 0.005029
570 0.004049
571 0.003722
572 0.000002
573 0.000003
574 0.000003
575 0.000002
576 0.000002
577 0.003138
578 0.002816
579 0.000003
580 0.004962
581 0.003235
582 0.000007
583 0.000006
584 0.002671
585 0.003172
586 0.000004
587 0.002922
588 0.000008
589 0.002524
590 0.000005
591 0.002795
592 0.000010
593 0.002935
594 0.000006
595 0.002699
596 0.002613
597 0.000009
598 0.002774
599 0.000006
600 0.002657
601 0.000010
602 0.000008
603 0.002995
604 0.000006
605 0.002767
606 0.003399
607 0.000006
608 0.000004
609 0.003020
610 0.002808
611 0.003310
612 0.000003
613 0.002852
614 0.003206
615 0.000002
616 0.000004
617 0.000004
618 0.004452
619 0.000002
620 0.004038
621 0.004959
622 0.000002
623 0.000004
624 0.000005
625 0.005401
626 0.000003
627 0.005469
628 0.005498
629 0.005418
630 0.000002
631 0.005192
632 0.000005
633 0.000004
634 0.005723
635 0.000005
636 0.004448
637 0.000006
638 0.003030
639 0.002168
640 0.000006
641 0.000006
642 0.001995
643 0.002202
644 0.000006
645 0.002110
646 0.002459
647 0.000005
648 0.000006
649 0.000010
650 0.002631
651 0.000005
652 0.002797
653 0.003162
654 0.003416
655 0.000004
656 0.003148
657 0.000007
658 0.002569
659 0.000004
660 0.002895
661 0.002661
662 0.000005
663 0.003130
