0 0.361342
1 0.000001
2 0.000281
3 0.000281
4 0.000280
5 0.000280
6 0.000279
7 0.000282
8 0.000287
9 0.000287
10 0.000532
11 0.000638
12 0.000637
13 0.000797
14 0.000808
15 0.000835
16 0.000972
17 0.000973
18 0.001036
19 0.001132
20 0.001131
21 0.001229
22 0.001285
23 0.001285
24 0.001414
25 0.001434
26 0.001449
27 0.001578
28 0.001576
29 0.001623
30 0.001716
31 0.001714
32 0.001790
33 0.001848
34 0.001847
35 0.001950
36 0.001975
37 0.001978
38 0.002098
39 0.002097
40 0.002128
41 0.002215
42 0.002214
43 0.002271
44 0.002327
45 0.002326
46 0.002406
47 0.002434
48 0.002433
49 0.002535
50 0.002538
51 0.002557
52 0.002637
53 0.002636
54 0.002676
55 0.002731
56 0.002730
57 0.002791
58 0.002819
59 0.002819
60 0.002897
61 0.002905
62 0.002916
63 0.002988
64 0.002987
65 0.003016
66 0.003065
67 0.003065
68 0.003110
69 0.003139
70 0.003139
71 0.003195
72 0.003207
73 0.003213
74 0.003297
75 0.003299
76 0.003303
77 0.003311
78 0.003313
79 0.003372
80 0.003424
81 0.003425
82 0.003426
83 0.003428
84 0.003430
85 0.003429
86 0.003430
87 0.003431
88 0.003431
89 0.003432
90 0.003432
91 0.003432
92 0.003433
93 0.003433
94 0.003433
95 0.003435
96 0.003432
97 0.003433
98 0.003435
99 0.003432
100 0.003434
101 0.003434
102 0.003433
103 0.003434
104 0.003433
105 0.003433
106 0.003435
107 0.003431
108 0.003432
109 0.003434
110 0.003430
111 0.003432
112 0.003432
113 0.003428
114 0.003431
115 0.003429
116 0.003427
117 0.003430
118 0.003426
119 0.003426
120 0.003428
121 0.003422
122 0.003425
123 0.003424
124 0.003419
125 0.003422
126 0.003421
127 0.003418
128 0.003421
129 0.003414
130 0.003415
131 0.003418
132 0.003409
133 0.003413
134 0.003413
135 0.003406
136 0.003410
137 0.003407
138 0.003403
139 0.003406
140 0.003401
141 0.003400
142 0.003404
143 0.003395
144 0.003396
145 0.003398
146 0.003389
147 0.003393
148 0.003391
149 0.003385
150 0.003389
151 0.003383
152 0.003381
153 0.003385
154 0.003376
155 0.003377
156 0.003380
157 0.003368
158 0.003372
159 0.003371
160 0.003363
161 0.003368
162 0.003362
163 0.003358
164 0.003363
165 0.003353
166 0.003353
167 0.003358
168 0.003343
169 0.003348
170 0.003348
171 0.003337
172 0.003342
173 0.003337
174 0.003331
175 0.003336
176 0.003326
177 0.003325
178 0.003331
179 0.003315
180 0.003319
181 0.003320
182 0.003307
183 0.003313
184 0.003309
185 0.003302
186 0.003308
187 0.003298
188 0.003296
189 0.003302
190 0.003287
191 0.003290
192 0.003294
193 0.003277
194 0.003283
195 0.003281
196 0.003270
197 0.003277
198 0.003268
199 0.003263
200 0.003270
201 0.003255
202 0.003256
203 0.003262
204 0.003241
205 0.003248
206 0.003248
207 0.003233
208 0.003240
209 0.003232
210 0.003225
211 0.003232
212 0.003216
213 0.003215
214 0.003223
215 0.003199
216 0.003206
217 0.003207
218 0.003188
219 0.003195
220 0.003189
221 0.003177
222 0.003185
223 0.003170
224 0.003165
225 0.003173
226 0.003149
227 0.003153
228 0.003155
229 0.003132
230 0.003139
231 0.003133
232 0.003116
233 0.003124
234 0.003109
235 0.003101
236 0.003108
237 0.003083
238 0.003084
239 0.003089
240 0.003060
241 0.003066
242 0.003062
243 0.003041
244 0.003049
245 0.003034
246 0.003022
247 0.003029
248 0.003003
249 0.003000
250 0.003007
251 0.002969
252 0.002975
253 0.002971
254 0.002942
255 0.002948
256 0.002933
257 0.002914
258 0.002919
259 0.002891
260 0.002882
261 0.002887
262 0.002847
263 0.002849
264 0.002845
265 0.002809
266 0.002813
267 0.002797
268 0.002772
269 0.002776
270 0.002748
271 0.002733
272 0.002737
273 0.002697
274 0.002694
275 0.002692
276 0.002649
277 0.002652
278 0.002638
279 0.002606
280 0.002609
281 0.002582
282 0.002562
283 0.002564
284 0.002524
285 0.002515
286 0.002516
287 0.002466
288 0.002468
289 0.002456
290 0.002417
291 0.002419
292 0.002394
293 0.002368
294 0.002370
295 0.002331
296 0.002318
297 0.002320
298 0.002266
299 0.002267
300 0.002257
301 0.002213
302 0.002215
303 0.002191
304 0.002159
305 0.002162
306 0.002124
307 0.002106
308 0.002108
309 0.002055
310 0.002051
311 0.002045
312 0.001993
313 0.001995
314 0.001974
315 0.001936
316 0.001938
317 0.001902
318 0.001878
319 0.001881
320 0.001828
321 0.001820
322 0.001817
323 0.001758
324 0.001760
325 0.001742
326 0.001697
327 0.001699
328 0.001664
329 0.001634
330 0.001636
331 0.001585
