0 0.361342
1 0.000001
2 0.000074
3 0.000073
4 0.000073
5 0.000073
6 0.000073
7 0.000073
8 0.000074
9 0.000073
10 0.000073
11 0.000074
12 0.000073
13 0.000074
14 0.000073
15 0.000073
16 0.000073
17 0.000074
18 0.000073
19 0.000073
20 0.000073
21 0.000073
22 0.000073
23 0.000073
24 0.000163
25 0.000176
26 0.000177
27 0.000177
28 0.000176
29 0.000190
30 0.000218
31 0.000217
32 0.000217
33 0.000217
34 0.000217
35 0.000250
36 0.000258
37 0.000258
38 0.000258
39 0.000257
40 0.000267
41 0.000297
42 0.000297
43 0.000297
44 0.000296
45 0.000296
46 0.000325
47 0.000336
48 0.000335
49 0.000335
50 0.000335
51 0.000342
52 0.000373
53 0.000373
54 0.000372
55 0.000372
56 0.000372
57 0.000397
58 0.000409
59 0.000409
60 0.000408
61 0.000408
62 0.000413
63 0.000445
64 0.000445
65 0.000444
66 0.000443
67 0.000442
68 0.000464
69 0.000479
70 0.000478
71 0.000477
72 0.000476
73 0.000478
74 0.000512
75 0.000511
76 0.000510
77 0.000509
78 0.000509
79 0.000527
80 0.000543
81 0.000542
82 0.000541
83 0.000540
84 0.000539
85 0.000574
86 0.000573
87 0.000572
88 0.000571
89 0.000569
90 0.000585
91 0.000603
92 0.000601
93 0.000600
94 0.000599
95 0.000597
96 0.000629
97 0.000630
98 0.000628
99 0.000627
100 0.000626
101 0.000638
102 0.000657
103 0.000656
104 0.000654
105 0.000653
106 0.000652
107 0.000679
108 0.000682
109 0.000680
110 0.000679
111 0.000677
112 0.000687
113 0.000707
114 0.000705
115 0.000703
116 0.000702
117 0.000700
118 0.000725
119 0.000729
120 0.000728
121 0.000726
122 0.000724
123 0.000731
124 0.000752
125 0.000751
126 0.000749
127 0.000747
128 0.000745
129 0.000766
130 0.000772
131 0.000770
132 0.000769
133 0.000767
134 0.000771
135 0.000794
136 0.000792
137 0.000790
138 0.000787
139 0.000785
140 0.000803
141 0.000811
142 0.000810
143 0.000807
144 0.000806
145 0.000808
146 0.000831
147 0.000829
148 0.000826
149 0.000824
150 0.000823
151 0.000837
152 0.000847
153 0.000845
154 0.000842
155 0.000841
156 0.000840
157 0.000864
158 0.000862
159 0.000860
160 0.000858
161 0.000856
162 0.000868
163 0.000878
164 0.000876
165 0.000874
166 0.000872
167 0.000870
168 0.000894
169 0.000891
170 0.000889
171 0.000887
172 0.000885
173 0.000894
174 0.000906
175 0.000903
176 0.000901
177 0.000899
178 0.000897
179 0.000902
180 0.000901
181 0.000898
182 0.000896
183 0.000894
184 0.000899
185 0.000908
186 0.000906
187 0.000903
188 0.000901
189 0.000899
190 0.000912
191 0.000913
192 0.000910
193 0.000908
194 0.000905
195 0.000909
196 0.000918
197 0.000915
198 0.000913
199 0.000911
200 0.000909
201 0.000919
202 0.000920
203 0.000918
204 0.000916
205 0.000914
206 0.000915
207 0.000924
208 0.000922
209 0.000920
210 0.000918
211 0.000916
212 0.000923
213 0.000925
214 0.000922
215 0.000921
216 0.000918
217 0.000919
218 0.000928
219 0.000926
220 0.000923
221 0.000921
222 0.000919
223 0.000925
224 0.000927
225 0.000926
226 0.000923
227 0.000921
228 0.000897
229 0.000766
230 0.000764
231 0.000762
232 0.000760
233 0.000758
234 0.000762
235 0.000764
236 0.000762
237 0.000760
238 0.000758
239 0.000757
240 0.000763
241 0.000761
242 0.000759
243 0.000757
244 0.000755
245 0.000758
246 0.000760
247 0.000758
248 0.000756
249 0.000754
250 0.000753
251 0.000758
252 0.000756
253 0.000754
254 0.000753
255 0.000751
256 0.000726
257 0.000698
258 0.000696
259 0.000695
260 0.000693
261 0.000691
262 0.000695
263 0.000694
264 0.000692
265 0.000691
266 0.000689
267 0.000689
268 0.000691
269 0.000689
270 0.000688
271 0.000686
272 0.000684
273 0.000687
274 0.000686
275 0.000684
276 0.000683
277 0.000682
278 0.000666
279 0.000639
280 0.000637
281 0.000636
282 0.000635
283 0.000633
284 0.000635
285 0.000634
286 0.000632
287 0.000631
288 0.000630
289 0.000629
290 0.000630
291 0.000628
292 0.000627
293 0.000626
294 0.000624
295 0.000598
296 0.000587
297 0.000586
298 0.000585
299 0.000584
300 0.000583
301 0.000582
302 0.000582
303 0.000580
304 0.000579
305 0.000578
306 0.000578
307 0.000577
308 0.000576
309 0.000575
310 0.000574
311 0.000568
312 0.000536
313 0.000536
314 0.000534
315 0.000533
316 0.000533
317 0.000531
318 0.000530
319 0.000529
320 0.000528
321 0.000528
322 0.000527
323 0.000525
324 0.000525
325 0.000524
326 0.000523
327 0.000522
328 0.000505
329 0.000490
330 0.000490
331 0.000489
