0 0.361342
1 0.000001
2 0.000102
3 0.000102
4 0.000102
5 0.000102
6 0.000102
7 0.000102
8 0.000102
9 0.000102
10 0.000102
11 0.000102
12 0.000102
13 0.000102
14 0.000102
15 0.000102
16 0.000102
17 0.000102
18 0.000102
19 0.000102
20 0.000102
21 0.000219
22 0.000287
23 0.000287
24 0.000287
25 0.000287
26 0.000287
27 0.000287
28 0.000287
29 0.000326
30 0.000403
31 0.000403
32 0.000402
33 0.000403
34 0.000402
35 0.000463
36 0.000479
37 0.000481
38 0.000533
39 0.000533
40 0.000547
41 0.000589
42 0.000589
43 0.000618
44 0.000647
45 0.000647
46 0.000692
47 0.000707
48 0.000707
49 0.000768
50 0.000770
51 0.000784
52 0.000836
53 0.000835
54 0.000865
55 0.000903
56 0.000903
57 0.000949
58 0.000972
59 0.000972
60 0.001037
61 0.001044
62 0.001054
63 0.001118
64 0.001118
65 0.001146
66 0.001194
67 0.001194
68 0.001241
69 0.001272
70 0.001272
71 0.001339
72 0.001353
73 0.001358
74 0.001435
75 0.001435
76 0.001461
77 0.001521
78 0.001519
79 0.001566
80 0.001607
81 0.001606
82 0.001674
83 0.001695
84 0.001694
85 0.001781
86 0.001780
87 0.001799
88 0.001863
89 0.001862
90 0.001899
91 0.001941
92 0.001941
93 0.001994
94 0.002017
95 0.002016
96 0.002085
97 0.002089
98 0.002100
99 0.002158
100 0.002157
101 0.002184
102 0.002223
103 0.002223
104 0.002263
105 0.002286
106 0.002286
107 0.002338
108 0.002345
109 0.002351
110 0.002402
111 0.002402
112 0.002419
113 0.002455
114 0.002455
115 0.002484
116 0.002506
117 0.002506
118 0.002544
119 0.002554
120 0.002556
121 0.002599
122 0.002599
123 0.002611
124 0.002641
125 0.002642
126 0.002661
127 0.002681
128 0.002682
129 0.002708
130 0.002718
131 0.002721
132 0.002764
133 0.002767
134 0.002775
135 0.002806
136 0.002813
137 0.002832
138 0.002851
139 0.002853
140 0.002870
141 0.002906
142 0.002906
143 0.002923
144 0.002926
145 0.002928
146 0.002943
147 0.002943
148 0.002948
149 0.002957
150 0.002957
151 0.002964
152 0.002968
153 0.002970
154 0.002976
155 0.002978
156 0.002980
157 0.002984
158 0.002986
159 0.002987
160 0.002988
161 0.002990
162 0.002990
163 0.002990
164 0.002992
165 0.002987
166 0.002989
167 0.002991
168 0.002982
169 0.002983
170 0.002984
171 0.002973
172 0.002974
173 0.002967
174 0.002959
175 0.002955
176 0.002943
177 0.002941
178 0.002942
179 0.002920
180 0.002920
181 0.002917
182 0.002895
183 0.002896
184 0.002886
185 0.002868
186 0.002870
187 0.002850
188 0.002839
189 0.002841
190 0.002810
191 0.002807
192 0.002804
193 0.002769
194 0.002771
195 0.002758
196 0.002729
197 0.002731
198 0.002706
199 0.002687
200 0.002689
201 0.002649
202 0.002641
203 0.002641
204 0.002590
205 0.002592
206 0.002578
207 0.002537
208 0.002541
209 0.002514
210 0.002488
211 0.002494
212 0.002451
213 0.002438
214 0.002444
215 0.002381
216 0.002385
217 0.002375
218 0.002321
219 0.002327
220 0.002298
221 0.002259
222 0.002264
223 0.002214
224 0.002192
225 0.002198
226 0.002124
227 0.002121
228 0.002113
229 0.002039
230 0.002044
231 0.002014
232 0.001958
233 0.001963
234 0.001908
235 0.001872
236 0.001877
237 0.001794
238 0.001781
239 0.001778
240 0.001680
241 0.001684
242 0.001654
243 0.001578
244 0.001582
245 0.001522
246 0.001470
247 0.001473
248 0.001382
249 0.001356
250 0.001359
251 0.001235
252 0.001237
253 0.001208
254 0.001110
255 0.001112
256 0.001050
257 0.000979
258 0.000980
259 0.000883
260 0.000842
261 0.000843
262 0.000709
263 0.000700
264 0.000676
265 0.000552
266 0.000553
267 0.000492
268 0.000400
269 0.000400
270 0.000301
271 0.000243
272 0.000243
273 0.000030
274 0.000005
275 0.000005
276 0.000005
277 0.000005
278 0.000398
279 0.001186
280 0.001184
281 0.001597
282 0.001912
283 0.001909
284 0.002451
285 0.002583
286 0.002598
287 0.003204
288 0.003197
289 0.003345
290 0.003765
291 0.003755
292 0.004014
293 0.004271
294 0.004260
295 0.004607
296 0.004725
297 0.004713
298 0.005125
299 0.005127
300 0.005192
301 0.005494
302 0.005482
303 0.005623
304 0.005810
305 0.005800
306 0.005993
307 0.006086
308 0.006078
309 0.006304
310 0.006324
311 0.006348
312 0.006530
313 0.006527
314 0.006588
315 0.006695
316 0.006695
317 0.006773
318 0.006827
319 0.006838
320 0.006930
321 0.006971
322 0.007007
323 0.007089
324 0.007138
325 0.007195
326 0.007260
327 0.007336
328 0.007397
329 0.007470
330 0.007577
331 0.007623
