0 0.360557
1 0.000001
2 0.000280
3 0.000279
4 0.000280
5 0.000279
6 0.000279
7 0.000450
8 0.000661
9 0.000782
10 0.000855
11 0.001005
12 0.001045
13 0.001221
14 0.001245
15 0.001411
16 0.001450
17 0.001582
18 0.001645
19 0.001744
20 0.001777
21 0.001805
22 0.001913
23 0.001949
24 0.002077
25 0.002088
26 0.002227
27 0.002232
28 0.002310
29 0.002342
30 0.002421
31 0.002472
32 0.002524
33 0.002574
34 0.002591
35 0.002675
36 0.002678
37 0.002776
38 0.002768
39 0.002831
40 0.002837
41 0.002897
42 0.002918
43 0.002956
44 0.002980
45 0.002989
46 0.003037
47 0.003035
48 0.003096
49 0.003080
50 0.003130
51 0.003118
52 0.003162
53 0.003159
54 0.003180
55 0.003194
56 0.003205
57 0.003224
58 0.003219
59 0.003254
60 0.003239
61 0.003277
62 0.003259
63 0.003293
64 0.003283
65 0.003300
66 0.003302
67 0.003311
68 0.003319
69 0.003316
70 0.003339
71 0.003329
72 0.003351
73 0.003334
74 0.003360
75 0.003346
76 0.003361
77 0.003360
78 0.003368
79 0.003369
80 0.003367
81 0.003376
82 0.003369
83 0.003381
84 0.003367
85 0.003388
86 0.003377
87 0.003390
88 0.003383
89 0.003391
90 0.003388
91 0.003388
92 0.003390
93 0.003385
94 0.003390
95 0.003380
96 0.003390
97 0.003378
98 0.003385
99 0.003376
100 0.003379
101 0.003374
102 0.003374
103 0.003372
104 0.003367
105 0.003367
106 0.003359
107 0.003361
108 0.003351
109 0.003354
110 0.003344
111 0.003344
112 0.003337
113 0.003336
114 0.003331
115 0.003327
116 0.003324
117 0.003318
118 0.003316
119 0.003308
120 0.003307
121 0.003300
122 0.003299
123 0.003293
124 0.003289
125 0.003283
126 0.003279
127 0.003273
128 0.003268
129 0.003264
130 0.003260
131 0.003253
132 0.003247
133 0.003240
134 0.003234
135 0.003226
136 0.003221
137 0.003214
138 0.003207
139 0.003200
140 0.003191
141 0.003185
142 0.003176
143 0.003172
144 0.003159
145 0.003155
146 0.003142
147 0.003137
148 0.003128
149 0.003121
150 0.003113
151 0.003104
152 0.003099
153 0.003089
154 0.003088
155 0.003074
156 0.003074
157 0.003058
158 0.003058
159 0.003047
160 0.003043
161 0.003033
162 0.003026
163 0.003020
164 0.003009
165 0.003007
166 0.002991
167 0.002993
168 0.002972
169 0.002975
170 0.002958
171 0.002956
172 0.002943
173 0.002936
174 0.002927
175 0.002914
176 0.002910
177 0.002892
178 0.002893
179 0.002868
180 0.002872
181 0.002847
182 0.002847
183 0.002827
184 0.002822
185 0.002807
186 0.002794
187 0.002786
188 0.002765
189 0.002764
190 0.002735
191 0.002740
192 0.002705
193 0.002708
194 0.002679
195 0.002674
196 0.002652
197 0.002638
198 0.002624
199 0.002601
200 0.002594
201 0.002560
202 0.002561
203 0.002517
204 0.002522
205 0.002484
206 0.002479
207 0.002439
208 0.002427
209 0.002405
210 0.002379
211 0.002364
212 0.002323
213 0.002316
214 0.002265
215 0.002267
216 0.002214
217 0.002210
218 0.002152
219 0.002139
220 0.002104
221 0.002075
222 0.002048
223 0.001999
224 0.001979
225 0.001921
226 0.001917
227 0.001848
228 0.001845
229 0.001783
230 0.001761
231 0.001693
232 0.001663
233 0.001624
234 0.001579
235 0.001552
236 0.001493
237 0.001478
238 0.001406
239 0.001391
240 0.001236
241 0.001221
242 0.001161
243 0.001134
244 0.001088
245 0.001051
246 0.001020
247 0.000976
248 0.000959
249 0.000888
250 0.000878
251 0.000890
252 0.000869
253 0.000819
254 0.000822
255 0.000831
256 0.000845
257 0.000861
258 0.000993
259 0.001153
260 0.001422
261 0.001501
262 0.002184
263 0.002289
264 0.002766
265 0.002874
266 0.003244
267 0.003418
268 0.003687
269 0.003919
270 0.004094
271 0.004377
272 0.004465
273 0.004793
274 0.004812
275 0.005161
276 0.005180
277 0.005444
278 0.005514
279 0.005704
280 0.005819
281 0.005941
282 0.006097
283 0.006160
284 0.006351
285 0.006362
286 0.006584
287 0.006581
288 0.006770
289 0.006790
290 0.006925
291 0.006976
292 0.007067
293 0.007152
294 0.007207
295 0.007320
296 0.007344
297 0.007482
298 0.007494
299 0.007656
300 0.007711
301 0.007866
302 0.007942
303 0.008062
304 0.008159
305 0.008256
306 0.008366
307 0.008433
308 0.008560
309 0.008627
310 0.008786
311 0.008888
312 0.009047
313 0.009157
314 0.009293
315 0.009404
316 0.009517
317 0.009621
318 0.009712
319 0.009799
320 0.009868
321 0.009930
322 0.009984
323 0.010038
324 0.010105
325 0.010165
326 0.010231
327 0.010291
328 0.010352
329 0.010431
330 0.010520
331 0.010649
