0 0.361342
1 0.000001
2 0.000291
3 0.000291
4 0.000291
5 0.000291
6 0.000291
7 0.000367
8 0.000455
9 0.000455
10 0.000455
11 0.000454
12 0.000454
13 0.000600
14 0.000611
15 0.000610
16 0.000610
17 0.000611
18 0.000669
19 0.000757
20 0.000757
21 0.000757
22 0.000757
23 0.000757
24 0.000875
25 0.000894
26 0.000894
27 0.000893
28 0.000893
29 0.000929
30 0.001006
31 0.001006
32 0.001005
33 0.001005
34 0.001005
35 0.001288
36 0.001361
37 0.001360
38 0.001359
39 0.001359
40 0.001384
41 0.001456
42 0.001456
43 0.001455
44 0.001455
45 0.001455
46 0.001526
47 0.001551
48 0.001550
49 0.001550
50 0.001550
51 0.001585
52 0.001725
53 0.001725
54 0.001725
55 0.001725
56 0.001725
57 0.001774
58 0.001799
59 0.001799
60 0.001799
61 0.001799
62 0.001807
63 0.001863
64 0.001863
65 0.001862
66 0.001862
67 0.001861
68 0.001918
69 0.001956
70 0.001955
71 0.001954
72 0.001952
73 0.001954
74 0.001996
75 0.001994
76 0.001993
77 0.001991
78 0.001989
79 0.002010
80 0.002028
81 0.002026
82 0.002024
83 0.002021
84 0.002019
85 0.002044
86 0.002042
87 0.002039
88 0.002036
89 0.002033
90 0.002032
91 0.002031
92 0.002028
93 0.002026
94 0.002023
95 0.002020
96 0.002028
97 0.002026
98 0.002024
99 0.002022
100 0.002021
101 0.002001
102 0.001971
103 0.001971
104 0.001970
105 0.001969
106 0.001968
107 0.001962
108 0.001960
109 0.001959
110 0.001959
111 0.001958
112 0.001952
113 0.001942
114 0.001942
115 0.001941
116 0.001941
117 0.001941
118 0.001846
119 0.001823
120 0.001823
121 0.001824
122 0.001824
123 0.001817
124 0.001794
125 0.001795
126 0.001796
127 0.001797
128 0.001798
129 0.001770
130 0.001761
131 0.001762
132 0.001764
133 0.001766
134 0.001678
135 0.001383
136 0.001385
137 0.001388
138 0.001391
139 0.001394
140 0.001363
141 0.001349
142 0.001352
143 0.001356
144 0.001360
145 0.001355
146 0.001308
147 0.001312
148 0.001316
149 0.001319
150 0.001323
151 0.001286
152 0.001262
153 0.001265
154 0.001268
155 0.001272
156 0.001272
157 0.001234
158 0.001237
159 0.001240
160 0.001243
161 0.001245
162 0.001205
163 0.001171
164 0.001173
165 0.001176
166 0.001179
167 0.001182
168 0.001152
169 0.001155
170 0.001157
171 0.001160
172 0.001163
173 0.001151
174 0.001136
175 0.001138
176 0.001141
177 0.001144
178 0.001146
179 0.001120
180 0.001120
181 0.001123
182 0.001125
183 0.001127
184 0.001112
185 0.001089
186 0.001091
187 0.001093
188 0.001095
189 0.001097
190 0.001075
191 0.001073
192 0.001075
193 0.001077
194 0.001078
195 0.001066
196 0.001041
197 0.001042
198 0.001043
199 0.001045
200 0.001046
201 0.001026
202 0.001022
203 0.001023
204 0.001023
205 0.001024
206 0.001015
207 0.000987
208 0.000987
209 0.000988
210 0.000989
211 0.000990
212 0.000971
213 0.000964
214 0.000965
215 0.000965
216 0.000966
217 0.000958
218 0.000928
219 0.000928
220 0.000928
221 0.000928
222 0.000928
223 0.000911
224 0.000903
225 0.000903
226 0.000902
227 0.000902
228 0.000897
229 0.000866
230 0.000866
231 0.000866
232 0.000865
233 0.000865
234 0.000775
235 0.000741
236 0.000740
237 0.000739
238 0.000739
239 0.000735
240 0.000699
241 0.000698
242 0.000697
243 0.000697
244 0.000696
245 0.000685
246 0.000675
247 0.000675
248 0.000674
249 0.000673
250 0.000673
251 0.000625
252 0.000625
253 0.000624
254 0.000623
255 0.000623
256 0.000614
257 0.000605
258 0.000604
259 0.000604
260 0.000603
261 0.000603
262 0.000588
263 0.000586
264 0.000586
265 0.000585
266 0.000585
267 0.000573
268 0.000569
269 0.000568
270 0.000568
271 0.000567
272 0.000566
273 0.000559
274 0.000558
275 0.000557
276 0.000556
277 0.000556
278 0.000553
279 0.000548
280 0.000548
281 0.000547
282 0.000547
283 0.000546
284 0.000549
285 0.000550
286 0.000549
287 0.000549
288 0.000548
289 0.000546
290 0.000542
291 0.000541
292 0.000541
293 0.000540
294 0.000540
295 0.000565
296 0.000575
297 0.000575
298 0.000574
299 0.000573
300 0.000572
301 0.000568
302 0.000568
303 0.000567
304 0.000566
305 0.000566
306 0.000586
307 0.000597
308 0.000596
309 0.000596
310 0.000595
311 0.000589
312 0.000555
313 0.000555
314 0.000554
315 0.000554
316 0.000553
317 0.000576
318 0.000592
319 0.000592
320 0.000591
321 0.000590
322 0.000590
323 0.000595
324 0.000595
325 0.000594
326 0.000594
327 0.000593
328 0.000615
329 0.000635
330 0.000635
331 0.000634
