0 0.361342
1 0.000001
2 0.000147
3 0.000147
4 0.000147
5 0.000147
6 0.000147
7 0.000147
8 0.000146
9 0.000147
10 0.000146
11 0.000146
12 0.000146
13 0.000339
14 0.000353
15 0.000366
16 0.000435
17 0.000434
18 0.000467
19 0.000516
20 0.000515
21 0.000565
22 0.000593
23 0.000592
24 0.000661
25 0.000670
26 0.000676
27 0.000746
28 0.000744
29 0.000768
30 0.000818
31 0.000816
32 0.000857
33 0.000888
34 0.000885
35 0.000943
36 0.000954
37 0.000954
38 0.001023
39 0.001019
40 0.001035
41 0.001085
42 0.001080
43 0.001112
44 0.001144
45 0.001139
46 0.001187
47 0.001201
48 0.001196
49 0.001258
50 0.001255
51 0.001263
52 0.001312
53 0.001306
54 0.001330
55 0.001361
56 0.001355
57 0.001393
58 0.001408
59 0.001402
60 0.001453
61 0.001453
62 0.001454
63 0.001502
64 0.001495
65 0.001510
66 0.001542
67 0.001535
68 0.001564
69 0.001580
70 0.001572
71 0.001614
72 0.001616
73 0.001612
74 0.001658
75 0.001650
76 0.001659
77 0.001691
78 0.001682
79 0.001703
80 0.001721
81 0.001712
82 0.001745
83 0.001750
84 0.001741
85 0.001784
86 0.001776
87 0.001778
88 0.001808
89 0.001799
90 0.001798
91 0.001798
92 0.001789
93 0.001806
94 0.001808
95 0.001800
96 0.001824
97 0.001817
98 0.001813
99 0.001832
100 0.001824
101 0.001827
102 0.001838
103 0.001829
104 0.001839
105 0.001841
106 0.001832
107 0.001848
108 0.001843
109 0.001837
110 0.001853
111 0.001844
112 0.001844
113 0.001852
114 0.001844
115 0.001659
116 0.001526
117 0.001518
118 0.001525
119 0.001521
120 0.001514
121 0.001523
122 0.001516
123 0.001513
124 0.001517
125 0.001510
126 0.001510
127 0.001511
128 0.001503
129 0.001423
130 0.001391
131 0.001384
132 0.001389
133 0.001383
134 0.001378
135 0.001380
136 0.001374
137 0.001371
138 0.001371
139 0.001365
140 0.001305
141 0.001273
142 0.001268
143 0.001268
144 0.001263
145 0.001258
146 0.001258
147 0.001253
148 0.001222
149 0.001173
150 0.001169
151 0.001165
152 0.001162
153 0.001158
154 0.001155
155 0.001151
156 0.001142
157 0.001072
158 0.001068
159 0.001064
160 0.001060
161 0.001056
162 0.001052
163 0.001049
164 0.001045
165 0.000996
166 0.000980
167 0.000977
168 0.000971
169 0.000968
170 0.000954
171 0.000916
172 0.000914
173 0.000909
174 0.000905
175 0.000902
176 0.000869
177 0.000854
178 0.000853
179 0.000845
180 0.000844
181 0.000836
182 0.000801
183 0.000801
184 0.000798
185 0.000793
186 0.000793
187 0.000771
188 0.000760
189 0.000761
190 0.000755
191 0.000754
192 0.000753
193 0.000737
194 0.000738
195 0.000737
196 0.000734
197 0.000735
198 0.000735
199 0.000739
200 0.000741
201 0.000740
202 0.000741
203 0.000744
204 0.000768
205 0.000771
206 0.000773
207 0.000774
208 0.000777
209 0.000796
210 0.000818
211 0.000820
212 0.000823
213 0.000827
214 0.000830
215 0.000874
216 0.000879
217 0.000883
218 0.000887
219 0.000891
220 0.000915
221 0.000947
222 0.000951
223 0.000956
224 0.000961
225 0.000965
226 0.001018
227 0.001028
228 0.001032
229 0.001040
230 0.001044
231 0.001069
232 0.001112
233 0.001116
234 0.001124
235 0.001130
236 0.001133
237 0.001181
238 0.001193
239 0.001199
240 0.001240
241 0.001243
242 0.001259
243 0.001291
244 0.001295
245 0.001321
246 0.001344
247 0.001348
248 0.001386
249 0.001400
250 0.001403
251 0.001454
252 0.001457
253 0.001472
254 0.001514
255 0.001517
256 0.001544
257 0.001576
258 0.001579
259 0.001620
260 0.001640
261 0.001643
262 0.001699
263 0.001705
264 0.001718
265 0.001770
266 0.001773
267 0.001799
268 0.001837
269 0.001840
270 0.001881
271 0.001906
272 0.001909
273 0.001965
274 0.001976
275 0.001985
276 0.002044
277 0.002047
278 0.002070
279 0.002115
280 0.002118
281 0.002157
282 0.002187
283 0.002189
284 0.002245
285 0.002260
286 0.002264
287 0.002332
288 0.002334
289 0.002353
290 0.002406
291 0.002408
292 0.002445
293 0.002481
294 0.002483
295 0.002536
296 0.002557
297 0.002558
298 0.002630
299 0.002633
300 0.002649
301 0.002709
302 0.002710
303 0.002743
304 0.002786
305 0.002788
306 0.002839
307 0.002865
308 0.002865
309 0.002935
310 0.002943
311 0.002955
312 0.003023
313 0.003023
314 0.003060
315 0.003123
316 0.003123
317 0.003146
318 0.003161
319 0.003160
320 0.003191
321 0.003197
322 0.003199
323 0.003231
324 0.003231
325 0.003093
326 0.002794
327 0.002792
328 0.002745
329 0.002704
330 0.002701
331 0.002638
