0 0.361342
1 0.000001
2 0.000178
3 0.000177
4 0.000178
5 0.000177
6 0.000177
7 0.000176
8 0.000177
9 0.000177
10 0.000177
11 0.000177
12 0.000177
13 0.000177
14 0.000177
15 0.000177
16 0.000177
17 0.000177
18 0.000286
19 0.000451
20 0.000451
21 0.000450
22 0.000450
23 0.000449
24 0.000449
25 0.000448
26 0.000448
27 0.000448
28 0.000448
29 0.000497
30 0.000596
31 0.000596
32 0.000596
33 0.000595
34 0.000594
35 0.000669
36 0.000686
37 0.000686
38 0.000685
39 0.000684
40 0.000707
41 0.000772
42 0.000770
43 0.000769
44 0.000768
45 0.000767
46 0.000828
47 0.000849
48 0.000848
49 0.000847
50 0.000845
51 0.000860
52 0.000922
53 0.000920
54 0.000919
55 0.000917
56 0.000916
57 0.000965
58 0.000987
59 0.000986
60 0.000984
61 0.000983
62 0.000990
63 0.001049
64 0.001047
65 0.001045
66 0.001044
67 0.001042
68 0.001080
69 0.001104
70 0.001101
71 0.001100
72 0.001098
73 0.001100
74 0.001154
75 0.001152
76 0.001150
77 0.001148
78 0.001146
79 0.001175
80 0.001198
81 0.001196
82 0.001194
83 0.001192
84 0.001190
85 0.001239
86 0.001237
87 0.001235
88 0.001232
89 0.001230
90 0.001250
91 0.001273
92 0.001271
93 0.001269
94 0.001266
95 0.001264
96 0.001301
97 0.001303
98 0.001300
99 0.001297
100 0.001296
101 0.001309
102 0.001330
103 0.001328
104 0.001325
105 0.001323
106 0.001321
107 0.001348
108 0.001351
109 0.001348
110 0.001346
111 0.001344
112 0.001352
113 0.001370
114 0.001367
115 0.001365
116 0.001363
117 0.001361
118 0.001380
119 0.001383
120 0.001381
121 0.001379
122 0.001377
123 0.001381
124 0.001395
125 0.001393
126 0.001391
127 0.001390
128 0.001388
129 0.001400
130 0.001403
131 0.001401
132 0.001400
133 0.001398
134 0.001399
135 0.001410
136 0.001408
137 0.001406
138 0.001405
139 0.001404
140 0.001409
141 0.001412
142 0.001410
143 0.001409
144 0.001408
145 0.001408
146 0.001413
147 0.001413
148 0.001412
149 0.001411
150 0.001410
151 0.001412
152 0.001413
153 0.001412
154 0.001411
155 0.001411
156 0.001410
157 0.001410
158 0.001409
159 0.001409
160 0.001409
161 0.001408
162 0.001406
163 0.001405
164 0.001404
165 0.001404
166 0.001404
167 0.001403
168 0.001399
169 0.001398
170 0.001399
171 0.001399
172 0.001398
173 0.001397
174 0.001395
175 0.001394
176 0.001394
177 0.001394
178 0.001395
179 0.001391
180 0.001391
181 0.001391
182 0.001391
183 0.001391
184 0.001390
185 0.001388
186 0.001389
187 0.001388
188 0.001389
189 0.001389
190 0.001387
191 0.001387
192 0.001386
193 0.001387
194 0.001388
195 0.001387
196 0.001384
197 0.001385
198 0.001385
199 0.001386
200 0.001386
201 0.001395
202 0.001397
203 0.001397
204 0.001398
205 0.001399
206 0.001397
207 0.001394
208 0.001394
209 0.001394
210 0.001395
211 0.001394
212 0.001391
213 0.001390
214 0.001389
215 0.001390
216 0.001389
217 0.001388
218 0.001389
219 0.001387
220 0.001388
221 0.001387
222 0.001387
223 0.001383
224 0.001382
225 0.001380
226 0.001381
227 0.001380
228 0.001379
229 0.001377
230 0.001376
231 0.001376
232 0.001375
233 0.001375
234 0.001371
235 0.001370
236 0.001369
237 0.001369
238 0.001368
239 0.001368
240 0.001366
241 0.001366
242 0.001365
243 0.001365
244 0.001365
245 0.001362
246 0.001359
247 0.001359
248 0.001358
249 0.001358
250 0.001358
251 0.001356
252 0.001354
253 0.001354
254 0.001353
255 0.001353
256 0.001350
257 0.001347
258 0.001346
259 0.001345
260 0.001345
261 0.001344
262 0.001341
263 0.001340
264 0.001340
265 0.001339
266 0.001339
267 0.001336
268 0.001332
269 0.001332
270 0.001331
271 0.001329
272 0.001330
273 0.001327
274 0.001326
275 0.001325
276 0.001325
277 0.001324
278 0.001322
279 0.001318
280 0.001317
281 0.001317
282 0.001316
283 0.001316
284 0.001313
285 0.001311
286 0.001311
287 0.001310
288 0.001311
289 0.001309
290 0.001306
291 0.001305
292 0.001305
293 0.001305
294 0.001304
295 0.001301
296 0.001300
297 0.001299
298 0.001298
299 0.001299
300 0.001297
301 0.001294
302 0.001294
303 0.001293
304 0.001292
305 0.001292
306 0.001290
307 0.001288
308 0.001287
309 0.001287
310 0.001286
311 0.001286
312 0.001282
313 0.001282
314 0.001281
315 0.001281
316 0.001280
317 0.001277
318 0.001276
319 0.001275
320 0.001275
321 0.001275
322 0.001274
323 0.001269
324 0.001270
325 0.001269
326 0.001269
327 0.001268
328 0.001266
329 0.001263
330 0.001263
331 0.001263
