0 0.360182
1 0.000001
2 0.000062
3 0.000062
4 0.000061
5 0.000062
6 0.000062
7 0.000062
8 0.000062
9 0.000062
10 0.000062
11 0.000062
12 0.000062
13 0.000058
14 0.000058
15 0.000058
16 0.000057
17 0.000057
18 0.000056
19 0.000087
20 0.000086
21 0.000087
22 0.000086
23 0.000086
24 0.000113
25 0.000117
26 0.000117
27 0.000118
28 0.000117
29 0.000128
30 0.000149
31 0.000149
32 0.000149
33 0.000149
34 0.000149
35 0.000176
36 0.000183
37 0.000183
38 0.000183
39 0.000183
40 0.000183
41 0.000194
42 0.000193
43 0.000193
44 0.000193
45 0.000193
46 0.000212
47 0.000219
48 0.000219
49 0.000219
50 0.000219
51 0.000224
52 0.000247
53 0.000247
54 0.000247
55 0.000247
56 0.000247
57 0.000248
58 0.000248
59 0.000248
60 0.000248
61 0.000248
62 0.000251
63 0.000275
64 0.000275
65 0.000275
66 0.000274
67 0.000274
68 0.000286
69 0.000295
70 0.000294
71 0.000294
72 0.000294
73 0.000295
74 0.000319
75 0.000319
76 0.000319
77 0.000319
78 0.000319
79 0.000324
80 0.000329
81 0.000329
82 0.000329
83 0.000328
84 0.000328
85 0.000353
86 0.000352
87 0.000352
88 0.000352
89 0.000351
90 0.000360
91 0.000370
92 0.000370
93 0.000369
94 0.000369
95 0.000369
96 0.000384
97 0.000384
98 0.000384
99 0.000383
100 0.000383
101 0.000390
102 0.000401
103 0.000400
104 0.000400
105 0.000399
106 0.000399
107 0.000418
108 0.000420
109 0.000420
110 0.000419
111 0.000419
112 0.000422
113 0.000430
114 0.000430
115 0.000429
116 0.000429
117 0.000428
118 0.000443
119 0.000446
120 0.000446
121 0.000445
122 0.000445
123 0.000449
124 0.000462
125 0.000462
126 0.000461
127 0.000461
128 0.000460
129 0.000468
130 0.000471
131 0.000471
132 0.000470
133 0.000469
134 0.000472
135 0.000486
136 0.000485
137 0.000485
138 0.000484
139 0.000483
140 0.000494
141 0.000499
142 0.000498
143 0.000498
144 0.000497
145 0.000498
146 0.000507
147 0.000507
148 0.000506
149 0.000506
150 0.000504
151 0.000514
152 0.000520
153 0.000519
154 0.000518
155 0.000517
156 0.000517
157 0.000527
158 0.000527
159 0.000526
160 0.000525
161 0.000525
162 0.000532
163 0.000538
164 0.000537
165 0.000536
166 0.000536
167 0.000535
168 0.000545
169 0.000545
170 0.000543
171 0.000543
172 0.000542
173 0.000548
174 0.000554
175 0.000553
176 0.000553
177 0.000552
178 0.000551
179 0.000560
180 0.000560
181 0.000558
182 0.000558
183 0.000557
184 0.000561
185 0.000568
186 0.000567
187 0.000566
188 0.000565
189 0.000564
190 0.000572
191 0.000572
192 0.000571
193 0.000570
194 0.000569
195 0.000573
196 0.000580
197 0.000579
198 0.000578
199 0.000577
200 0.000576
201 0.000582
202 0.000583
203 0.000582
204 0.000581
205 0.000580
206 0.000582
207 0.000590
208 0.000589
209 0.000588
210 0.000587
211 0.000586
212 0.000591
213 0.000592
214 0.000591
215 0.000590
216 0.000589
217 0.000590
218 0.000598
219 0.000597
220 0.000596
221 0.000595
222 0.000594
223 0.000599
224 0.000600
225 0.000599
226 0.000598
227 0.000597
228 0.000598
229 0.000606
230 0.000604
231 0.000604
232 0.000602
233 0.000602
234 0.000605
235 0.000607
236 0.000606
237 0.000605
238 0.000604
239 0.000604
240 0.000612
241 0.000611
242 0.000610
243 0.000609
244 0.000608
245 0.000611
246 0.000614
247 0.000613
248 0.000612
249 0.000611
250 0.000610
251 0.000618
252 0.000617
253 0.000616
254 0.000615
255 0.000614
256 0.000617
257 0.000620
258 0.000619
259 0.000618
260 0.000617
261 0.000616
262 0.000623
263 0.000623
264 0.000622
265 0.000621
266 0.000620
267 0.000622
268 0.000626
269 0.000625
270 0.000624
271 0.000623
272 0.000622
273 0.000629
274 0.000630
275 0.000629
276 0.000628
277 0.000627
278 0.000629
279 0.000633
280 0.000632
281 0.000632
282 0.000631
283 0.000630
284 0.000637
285 0.000638
286 0.000637
287 0.000636
288 0.000636
289 0.000637
290 0.000642
291 0.000641
292 0.000641
293 0.000640
294 0.000640
295 0.000645
296 0.000647
297 0.000646
298 0.000646
299 0.000645
300 0.000646
301 0.000652
302 0.000651
303 0.000650
304 0.000650
305 0.000649
306 0.000654
307 0.000657
308 0.000656
309 0.000655
310 0.000655
311 0.000655
312 0.000662
313 0.000661
314 0.000660
315 0.000660
316 0.000659
317 0.000663
318 0.000667
319 0.000666
320 0.000665
321 0.000665
322 0.000665
323 0.000671
324 0.000671
325 0.000670
326 0.000670
327 0.000669
328 0.000673
329 0.000676
330 0.000676
331 0.000675
