0 0.359945
1 0.000001
2 0.000107
3 0.000107
4 0.000107
5 0.000108
6 0.000107
7 0.000175
8 0.000253
9 0.000253
10 0.000318
11 0.000346
12 0.000346
13 0.000430
14 0.000436
15 0.000450
16 0.000522
17 0.000522
18 0.000555
19 0.000605
20 0.000605
21 0.000656
22 0.000685
23 0.000685
24 0.000751
25 0.000762
26 0.000769
27 0.000835
28 0.000835
29 0.000858
30 0.000905
31 0.000905
32 0.000943
33 0.000972
34 0.000972
35 0.001023
36 0.001035
37 0.001037
38 0.001096
39 0.001096
40 0.001111
41 0.001153
42 0.001153
43 0.001180
44 0.001208
45 0.001208
46 0.001245
47 0.001259
48 0.001259
49 0.001305
50 0.001308
51 0.001317
52 0.001352
53 0.001353
54 0.001371
55 0.001395
56 0.001396
57 0.001422
58 0.001435
59 0.001436
60 0.001467
61 0.001471
62 0.001476
63 0.001503
64 0.001504
65 0.001514
66 0.001532
67 0.001533
68 0.001548
69 0.001558
70 0.001559
71 0.001577
72 0.001581
73 0.001583
74 0.001599
75 0.001600
76 0.001605
77 0.001616
78 0.001616
79 0.001623
80 0.001629
81 0.001629
82 0.001636
83 0.001638
84 0.001639
85 0.001647
86 0.001648
87 0.001650
88 0.001656
89 0.001657
90 0.001689
91 0.001736
92 0.001737
93 0.001761
94 0.001772
95 0.001773
96 0.001853
97 0.001860
98 0.001868
99 0.001900
100 0.001900
101 0.001924
102 0.001958
103 0.001959
104 0.001985
105 0.002001
106 0.002002
107 0.002051
108 0.002059
109 0.002064
110 0.002102
111 0.002101
112 0.002119
113 0.002153
114 0.002153
115 0.002180
116 0.002200
117 0.002199
118 0.002237
119 0.002245
120 0.002245
121 0.002291
122 0.002289
123 0.002301
124 0.002335
125 0.002333
126 0.002356
127 0.002378
128 0.002376
129 0.002408
130 0.002418
131 0.002415
132 0.002458
133 0.002457
134 0.002465
135 0.002498
136 0.002496
137 0.002513
138 0.002536
139 0.002533
140 0.002559
141 0.002571
142 0.002568
143 0.002602
144 0.002601
145 0.002604
146 0.002638
147 0.002634
148 0.002646
149 0.002667
150 0.002664
151 0.002684
152 0.002696
153 0.002692
154 0.002720
155 0.002723
156 0.002723
157 0.002753
158 0.002750
159 0.002757
160 0.002779
161 0.002775
162 0.002790
163 0.002803
164 0.002799
165 0.002820
166 0.002824
167 0.002820
168 0.002847
169 0.002843
170 0.002846
171 0.002866
172 0.002862
173 0.002872
174 0.002884
175 0.002881
176 0.002898
177 0.002905
178 0.002903
179 0.002926
180 0.002927
181 0.002930
182 0.002950
183 0.002949
184 0.002957
185 0.002971
186 0.002970
187 0.002983
188 0.002991
189 0.002990
190 0.003006
191 0.003009
192 0.003010
193 0.003026
194 0.003026
195 0.003030
196 0.003042
197 0.003041
198 0.003048
199 0.003054
200 0.003052
201 0.003062
202 0.003064
203 0.003063
204 0.003074
205 0.003072
206 0.003074
207 0.003082
208 0.003079
209 0.003084
210 0.003087
211 0.003086
212 0.003091
213 0.003093
214 0.003092
215 0.003098
216 0.003097
217 0.003098
218 0.003102
219 0.003100
220 0.003102
221 0.003104
222 0.003104
223 0.003106
224 0.003108
225 0.003108
226 0.003110
227 0.003110
228 0.003111
229 0.003111
230 0.003112
231 0.003115
232 0.003118
233 0.003120
234 0.003119
235 0.003119
236 0.003121
237 0.003124
238 0.003127
239 0.003131
240 0.003126
241 0.003131
242 0.003134
243 0.003138
244 0.003142
245 0.003141
246 0.003140
247 0.003146
248 0.003145
249 0.003149
250 0.003155
251 0.003144
252 0.003149
253 0.003152
254 0.003150
255 0.003154
256 0.003150
257 0.003143
258 0.003148
259 0.003143
260 0.003144
261 0.003149
262 0.003139
263 0.003143
264 0.003139
265 0.003107
266 0.003111
267 0.003107
268 0.003101
269 0.003104
270 0.003095
271 0.003090
272 0.003093
273 0.003078
274 0.003078
275 0.003078
276 0.003061
277 0.003063
278 0.003058
279 0.003045
280 0.003047
281 0.003036
282 0.003027
283 0.003030
284 0.003011
285 0.003007
286 0.003009
287 0.002983
288 0.002984
289 0.002978
290 0.002957
291 0.002959
292 0.002943
293 0.002928
294 0.002928
295 0.002903
296 0.002894
297 0.002894
298 0.002859
299 0.002856
300 0.002847
301 0.002816
302 0.002813
303 0.002784
304 0.002746
305 0.002745
306 0.002716
307 0.002700
308 0.002698
309 0.002657
310 0.002651
311 0.002641
312 0.002597
313 0.002593
314 0.002574
315 0.002544
316 0.002539
317 0.002508
318 0.002484
319 0.002481
320 0.002439
321 0.002428
322 0.002422
323 0.002370
324 0.002367
325 0.002349
326 0.002311
327 0.002308
328 0.002276
329 0.002248
330 0.002245
331 0.002203
