0 0.361343
1 0.000001
2 0.000381
3 0.000382
4 0.000385
5 0.000406
6 0.000406
7 0.000656
8 0.000944
9 0.000944
10 0.001184
11 0.001288
12 0.001288
13 0.001590
14 0.001611
15 0.001663
16 0.001916
17 0.001917
18 0.002031
19 0.002202
20 0.002204
21 0.002372
22 0.002471
23 0.002472
24 0.002686
25 0.002720
26 0.002745
27 0.002948
28 0.002951
29 0.003021
30 0.003160
31 0.003163
32 0.003271
33 0.003354
34 0.003358
35 0.003493
36 0.003529
37 0.003538
38 0.003682
39 0.003686
40 0.003723
41 0.003819
42 0.003823
43 0.003880
44 0.003937
45 0.003941
46 0.004008
47 0.004035
48 0.004040
49 0.004107
50 0.004113
51 0.004127
52 0.004167
53 0.004172
54 0.004187
55 0.004205
56 0.004209
57 0.004217
58 0.004222
59 0.004227
60 0.004216
61 0.004219
62 0.004217
63 0.004189
64 0.004193
65 0.004176
66 0.004143
67 0.004146
68 0.004103
69 0.004075
70 0.004078
71 0.004000
72 0.003985
73 0.003980
74 0.003873
75 0.003875
76 0.003835
77 0.003740
78 0.003741
79 0.003658
80 0.003586
81 0.003586
82 0.003503
83 0.003478
84 0.003478
85 0.003428
86 0.003428
87 0.003416
88 0.003378
89 0.003377
90 0.003354
91 0.003327
92 0.003327
93 0.003293
94 0.003278
95 0.003278
96 0.003232
97 0.003229
98 0.003221
99 0.003181
100 0.003180
101 0.003161
102 0.003132
103 0.003132
104 0.003102
105 0.003084
106 0.003084
107 0.003043
108 0.003036
109 0.003030
110 0.002988
111 0.002987
112 0.002971
113 0.002940
114 0.002939
115 0.002912
116 0.002891
117 0.002890
118 0.002854
119 0.002844
120 0.002842
121 0.002798
122 0.002798
123 0.002786
124 0.002754
125 0.002753
126 0.002731
127 0.002709
128 0.002709
129 0.002677
130 0.002666
131 0.002666
132 0.002624
133 0.002623
134 0.002615
135 0.002580
136 0.002581
137 0.002562
138 0.002538
139 0.002538
140 0.002510
141 0.002497
142 0.002497
143 0.002460
144 0.002456
145 0.002451
146 0.002415
147 0.002416
148 0.002400
149 0.002375
150 0.002375
151 0.002351
152 0.002335
153 0.002335
154 0.002301
155 0.002294
156 0.002292
157 0.002255
158 0.002255
159 0.002244
160 0.002216
161 0.002216
162 0.002195
163 0.002178
164 0.002178
165 0.002149
166 0.002140
167 0.002140
168 0.002103
169 0.002103
170 0.002094
171 0.002065
172 0.002066
173 0.002048
174 0.002028
175 0.002027
176 0.002001
177 0.001990
178 0.001990
179 0.001956
180 0.001954
181 0.001948
182 0.001918
183 0.001918
184 0.001904
185 0.001883
186 0.001884
187 0.001862
188 0.001849
189 0.001850
190 0.001820
191 0.001817
192 0.001814
193 0.001784
194 0.001784
195 0.001774
196 0.001752
197 0.001754
198 0.001735
199 0.001721
200 0.001723
201 0.001697
202 0.001691
203 0.001692
204 0.001660
205 0.001662
206 0.001655
207 0.001632
208 0.001634
209 0.001619
210 0.001605
211 0.001606
212 0.001584
213 0.001577
214 0.001579
215 0.001549
216 0.001550
217 0.001546
218 0.001522
219 0.001524
220 0.001512
221 0.001496
222 0.001498
223 0.001479
224 0.001471
225 0.001473
226 0.001447
227 0.001446
228 0.001444
229 0.001420
230 0.001421
231 0.001413
232 0.001395
233 0.001398
234 0.001382
235 0.001372
236 0.001374
237 0.001352
238 0.001349
239 0.001350
240 0.001324
241 0.001327
242 0.001320
243 0.001303
244 0.001304
245 0.001292
246 0.001280
247 0.001283
248 0.001262
249 0.001259
250 0.001261
251 0.001235
252 0.001237
253 0.001233
254 0.001214
255 0.001216
256 0.001206
257 0.001194
258 0.001196
259 0.001179
260 0.001173
261 0.001176
262 0.001152
263 0.001153
264 0.001151
265 0.001130
266 0.001133
267 0.001124
268 0.001110
269 0.001114
270 0.001099
271 0.001091
272 0.001094
273 0.001073
274 0.001072
275 0.001071
276 0.001051
277 0.001053
278 0.001046
279 0.001031
280 0.001033
281 0.001021
282 0.001012
283 0.001014
284 0.000996
285 0.000993
286 0.000994
287 0.000971
288 0.000973
289 0.000968
290 0.000952
291 0.000953
292 0.000942
293 0.000932
294 0.000933
295 0.000917
296 0.000911
297 0.000913
298 0.000891
299 0.000891
300 0.000887
301 0.000870
302 0.000871
303 0.000861
304 0.000849
305 0.000850
306 0.000836
307 0.000829
308 0.000830
309 0.000811
310 0.000808
311 0.000807
312 0.000788
313 0.000789
314 0.000781
315 0.000768
316 0.000769
317 0.000756
318 0.000748
319 0.000749
320 0.000732
321 0.000729
322 0.000728
323 0.000709
324 0.000709
325 0.000704
326 0.000690
327 0.000690
328 0.000680
329 0.000671
330 0.000671
331 0.000657
