0 0.361342
1 0.000001
2 0.001263
3 0.001263
4 0.001431
5 0.001991
6 0.001989
7 0.002881
8 0.003899
9 0.003894
10 0.004855
11 0.005261
12 0.005252
13 0.006430
14 0.006501
15 0.006683
16 0.007638
17 0.007621
18 0.008026
19 0.008640
20 0.008618
21 0.009197
22 0.009520
23 0.009495
24 0.010199
25 0.010282
26 0.010326
27 0.010955
28 0.010919
29 0.011092
30 0.011473
31 0.011434
32 0.011694
33 0.011882
34 0.011843
35 0.012143
36 0.012189
37 0.012163
38 0.012440
39 0.012408
40 0.012439
41 0.012576
42 0.012551
43 0.012591
44 0.012634
45 0.012616
46 0.012625
47 0.012621
48 0.012609
49 0.012542
50 0.012535
51 0.012503
52 0.012379
53 0.012380
54 0.012273
55 0.012133
56 0.012135
57 0.011909
58 0.011797
59 0.011800
60 0.011411
61 0.011371
62 0.011303
63 0.010849
64 0.010850
65 0.010625
66 0.010236
67 0.010239
68 0.009816
69 0.009535
70 0.009538
71 0.008875
72 0.008745
73 0.008690
74 0.007863
75 0.007868
76 0.007455
77 0.006491
78 0.006497
79 0.006376
80 0.006269
81 0.006276
82 0.005493
83 0.005262
84 0.005270
85 0.005145
86 0.005152
87 0.005128
88 0.005035
89 0.005043
90 0.004989
91 0.004927
92 0.004934
93 0.004852
94 0.004821
95 0.004828
96 0.004717
97 0.004715
98 0.004702
99 0.004604
100 0.004611
101 0.004569
102 0.004501
103 0.004508
104 0.004438
105 0.004400
106 0.004407
107 0.004309
108 0.004300
109 0.004295
110 0.004193
111 0.004200
112 0.004168
113 0.004095
114 0.004103
115 0.004043
116 0.003998
117 0.004005
118 0.003919
119 0.003902
120 0.003906
121 0.003801
122 0.003808
123 0.003784
124 0.003706
125 0.003714
126 0.003664
127 0.003614
128 0.003621
129 0.003545
130 0.003522
131 0.003529
132 0.003427
133 0.003430
134 0.003415
135 0.003333
136 0.003340
137 0.003299
138 0.003243
139 0.003250
140 0.003185
141 0.003155
142 0.003163
143 0.003073
144 0.003069
145 0.003062
146 0.002978
147 0.002985
148 0.002953
149 0.002894
150 0.002901
151 0.002846
152 0.002811
153 0.002817
154 0.002739
155 0.002728
156 0.002728
157 0.002640
158 0.002646
159 0.002623
160 0.002559
161 0.002565
162 0.002519
163 0.002479
164 0.002485
165 0.002415
166 0.002399
167 0.002405
168 0.002314
169 0.002319
170 0.002303
171 0.002236
172 0.002241
173 0.002203
174 0.002158
175 0.002163
176 0.002104
177 0.002081
178 0.002086
179 0.002006
180 0.002004
181 0.001994
182 0.001924
183 0.001928
184 0.001898
185 0.001849
186 0.001854
187 0.001803
188 0.001775
189 0.001779
190 0.001710
191 0.001702
192 0.001697
193 0.001626
194 0.001629
195 0.001605
196 0.001554
197 0.001557
198 0.001515
199 0.001484
200 0.001486
201 0.001427
202 0.001414
203 0.001414
204 0.001342
205 0.001345
206 0.001327
207 0.001275
208 0.001277
209 0.001243
210 0.001208
211 0.001210
212 0.001160
213 0.001143
214 0.001145
215 0.001079
216 0.001079
217 0.001067
218 0.001015
219 0.001016
220 0.000989
221 0.000953
222 0.000955
223 0.000913
224 0.000893
225 0.000895
226 0.000840
227 0.000835
228 0.000828
229 0.000777
230 0.000778
231 0.000758
232 0.000722
233 0.000723
234 0.000690
235 0.000669
236 0.000669
237 0.000625
238 0.000617
239 0.000614
240 0.000567
241 0.000567
242 0.000553
243 0.000519
244 0.000519
245 0.000495
246 0.000473
247 0.000473
248 0.000439
249 0.000429
250 0.000429
251 0.000386
252 0.000386
253 0.000377
254 0.000346
255 0.000347
256 0.000329
257 0.000308
258 0.000309
259 0.000271
260 0.000256
261 0.000256
262 0.000256
263 0.000256
264 0.000245
265 0.000192
266 0.000192
267 0.000193
268 0.000193
269 0.000192
270 0.000151
271 0.000126
272 0.000126
273 0.000127
274 0.000126
275 0.000126
276 0.000127
277 0.000127
278 0.000086
279 0.000004
280 0.000004
281 0.000004
282 0.000004
283 0.000004
284 0.000004
285 0.000004
286 0.000004
287 0.000004
288 0.000004
289 0.000004
290 0.000004
291 0.000004
292 0.000004
293 0.000004
294 0.000004
295 0.000004
296 0.000004
297 0.000004
298 0.000004
299 0.000004
300 0.000004
301 0.000004
302 0.000004
303 0.000493
304 0.001136
305 0.001136
306 0.002518
307 0.003208
308 0.003208
309 0.004805
310 0.004982
311 0.005177
312 0.006457
313 0.006456
314 0.006889
315 0.007637
316 0.007637
317 0.008170
318 0.008526
319 0.008529
320 0.009026
321 0.009130
322 0.009156
323 0.009442
324 0.009453
325 0.009467
326 0.009482
327 0.009502
328 0.009367
329 0.009254
330 0.009286
331 0.008856
