0 0.361343
1 0.000001
2 0.000190
3 0.000191
4 0.000190
5 0.000191
6 0.000191
7 0.000195
8 0.000203
9 0.000203
10 0.000203
11 0.000203
12 0.000203
13 0.000454
14 0.000472
15 0.000472
16 0.000473
17 0.000472
18 0.000541
19 0.000643
20 0.000644
21 0.000644
22 0.000644
23 0.000644
24 0.000783
25 0.000806
26 0.000805
27 0.000806
28 0.000806
29 0.000857
30 0.000957
31 0.000958
32 0.000958
33 0.000959
34 0.000959
35 0.001072
36 0.001101
37 0.001101
38 0.001101
39 0.001102
40 0.001137
41 0.001234
42 0.001235
43 0.001236
44 0.001235
45 0.001236
46 0.001326
47 0.001359
48 0.001359
49 0.001360
50 0.001360
51 0.001384
52 0.001473
53 0.001474
54 0.001475
55 0.001475
56 0.001476
57 0.001545
58 0.001580
59 0.001580
60 0.001582
61 0.001581
62 0.001595
63 0.001675
64 0.001676
65 0.001677
66 0.001678
67 0.001679
68 0.001729
69 0.001763
70 0.001764
71 0.001765
72 0.001766
73 0.001771
74 0.001840
75 0.001841
76 0.001842
77 0.001843
78 0.001844
79 0.001878
80 0.001909
81 0.001910
82 0.001911
83 0.001911
84 0.001913
85 0.001966
86 0.001967
87 0.001968
88 0.001969
89 0.001971
90 0.001991
91 0.002015
92 0.002016
93 0.002017
94 0.002019
95 0.002020
96 0.002051
97 0.002054
98 0.002055
99 0.002056
100 0.002057
101 0.002068
102 0.002082
103 0.002083
104 0.002084
105 0.002085
106 0.002087
107 0.002098
108 0.002101
109 0.002102
110 0.002103
111 0.002104
112 0.002106
113 0.002109
114 0.002109
115 0.002111
116 0.002112
117 0.002113
118 0.002107
119 0.002106
120 0.002108
121 0.002109
122 0.002109
123 0.002106
124 0.002094
125 0.002094
126 0.002095
127 0.002096
128 0.002097
129 0.002077
130 0.002070
131 0.002071
132 0.002071
133 0.002072
134 0.002065
135 0.002036
136 0.002036
137 0.002037
138 0.002038
139 0.002038
140 0.002007
141 0.001991
142 0.001991
143 0.001992
144 0.001993
145 0.001985
146 0.001935
147 0.001936
148 0.001936
149 0.001937
150 0.001937
151 0.001896
152 0.001869
153 0.001868
154 0.001868
155 0.001869
156 0.001863
157 0.001792
158 0.001792
159 0.001792
160 0.001792
161 0.001792
162 0.001763
163 0.001738
164 0.001738
165 0.001738
166 0.001738
167 0.001738
168 0.001713
169 0.001713
170 0.001713
171 0.001713
172 0.001712
173 0.001701
174 0.001688
175 0.001688
176 0.001687
177 0.001687
178 0.001687
179 0.001664
180 0.001663
181 0.001663
182 0.001663
183 0.001662
184 0.001653
185 0.001638
186 0.001638
187 0.001638
188 0.001638
189 0.001638
190 0.001617
191 0.001613
192 0.001613
193 0.001613
194 0.001613
195 0.001606
196 0.001589
197 0.001589
198 0.001589
199 0.001589
200 0.001589
201 0.001570
202 0.001565
203 0.001565
204 0.001565
205 0.001565
206 0.001559
207 0.001542
208 0.001541
209 0.001541
210 0.001541
211 0.001541
212 0.001524
213 0.001517
214 0.001517
215 0.001517
216 0.001517
217 0.001512
218 0.001493
219 0.001493
220 0.001493
221 0.001492
222 0.001493
223 0.001477
224 0.001469
225 0.001469
226 0.001468
227 0.001468
228 0.001465
229 0.001445
230 0.001445
231 0.001445
232 0.001444
233 0.001444
234 0.001430
235 0.001421
236 0.001421
237 0.001421
238 0.001421
239 0.001420
240 0.001398
241 0.001398
242 0.001398
243 0.001398
244 0.001398
245 0.001386
246 0.001376
247 0.001376
248 0.001375
249 0.001375
250 0.001376
251 0.001354
252 0.001354
253 0.001354
254 0.001354
255 0.001354
256 0.001343
257 0.001332
258 0.001332
259 0.001332
260 0.001332
261 0.001332
262 0.001312
263 0.001310
264 0.001311
265 0.001311
266 0.001311
267 0.001302
268 0.001290
269 0.001289
270 0.001289
271 0.001289
272 0.001290
273 0.001271
274 0.001268
275 0.001268
276 0.001268
277 0.001268
278 0.001261
279 0.001247
280 0.001247
281 0.001247
282 0.001247
283 0.001248
284 0.001231
285 0.001227
286 0.001227
287 0.001227
288 0.001227
289 0.001222
290 0.001207
291 0.001206
292 0.001207
293 0.001207
294 0.001207
295 0.001192
296 0.001187
297 0.001187
298 0.001187
299 0.001186
300 0.001182
301 0.001166
302 0.001166
303 0.001167
304 0.001166
305 0.001167
306 0.001154
307 0.001147
308 0.001146
309 0.001146
310 0.001147
311 0.001143
312 0.001127
313 0.001127
314 0.001127
315 0.001127
316 0.001127
317 0.001115
318 0.001107
319 0.001107
320 0.001108
321 0.001107
322 0.001106
323 0.001088
324 0.001088
325 0.001088
326 0.001088
327 0.001088
328 0.001078
329 0.001069
330 0.001069
331 0.001069
