0 0.361343
1 0.000001
2 0.000260
3 0.000260
4 0.000259
5 0.000259
6 0.000259
7 0.000259
8 0.000258
9 0.000258
10 0.000258
11 0.000258
12 0.000257
13 0.000257
14 0.000257
15 0.000257
16 0.000256
17 0.000256
18 0.000256
19 0.000256
20 0.000256
21 0.000545
22 0.000711
23 0.000709
24 0.000708
25 0.000706
26 0.000704
27 0.000702
28 0.000701
29 0.000792
30 0.000975
31 0.000972
32 0.000968
33 0.000965
34 0.000963
35 0.001154
36 0.001198
37 0.001194
38 0.001189
39 0.001185
40 0.001232
41 0.001367
42 0.001362
43 0.001422
44 0.001482
45 0.001476
46 0.001569
47 0.001598
48 0.001590
49 0.001718
50 0.001713
51 0.001734
52 0.001839
53 0.001829
54 0.001882
55 0.001954
56 0.001943
57 0.002032
58 0.002069
59 0.002058
60 0.002181
61 0.002184
62 0.002192
63 0.002311
64 0.002297
65 0.002340
66 0.002423
67 0.002409
68 0.002488
69 0.002536
70 0.002520
71 0.002636
72 0.002646
73 0.002641
74 0.002773
75 0.002756
76 0.002787
77 0.002882
78 0.002864
79 0.002933
80 0.002991
81 0.002972
82 0.003078
83 0.003097
84 0.003078
85 0.003216
86 0.003196
87 0.003212
88 0.003307
89 0.003287
90 0.003335
91 0.003391
92 0.003372
93 0.003448
94 0.003469
95 0.003449
96 0.003552
97 0.003541
98 0.003542
99 0.003627
100 0.003608
101 0.003637
102 0.003689
103 0.003670
104 0.003724
105 0.003747
106 0.003729
107 0.003804
108 0.003801
109 0.003793
110 0.003869
111 0.003851
112 0.003867
113 0.003915
114 0.003899
115 0.003935
116 0.003960
117 0.003943
118 0.003999
119 0.004001
120 0.003988
121 0.004055
122 0.004040
123 0.004047
124 0.004091
125 0.004078
126 0.004102
127 0.004126
128 0.004113
129 0.004152
130 0.004159
131 0.004146
132 0.004199
133 0.004189
134 0.004191
135 0.004230
136 0.004219
137 0.004234
138 0.004257
139 0.004246
140 0.004274
141 0.004283
142 0.004273
143 0.004310
144 0.004306
145 0.004303
146 0.004337
147 0.004328
148 0.004336
149 0.004356
150 0.004348
151 0.004365
152 0.004374
153 0.004367
154 0.004391
155 0.004390
156 0.004386
157 0.004410
158 0.004404
159 0.004407
160 0.004422
161 0.004416
162 0.004424
163 0.004431
164 0.004425
165 0.004438
166 0.004438
167 0.004432
168 0.004447
169 0.004442
170 0.004441
171 0.004449
172 0.004444
173 0.004446
174 0.004449
175 0.004444
176 0.004447
177 0.004446
178 0.004442
179 0.004445
180 0.004442
181 0.004438
182 0.004439
183 0.004435
184 0.004432
185 0.004430
186 0.004426
187 0.004422
188 0.004419
189 0.004417
190 0.004410
191 0.004407
192 0.004404
193 0.004394
194 0.004392
195 0.004387
196 0.004378
197 0.004376
198 0.004367
199 0.004359
200 0.004358
201 0.004343
202 0.004340
203 0.004342
204 0.004327
205 0.004333
206 0.004332
207 0.004315
208 0.004316
209 0.004308
210 0.004300
211 0.004301
212 0.004279
213 0.004272
214 0.004274
215 0.004242
216 0.004243
217 0.004238
218 0.004211
219 0.004214
220 0.004199
221 0.004180
222 0.004183
223 0.004157
224 0.004146
225 0.004150
226 0.004111
227 0.004109
228 0.004106
229 0.004066
230 0.004070
231 0.004054
232 0.004024
233 0.004028
234 0.003998
235 0.003979
236 0.003984
237 0.003937
238 0.003932
239 0.003932
240 0.003876
241 0.003881
242 0.003866
243 0.003823
244 0.003828
245 0.003795
246 0.003766
247 0.003769
248 0.003712
249 0.003698
250 0.003701
251 0.003625
252 0.003628
253 0.003611
254 0.003550
255 0.003553
256 0.003515
257 0.003472
258 0.003474
259 0.003415
260 0.003391
261 0.003393
262 0.003310
263 0.003307
264 0.003293
265 0.003216
266 0.003219
267 0.003181
268 0.003124
269 0.003127
270 0.003064
271 0.003029
272 0.003032
273 0.002942
274 0.002931
275 0.002923
276 0.002827
277 0.002830
278 0.002797
279 0.002725
280 0.002730
281 0.002670
282 0.002625
283 0.002631
284 0.002539
285 0.002520
286 0.002522
287 0.002406
288 0.002411
289 0.002382
290 0.002291
291 0.002297
292 0.002234
293 0.002172
294 0.002177
295 0.002079
296 0.002047
297 0.002052
298 0.001917
299 0.001916
300 0.001891
301 0.001776
302 0.001779
303 0.001717
304 0.001633
305 0.001637
306 0.001535
307 0.001485
308 0.001488
309 0.001345
310 0.001331
311 0.001311
312 0.001169
313 0.001171
314 0.001111
315 0.001004
316 0.001005
317 0.000901
318 0.000832
319 0.000833
320 0.000685
321 0.000656
322 0.000644
323 0.000474
324 0.000474
325 0.000418
326 0.000287
327 0.000287
328 0.000133
329 0.000001
330 0.000001
331 0.000202
