0 0.361342
1 0.000001
2 0.000622
3 0.000624
4 0.000667
5 0.000743
6 0.000927
7 0.001018
8 0.001124
9 0.001239
10 0.001309
11 0.001443
12 0.001479
13 0.001623
14 0.001687
15 0.002357
16 0.002371
17 0.002440
18 0.002464
19 0.002505
20 0.002761
21 0.002964
22 0.002982
23 0.002979
24 0.003326
25 0.003360
26 0.003357
27 0.003390
28 0.003633
29 0.003678
30 0.003796
31 0.003873
32 0.003955
33 0.004063
34 0.004108
35 0.004250
36 0.004257
37 0.004435
38 0.004430
39 0.004595
40 0.004615
41 0.004745
42 0.004802
43 0.004897
44 0.004993
45 0.005052
46 0.005191
47 0.005210
48 0.005394
49 0.005386
50 0.005594
51 0.005582
52 0.005696
53 0.005760
54 0.005917
55 0.006032
56 0.006139
57 0.006297
58 0.006350
59 0.006546
60 0.006548
61 0.006778
62 0.006770
63 0.006958
64 0.006984
65 0.007122
66 0.007172
67 0.007248
68 0.007344
69 0.007394
70 0.007518
71 0.007527
72 0.007680
73 0.007670
74 0.007820
75 0.007822
76 0.007935
77 0.007966
78 0.008045
79 0.008102
80 0.008148
81 0.008230
82 0.008247
83 0.008350
84 0.008341
85 0.008462
86 0.008453
87 0.008544
88 0.008557
89 0.008621
90 0.008654
91 0.008694
92 0.008742
93 0.008761
94 0.008824
95 0.008823
96 0.008898
97 0.008889
98 0.008956
99 0.008954
100 0.009001
101 0.009012
102 0.009040
103 0.009062
104 0.009075
105 0.009104
106 0.009104
107 0.009139
108 0.009128
109 0.009164
110 0.009153
111 0.009176
112 0.009173
113 0.009183
114 0.009184
115 0.009185
116 0.009187
117 0.009181
118 0.009182
119 0.009170
120 0.009168
121 0.009153
122 0.009145
123 0.009129
124 0.009115
125 0.009097
126 0.009078
127 0.009056
128 0.009036
129 0.009007
130 0.008987
131 0.008950
132 0.008930
133 0.008886
134 0.008863
135 0.008819
136 0.008788
137 0.008746
138 0.008706
139 0.008667
140 0.008615
141 0.008581
142 0.008516
143 0.008491
144 0.008410
145 0.008384
146 0.008306
147 0.008269
148 0.008199
149 0.008146
150 0.008085
151 0.008019
152 0.007975
153 0.007895
154 0.007864
155 0.007764
156 0.007744
157 0.007640
158 0.007611
159 0.007517
160 0.007469
161 0.007391
162 0.007322
163 0.007263
164 0.007173
165 0.007134
166 0.007016
167 0.006998
168 0.006856
169 0.006842
170 0.006724
171 0.006689
172 0.006596
173 0.006537
174 0.006471
175 0.006387
176 0.006349
177 0.006237
178 0.006230
179 0.006085
180 0.006093
181 0.005949
182 0.005941
183 0.005825
184 0.005784
185 0.005699
186 0.005621
187 0.005569
188 0.005450
189 0.005434
190 0.005267
191 0.005279
192 0.005067
193 0.005063
194 0.004875
195 0.004818
196 0.004659
197 0.004543
198 0.004418
199 0.004244
200 0.004159
201 0.003924
202 0.003882
203 0.003583
204 0.003550
205 0.003260
206 0.003181
207 0.002933
208 0.002791
209 0.002590
210 0.002381
211 0.002229
212 0.001948
213 0.001849
214 0.001506
215 0.001447
216 0.001035
217 0.000955
218 0.000629
219 0.000350
220 0.000157
221 0.000157
222 0.000157
223 0.000157
224 0.000157
225 0.000264
226 0.000299
227 0.000740
228 0.000778
229 0.000956
230 0.001016
231 0.001167
232 0.001253
233 0.001362
234 0.001478
235 0.001555
236 0.001697
237 0.001742
238 0.001910
239 0.001936
240 0.002104
241 0.002140
242 0.002275
243 0.002336
244 0.002440
245 0.002527
246 0.002601
247 0.002711
248 0.002757
249 0.002889
250 0.002908
251 0.003059
252 0.003075
253 0.003196
254 0.003232
255 0.003323
256 0.003377
257 0.003438
258 0.003508
259 0.003541
260 0.003625
261 0.003631
262 0.003730
263 0.003726
264 0.003818
265 0.003826
266 0.003896
267 0.003922
268 0.003973
269 0.004016
270 0.004048
271 0.004109
272 0.004124
273 0.004201
274 0.004203
275 0.004292
276 0.004297
277 0.004369
278 0.004392
279 0.004449
280 0.004490
281 0.004534
282 0.004591
283 0.004624
284 0.004697
285 0.004720
286 0.004808
287 0.004831
288 0.004917
289 0.004953
290 0.005030
291 0.005081
292 0.005147
293 0.005208
294 0.005256
295 0.005328
296 0.005366
297 0.005450
298 0.005484
299 0.005574
300 0.005613
301 0.005691
302 0.005741
303 0.005810
304 0.005870
305 0.005930
306 0.005999
307 0.006051
308 0.006130
309 0.006174
310 0.006262
311 0.006309
312 0.006399
313 0.006464
314 0.006549
315 0.006623
316 0.006703
317 0.006785
318 0.006859
319 0.006949
320 0.007018
321 0.007114
322 0.007183
323 0.007281
324 0.007354
325 0.007448
326 0.007528
327 0.007619
328 0.007705
329 0.007790
330 0.007879
331 0.007961
