0 0.361342
1 0.000001
2 0.000266
3 0.000266
4 0.000266
5 0.000266
6 0.000266
7 0.000265
8 0.000266
9 0.000266
10 0.000266
11 0.000266
12 0.000266
13 0.000571
14 0.000593
15 0.000593
16 0.000593
17 0.000593
18 0.000658
19 0.000754
20 0.000754
21 0.000820
22 0.000858
23 0.000858
24 0.000947
25 0.000961
26 0.000974
27 0.001094
28 0.001095
29 0.001127
30 0.001191
31 0.001191
32 0.001245
33 0.001286
34 0.001286
35 0.001361
36 0.001379
37 0.001383
38 0.001487
39 0.001487
40 0.001510
41 0.001575
42 0.001575
43 0.001617
44 0.001659
45 0.001659
46 0.001730
47 0.001755
48 0.001754
49 0.001832
50 0.001833
51 0.001848
52 0.001909
53 0.001908
54 0.001943
55 0.001991
56 0.001989
57 0.002036
58 0.002058
59 0.002055
60 0.002124
61 0.002129
62 0.002135
63 0.002192
64 0.002189
65 0.002214
66 0.002258
67 0.002255
68 0.002291
69 0.002314
70 0.002311
71 0.002365
72 0.002374
73 0.002376
74 0.002430
75 0.002427
76 0.002445
77 0.002489
78 0.002487
79 0.002515
80 0.002541
81 0.002540
82 0.002585
83 0.002599
84 0.002599
85 0.002650
86 0.002651
87 0.002664
88 0.002706
89 0.002707
90 0.002729
91 0.002756
92 0.002757
93 0.002793
94 0.002808
95 0.002810
96 0.002852
97 0.002856
98 0.002866
99 0.002905
100 0.002908
101 0.002927
102 0.002953
103 0.002956
104 0.002984
105 0.003002
106 0.003005
107 0.003039
108 0.003046
109 0.003053
110 0.003088
111 0.003091
112 0.003105
113 0.003129
114 0.003131
115 0.003152
116 0.003168
117 0.003171
118 0.003195
119 0.003203
120 0.003206
121 0.003234
122 0.003236
123 0.003244
124 0.003262
125 0.003264
126 0.003277
127 0.003289
128 0.003290
129 0.003305
130 0.003310
131 0.003310
132 0.003327
133 0.003327
134 0.003330
135 0.003341
136 0.003341
137 0.003346
138 0.003355
139 0.003357
140 0.003367
141 0.003373
142 0.003378
143 0.003391
144 0.003397
145 0.003403
146 0.003413
147 0.003419
148 0.003426
149 0.003434
150 0.003439
151 0.003446
152 0.003453
153 0.003460
154 0.003466
155 0.003473
156 0.003481
157 0.003485
158 0.003494
159 0.003500
160 0.003504
161 0.003513
162 0.003517
163 0.003522
164 0.003531
165 0.003532
166 0.003540
167 0.003551
168 0.003549
169 0.003560
170 0.003568
171 0.003567
172 0.003580
173 0.003584
174 0.003588
175 0.003602
176 0.003603
177 0.003615
178 0.003633
179 0.003631
180 0.003649
181 0.003665
182 0.003663
183 0.003684
184 0.003693
185 0.003697
186 0.003719
187 0.003719
188 0.003724
189 0.003737
190 0.003729
191 0.003746
192 0.003766
193 0.003754
194 0.003779
195 0.003790
196 0.003787
197 0.003813
198 0.003812
199 0.003817
200 0.003843
201 0.003829
202 0.003846
203 0.003871
204 0.003845
205 0.003872
206 0.003884
207 0.003869
208 0.003896
209 0.003890
210 0.003884
211 0.003910
212 0.003887
213 0.003894
214 0.003918
215 0.003872
216 0.003894
217 0.003902
218 0.003866
219 0.003889
220 0.003877
221 0.003853
222 0.003875
223 0.003841
224 0.003834
225 0.003854
226 0.003793
227 0.003802
228 0.003808
229 0.003744
230 0.003760
231 0.003739
232 0.003693
233 0.003710
234 0.003666
235 0.003642
236 0.003659
237 0.003585
238 0.003583
239 0.003592
240 0.003504
241 0.003520
242 0.003500
243 0.003433
244 0.003448
245 0.003397
246 0.003354
247 0.003367
248 0.003282
249 0.003264
250 0.003275
251 0.003155
252 0.003166
253 0.003145
254 0.003048
255 0.003057
256 0.003001
257 0.002934
258 0.002945
259 0.002853
260 0.002819
261 0.002829
262 0.002693
263 0.002692
264 0.002676
265 0.002552
266 0.002560
267 0.002503
268 0.002413
269 0.002420
270 0.002317
271 0.002260
272 0.002266
273 0.002124
274 0.002109
275 0.002099
276 0.001944
277 0.001951
278 0.001896
279 0.001778
280 0.001784
281 0.001675
282 0.001593
283 0.001598
284 0.001443
285 0.001407
286 0.001404
287 0.001209
288 0.001212
289 0.001159
290 0.001006
291 0.001008
292 0.000902
293 0.000795
294 0.000796
295 0.000634
296 0.000576
297 0.000576
298 0.000245
299 0.000234
300 0.000234
301 0.000234
302 0.000235
303 0.000167
304 0.000277
305 0.000277
306 0.000639
307 0.000821
308 0.000821
309 0.001291
310 0.001343
311 0.001415
312 0.002020
313 0.002021
314 0.002213
315 0.002545
316 0.002546
317 0.002847
318 0.003047
319 0.003049
320 0.003445
321 0.003526
322 0.003558
323 0.003981
324 0.003983
325 0.004114
326 0.004416
327 0.004421
328 0.004647
329 0.004849
330 0.004863
331 0.005170
