0 0.361343
1 0.000001
2 0.000130
3 0.000130
4 0.000130
5 0.000130
6 0.000130
7 0.000129
8 0.000130
9 0.000130
10 0.000130
11 0.000129
12 0.000129
13 0.000129
14 0.000129
15 0.000129
16 0.000129
17 0.000129
18 0.000129
19 0.000129
20 0.000129
21 0.000129
22 0.000129
23 0.000129
24 0.000129
25 0.000129
26 0.000128
27 0.000129
28 0.000129
29 0.000128
30 0.000128
31 0.000128
32 0.000128
33 0.000128
34 0.000128
35 0.000128
36 0.000128
37 0.000128
38 0.000128
39 0.000128
40 0.000189
41 0.000356
42 0.000355
43 0.000356
44 0.000355
45 0.000354
46 0.000354
47 0.000354
48 0.000353
49 0.000353
50 0.000353
51 0.000352
52 0.000352
53 0.000351
54 0.000351
55 0.000351
56 0.000350
57 0.000442
58 0.000488
59 0.000487
60 0.000486
61 0.000486
62 0.000485
63 0.000484
64 0.000484
65 0.000482
66 0.000482
67 0.000481
68 0.000554
69 0.000601
70 0.000600
71 0.000599
72 0.000598
73 0.000597
74 0.000596
75 0.000595
76 0.000594
77 0.000592
78 0.000591
79 0.000641
80 0.000684
81 0.000684
82 0.000682
83 0.000680
84 0.000679
85 0.000744
86 0.000743
87 0.000741
88 0.000739
89 0.000737
90 0.000768
91 0.000802
92 0.000800
93 0.000799
94 0.000797
95 0.000795
96 0.000858
97 0.000861
98 0.000858
99 0.000856
100 0.000854
101 0.000881
102 0.000922
103 0.000919
104 0.000916
105 0.000914
106 0.000912
107 0.000972
108 0.000979
109 0.000976
110 0.000974
111 0.000971
112 0.000994
113 0.001040
114 0.001037
115 0.001034
116 0.001031
117 0.001028
118 0.001086
119 0.001097
120 0.001094
121 0.001091
122 0.001088
123 0.001106
124 0.001158
125 0.001155
126 0.001151
127 0.001148
128 0.001144
129 0.001198
130 0.001215
131 0.001211
132 0.001208
133 0.001204
134 0.001216
135 0.001275
136 0.001271
137 0.001267
138 0.001262
139 0.001259
140 0.001308
141 0.001331
142 0.001326
143 0.001322
144 0.001318
145 0.001325
146 0.001390
147 0.001385
148 0.001381
149 0.001377
150 0.001373
151 0.001417
152 0.001445
153 0.001440
154 0.001436
155 0.001431
156 0.001432
157 0.001504
158 0.001499
159 0.001494
160 0.001490
161 0.001485
162 0.001524
163 0.001557
164 0.001552
165 0.001547
166 0.001543
167 0.001538
168 0.001611
169 0.001607
170 0.001601
171 0.001597
172 0.001592
173 0.001622
174 0.001657
175 0.001652
176 0.001647
177 0.001642
178 0.001637
179 0.001700
180 0.001699
181 0.001694
182 0.001689
183 0.001685
184 0.001707
185 0.001743
186 0.001738
187 0.001733
188 0.001728
189 0.001723
190 0.001775
191 0.001779
192 0.001774
193 0.001769
194 0.001764
195 0.001780
196 0.001817
197 0.001812
198 0.001807
199 0.001803
200 0.001798
201 0.001841
202 0.001848
203 0.001843
204 0.001838
205 0.001834
206 0.001844
207 0.001881
208 0.001876
209 0.001872
210 0.001867
211 0.001863
212 0.001898
213 0.001908
214 0.001903
215 0.001899
216 0.001894
217 0.001900
218 0.001937
219 0.001933
220 0.001928
221 0.001924
222 0.001920
223 0.001948
224 0.001960
225 0.001956
226 0.001952
227 0.001947
228 0.001950
229 0.001986
230 0.001982
231 0.001978
232 0.001974
233 0.001970
234 0.001993
235 0.002007
236 0.002002
237 0.001999
238 0.001995
239 0.001994
240 0.002029
241 0.002026
242 0.002022
243 0.002018
244 0.002015
245 0.002032
246 0.002047
247 0.002044
248 0.002041
249 0.002037
250 0.002033
251 0.002068
252 0.002064
253 0.002061
254 0.002058
255 0.002054
256 0.002068
257 0.002084
258 0.002081
259 0.002077
260 0.002074
261 0.002071
262 0.002099
263 0.002099
264 0.002096
265 0.002093
266 0.002090
267 0.002100
268 0.002116
269 0.002113
270 0.002110
271 0.002107
272 0.002105
273 0.002127
274 0.002129
275 0.002127
276 0.002124
277 0.002121
278 0.002128
279 0.002144
280 0.002141
281 0.002139
282 0.002137
283 0.002134
284 0.002153
285 0.002155
286 0.002153
287 0.002151
288 0.002149
289 0.002153
290 0.002169
291 0.002167
292 0.002164
293 0.002162
294 0.002160
295 0.002174
296 0.002178
297 0.002176
298 0.002174
299 0.002172
300 0.002174
301 0.002189
302 0.002186
303 0.002185
304 0.002183
305 0.002181
306 0.002192
307 0.002197
308 0.002194
309 0.002193
310 0.002191
311 0.002192
312 0.002204
313 0.002203
314 0.002201
315 0.002200
316 0.002198
317 0.002206
318 0.002210
319 0.002209
320 0.002207
321 0.002206
322 0.002205
323 0.002216
324 0.002215
325 0.002213
326 0.002212
327 0.002210
328 0.002216
329 0.002220
330 0.002218
331 0.002217
