0 0.360557
1 0.000001
2 0.000187
3 0.000187
4 0.000186
5 0.000187
6 0.000186
7 0.000186
8 0.000186
9 0.000186
10 0.000361
11 0.000441
12 0.000440
13 0.000563
14 0.000570
15 0.000591
16 0.000699
17 0.000697
18 0.000747
19 0.000822
20 0.000819
21 0.000897
22 0.000940
23 0.000938
24 0.001041
25 0.001054
26 0.001062
27 0.001167
28 0.001162
29 0.001174
30 0.001208
31 0.001203
32 0.001261
33 0.001304
34 0.001298
35 0.001379
36 0.001395
37 0.001392
38 0.001487
39 0.001480
40 0.001493
41 0.001543
42 0.001535
43 0.001576
44 0.001617
45 0.001608
46 0.001669
47 0.001686
48 0.001676
49 0.001738
50 0.001731
51 0.001739
52 0.001799
53 0.001789
54 0.001815
55 0.001853
56 0.001842
57 0.001875
58 0.001885
59 0.001874
60 0.001934
61 0.001929
62 0.001927
63 0.001981
64 0.001968
65 0.001978
66 0.002003
67 0.001990
68 0.002020
69 0.002034
70 0.002021
71 0.002064
72 0.002062
73 0.002052
74 0.002091
75 0.002077
76 0.002082
77 0.002112
78 0.002098
79 0.002113
80 0.002124
81 0.002111
82 0.002141
83 0.002141
84 0.002128
85 0.002163
86 0.002150
87 0.002149
88 0.002176
89 0.002163
90 0.002172
91 0.002183
92 0.002170
93 0.002191
94 0.002193
95 0.002181
96 0.002207
97 0.002198
98 0.002193
99 0.002217
100 0.002205
101 0.002209
102 0.002219
103 0.002208
104 0.002224
105 0.002228
106 0.002217
107 0.002236
108 0.002229
109 0.002222
110 0.002243
111 0.002232
112 0.002232
113 0.002242
114 0.002234
115 0.002244
116 0.002248
117 0.002238
118 0.002251
119 0.002247
120 0.002238
121 0.002257
122 0.002248
123 0.002246
124 0.002256
125 0.002247
126 0.002251
127 0.002256
128 0.002248
129 0.002259
130 0.002258
131 0.002249
132 0.002266
133 0.002259
134 0.002255
135 0.002264
136 0.002256
137 0.002257
138 0.002262
139 0.002254
140 0.002259
141 0.002258
142 0.002251
143 0.002261
144 0.002255
145 0.002251
146 0.002258
147 0.002251
148 0.002250
149 0.002254
150 0.002247
151 0.002250
152 0.002250
153 0.002244
154 0.002249
155 0.002245
156 0.002240
157 0.002246
158 0.002240
159 0.002237
160 0.002240
161 0.002234
162 0.002234
163 0.002233
164 0.002228
165 0.002230
166 0.002227
167 0.002222
168 0.002227
169 0.002222
170 0.002219
171 0.002221
172 0.002216
173 0.002215
174 0.002214
175 0.002210
176 0.002210
177 0.002207
178 0.002204
179 0.002204
180 0.002201
181 0.002198
182 0.002199
183 0.002196
184 0.002194
185 0.002192
186 0.002189
187 0.002187
188 0.002185
189 0.002182
190 0.002180
191 0.002178
192 0.002176
193 0.002174
194 0.002172
195 0.002169
196 0.002166
197 0.002164
198 0.002161
199 0.002158
200 0.002156
201 0.002151
202 0.002149
203 0.002147
204 0.002143
205 0.002141
206 0.002138
207 0.002133
208 0.002131
209 0.002127
210 0.002123
211 0.002122
212 0.002117
213 0.002114
214 0.002113
215 0.002105
216 0.002104
217 0.002101
218 0.002093
219 0.002092
220 0.002088
221 0.002083
222 0.002083
223 0.002076
224 0.002073
225 0.002074
226 0.002064
227 0.002064
228 0.002063
229 0.002055
230 0.002056
231 0.002053
232 0.002046
233 0.002048
234 0.002041
235 0.002037
236 0.002039
237 0.002030
238 0.002030
239 0.002031
240 0.002018
241 0.002021
242 0.002018
243 0.002009
244 0.002011
245 0.002005
246 0.002000
247 0.002003
248 0.001992
249 0.001991
250 0.001994
251 0.001978
252 0.001982
253 0.001980
254 0.001968
255 0.001972
256 0.001966
257 0.001958
258 0.001962
259 0.001950
260 0.001948
261 0.001951
262 0.001934
263 0.001937
264 0.001937
265 0.001921
266 0.001925
267 0.001920
268 0.001909
269 0.001913
270 0.001901
271 0.001896
272 0.001901
273 0.001882
274 0.001883
275 0.001885
276 0.001865
277 0.001870
278 0.001865
279 0.001850
280 0.001856
281 0.001844
282 0.001836
283 0.001841
284 0.001821
285 0.001820
286 0.001825
287 0.001799
288 0.001804
289 0.001801
290 0.001782
291 0.001787
292 0.001776
293 0.001764
294 0.001769
295 0.001749
296 0.001745
297 0.001751
298 0.001720
299 0.001725
300 0.001723
301 0.001697
302 0.001703
303 0.001692
304 0.001675
305 0.001681
306 0.001661
307 0.001655
308 0.001661
309 0.001624
310 0.001625
311 0.001626
312 0.001596
313 0.001602
314 0.001591
315 0.001569
316 0.001575
317 0.001551
318 0.001537
319 0.001543
320 0.001509
321 0.001506
322 0.001509
323 0.001472
324 0.001478
325 0.001466
326 0.001431
327 0.001437
328 0.001416
329 0.001399
330 0.001405
331 0.001369
