0 0.361343
1 0.000001
2 0.000571
3 0.000575
4 0.000609
5 0.000858
6 0.001416
7 0.001656
8 0.001932
9 0.002234
10 0.002418
11 0.002773
12 0.002876
13 0.003275
14 0.003342
15 0.003706
16 0.003799
17 0.004080
18 0.004219
19 0.004426
20 0.004603
21 0.004745
22 0.004949
23 0.005037
24 0.005259
25 0.005305
26 0.005526
27 0.005568
28 0.005732
29 0.005794
30 0.005909
31 0.005981
32 0.006056
33 0.006129
34 0.006174
35 0.006238
36 0.006263
37 0.006307
38 0.006320
39 0.006335
40 0.006338
41 0.006329
42 0.006315
43 0.006292
44 0.006250
45 0.006222
46 0.006144
47 0.006120
48 0.005996
49 0.005977
50 0.005815
51 0.005777
52 0.005614
53 0.005532
54 0.005383
55 0.005300
56 0.005220
57 0.005170
58 0.005144
59 0.005083
60 0.005069
61 0.004996
62 0.004984
63 0.004921
64 0.004899
65 0.004847
66 0.004814
67 0.004774
68 0.004730
69 0.004701
70 0.004647
71 0.004629
72 0.004564
73 0.004551
74 0.004485
75 0.004467
76 0.004412
77 0.004384
78 0.004340
79 0.004302
80 0.004269
81 0.004221
82 0.004200
83 0.004144
84 0.004133
85 0.004067
86 0.004056
87 0.004002
88 0.003982
89 0.003937
90 0.003908
91 0.003874
92 0.003834
93 0.003810
94 0.003762
95 0.003749
96 0.003691
97 0.003682
98 0.003625
99 0.003610
100 0.003565
101 0.003541
102 0.003504
103 0.003471
104 0.003445
105 0.003402
106 0.003385
107 0.003335
108 0.003325
109 0.003269
110 0.003259
111 0.003212
112 0.003194
113 0.003156
114 0.003129
115 0.003101
116 0.003064
117 0.003043
118 0.002998
119 0.002987
120 0.002935
121 0.002927
122 0.002879
123 0.002866
124 0.002827
125 0.002806
126 0.002777
127 0.002748
128 0.002727
129 0.002692
130 0.002680
131 0.002636
132 0.002631
133 0.002584
134 0.002577
135 0.002539
136 0.002525
137 0.002495
138 0.002474
139 0.002452
140 0.002423
141 0.002411
142 0.002374
143 0.002370
144 0.002327
145 0.002323
146 0.002286
147 0.002277
148 0.002247
149 0.002231
150 0.002209
151 0.002186
152 0.002172
153 0.002142
154 0.002136
155 0.002099
156 0.002097
157 0.002060
158 0.002055
159 0.002026
160 0.002014
161 0.001992
162 0.001974
163 0.001958
164 0.001934
165 0.001926
166 0.001894
167 0.001893
168 0.001855
169 0.001855
170 0.001824
171 0.001817
172 0.001793
173 0.001779
174 0.001763
175 0.001743
176 0.001732
177 0.001706
178 0.001702
179 0.001670
180 0.001670
181 0.001638
182 0.001634
183 0.001610
184 0.001598
185 0.001580
186 0.001564
187 0.001551
188 0.001529
189 0.001523
190 0.001494
191 0.001493
192 0.001460
193 0.001457
194 0.001430
195 0.001421
196 0.001400
197 0.001385
198 0.001369
199 0.001349
200 0.001339
201 0.001312
202 0.001308
203 0.001276
204 0.001273
205 0.001245
206 0.001237
207 0.001214
208 0.001202
209 0.001184
210 0.001166
211 0.001154
212 0.001132
213 0.001124
214 0.001097
215 0.001093
216 0.001065
217 0.001059
218 0.001035
219 0.001026
220 0.001007
221 0.000993
222 0.000979
223 0.000961
224 0.000952
225 0.000930
226 0.000925
227 0.000899
228 0.000895
229 0.000873
230 0.000866
231 0.000847
232 0.000836
233 0.000822
234 0.000807
235 0.000798
236 0.000772
237 0.000764
238 0.000759
239 0.000756
240 0.000717
241 0.000716
242 0.000712
243 0.000697
244 0.000672
245 0.000669
246 0.000666
247 0.000640
248 0.000629
249 0.000621
250 0.000620
251 0.000585
252 0.000584
253 0.000577
254 0.000567
255 0.000544
256 0.000540
257 0.000536
258 0.000513
259 0.000499
260 0.000492
261 0.000490
262 0.000481
263 0.000477
264 0.000442
265 0.000440
266 0.000432
267 0.000428
268 0.000422
269 0.000401
270 0.000384
271 0.000376
272 0.000373
273 0.000364
274 0.000362
275 0.000352
276 0.000344
277 0.000310
278 0.000307
279 0.000298
280 0.000293
281 0.000287
282 0.000279
283 0.000274
284 0.000264
285 0.000262
286 0.000250
287 0.000243
288 0.000202
289 0.000197
290 0.000182
291 0.000182
292 0.000182
293 0.000166
294 0.000154
295 0.000154
296 0.000154
297 0.000129
298 0.000126
299 0.000125
300 0.000118
301 0.000089
302 0.000089
303 0.000089
304 0.000089
305 0.000089
306 0.000016
307 0.000026
308 0.000026
309 0.000026
310 0.000026
311 0.000026
312 0.000026
313 0.000026
314 0.000026
315 0.000282
316 0.000633
317 0.000874
318 0.001034
319 0.001328
320 0.001420
321 0.002001
322 0.002087
323 0.002398
324 0.002486
325 0.002815
326 0.002950
327 0.003176
328 0.003358
329 0.003514
330 0.003740
331 0.003831
