0 0.359945
1 0.000001
2 0.000054
3 0.000054
4 0.000054
5 0.000054
6 0.000054
7 0.000054
8 0.000054
9 0.000054
10 0.000054
11 0.000054
12 0.000054
13 0.000122
14 0.000127
15 0.000127
16 0.000127
17 0.000127
18 0.000145
19 0.000173
20 0.000173
21 0.000173
22 0.000173
23 0.000173
24 0.000212
25 0.000218
26 0.000218
27 0.000218
28 0.000218
29 0.000233
30 0.000261
31 0.000261
32 0.000261
33 0.000261
34 0.000261
35 0.000294
36 0.000303
37 0.000303
38 0.000303
39 0.000303
40 0.000313
41 0.000343
42 0.000343
43 0.000343
44 0.000343
45 0.000343
46 0.000371
47 0.000381
48 0.000381
49 0.000381
50 0.000381
51 0.000388
52 0.000418
53 0.000418
54 0.000418
55 0.000418
56 0.000418
57 0.000441
58 0.000453
59 0.000453
60 0.000453
61 0.000453
62 0.000457
63 0.000486
64 0.000486
65 0.000486
66 0.000486
67 0.000486
68 0.000506
69 0.000518
70 0.000518
71 0.000518
72 0.000518
73 0.000520
74 0.000549
75 0.000548
76 0.000549
77 0.000548
78 0.000549
79 0.000564
80 0.000577
81 0.000577
82 0.000577
83 0.000577
84 0.000577
85 0.000604
86 0.000604
87 0.000604
88 0.000605
89 0.000605
90 0.000616
91 0.000630
92 0.000630
93 0.000630
94 0.000630
95 0.000630
96 0.000653
97 0.000654
98 0.000654
99 0.000655
100 0.000655
101 0.000664
102 0.000677
103 0.000677
104 0.000677
105 0.000678
106 0.000678
107 0.000695
108 0.000698
109 0.000698
110 0.000699
111 0.000699
112 0.000706
113 0.000718
114 0.000718
115 0.000719
116 0.000719
117 0.000719
118 0.000733
119 0.000736
120 0.000737
121 0.000737
122 0.000737
123 0.000741
124 0.000752
125 0.000753
126 0.000753
127 0.000753
128 0.000753
129 0.000763
130 0.000767
131 0.000767
132 0.000768
133 0.000768
134 0.000770
135 0.000780
136 0.000780
137 0.000781
138 0.000781
139 0.000781
140 0.000788
141 0.000792
142 0.000791
143 0.000792
144 0.000792
145 0.000793
146 0.000801
147 0.000801
148 0.000801
149 0.000801
150 0.000802
151 0.000806
152 0.000809
153 0.000809
154 0.000810
155 0.000810
156 0.000810
157 0.000815
158 0.000816
159 0.000816
160 0.000816
161 0.000816
162 0.000818
163 0.000820
164 0.000821
165 0.000821
166 0.000821
167 0.000821
168 0.000825
169 0.000825
170 0.000825
171 0.000825
172 0.000825
173 0.000827
174 0.000829
175 0.000830
176 0.000830
177 0.000830
178 0.000830
179 0.000866
180 0.000869
181 0.000869
182 0.000870
183 0.000870
184 0.000877
185 0.000887
186 0.000887
187 0.000888
188 0.000888
189 0.000888
190 0.000925
191 0.000931
192 0.000932
193 0.000932
194 0.000932
195 0.000939
196 0.000951
197 0.000952
198 0.000952
199 0.000952
200 0.000952
201 0.000975
202 0.000981
203 0.000981
204 0.000981
205 0.000981
206 0.000987
207 0.001002
208 0.001002
209 0.001002
210 0.001003
211 0.001003
212 0.001024
213 0.001031
214 0.001031
215 0.001031
216 0.001031
217 0.001036
218 0.001053
219 0.001053
220 0.001052
221 0.001052
222 0.001053
223 0.001070
224 0.001079
225 0.001079
226 0.001079
227 0.001078
228 0.001081
229 0.001103
230 0.001103
231 0.001102
232 0.001102
233 0.001101
234 0.001116
235 0.001126
236 0.001125
237 0.001125
238 0.001124
239 0.001125
240 0.001148
241 0.001148
242 0.001147
243 0.001147
244 0.001147
245 0.001159
246 0.001170
247 0.001170
248 0.001169
249 0.001169
250 0.001169
251 0.001192
252 0.001192
253 0.001191
254 0.001191
255 0.001190
256 0.001201
257 0.001213
258 0.001212
259 0.001211
260 0.001210
261 0.001210
262 0.001231
263 0.001232
264 0.001232
265 0.001231
266 0.001231
267 0.001239
268 0.001252
269 0.001251
270 0.001251
271 0.001250
272 0.001250
273 0.001269
274 0.001271
275 0.001270
276 0.001270
277 0.001269
278 0.001276
279 0.001289
280 0.001289
281 0.001288
282 0.001287
283 0.001286
284 0.001302
285 0.001306
286 0.001304
287 0.001303
288 0.001303
289 0.001307
290 0.001322
291 0.001321
292 0.001320
293 0.001320
294 0.001319
295 0.001333
296 0.001337
297 0.001336
298 0.001336
299 0.001334
300 0.001337
301 0.001352
302 0.001351
303 0.001350
304 0.001349
305 0.001349
306 0.001360
307 0.001366
308 0.001365
309 0.001364
310 0.001363
311 0.001365
312 0.001380
313 0.001379
314 0.001378
315 0.001378
316 0.001377
317 0.001386
318 0.001393
319 0.001392
320 0.001391
321 0.001390
322 0.001391
323 0.001405
324 0.001404
325 0.001404
326 0.001403
327 0.001402
328 0.001409
329 0.001416
330 0.001415
331 0.001415
