0 0.360557
1 0.000001
2 0.000093
3 0.000093
4 0.000093
5 0.000093
6 0.000093
7 0.000093
8 0.000093
9 0.000093
10 0.000093
11 0.000093
12 0.000093
13 0.000093
14 0.000093
15 0.000093
16 0.000093
17 0.000093
18 0.000141
19 0.000221
20 0.000221
21 0.000220
22 0.000220
23 0.000220
24 0.000277
25 0.000286
26 0.000285
27 0.000285
28 0.000285
29 0.000306
30 0.000349
31 0.000349
32 0.000349
33 0.000348
34 0.000348
35 0.000399
36 0.000411
37 0.000411
38 0.000410
39 0.000410
40 0.000426
41 0.000472
42 0.000470
43 0.000470
44 0.000469
45 0.000469
46 0.000513
47 0.000528
48 0.000527
49 0.000527
50 0.000526
51 0.000537
52 0.000584
53 0.000583
54 0.000582
55 0.000581
56 0.000580
57 0.000596
58 0.000605
59 0.000603
60 0.000602
61 0.000601
62 0.000607
63 0.000654
64 0.000653
65 0.000651
66 0.000650
67 0.000648
68 0.000680
69 0.000700
70 0.000699
71 0.000697
72 0.000695
73 0.000697
74 0.000745
75 0.000743
76 0.000741
77 0.000739
78 0.000738
79 0.000756
80 0.000772
81 0.000771
82 0.000768
83 0.000767
84 0.000765
85 0.000812
86 0.000810
87 0.000807
88 0.000806
89 0.000803
90 0.000823
91 0.000846
92 0.000844
93 0.000842
94 0.000839
95 0.000837
96 0.000869
97 0.000869
98 0.000867
99 0.000864
100 0.000862
101 0.000877
102 0.000901
103 0.000899
104 0.000896
105 0.000894
106 0.000891
107 0.000925
108 0.000928
109 0.000925
110 0.000922
111 0.000920
112 0.000928
113 0.000947
114 0.000945
115 0.000941
116 0.000939
117 0.000936
118 0.000965
119 0.000970
120 0.000967
121 0.000963
122 0.000961
123 0.000968
124 0.000993
125 0.000989
126 0.000986
127 0.000983
128 0.000980
129 0.000999
130 0.001004
131 0.001000
132 0.000997
133 0.000994
134 0.000998
135 0.001023
136 0.001019
137 0.001016
138 0.001013
139 0.001009
140 0.001029
141 0.001036
142 0.001033
143 0.001030
144 0.001026
145 0.001027
146 0.001047
147 0.001044
148 0.001041
149 0.001037
150 0.001034
151 0.001049
152 0.001058
153 0.001055
154 0.001051
155 0.001048
156 0.001046
157 0.001068
158 0.001064
159 0.001061
160 0.001057
161 0.001054
162 0.001066
163 0.001076
164 0.001072
165 0.001069
166 0.001066
167 0.001063
168 0.001084
169 0.001080
170 0.001077
171 0.001074
172 0.001070
173 0.001080
174 0.001090
175 0.001087
176 0.001084
177 0.001080
178 0.001077
179 0.001095
180 0.001093
181 0.001090
182 0.001087
183 0.001084
184 0.001090
185 0.001101
186 0.001098
187 0.001095
188 0.001092
189 0.001089
190 0.001104
191 0.001104
192 0.001100
193 0.001097
194 0.001094
195 0.001099
196 0.001110
197 0.001107
198 0.001104
199 0.001101
200 0.001098
201 0.001111
202 0.001111
203 0.001108
204 0.001106
205 0.001103
206 0.001105
207 0.001119
208 0.001116
209 0.001113
210 0.001110
211 0.001107
212 0.001117
213 0.001119
214 0.001116
215 0.001113
216 0.001111
217 0.001111
218 0.001123
219 0.001120
220 0.001117
221 0.001115
222 0.001112
223 0.001120
224 0.001123
225 0.001120
226 0.001118
227 0.001116
228 0.001116
229 0.001128
230 0.001125
231 0.001123
232 0.001120
233 0.001118
234 0.001124
235 0.001127
236 0.001125
237 0.001122
238 0.001120
239 0.001118
240 0.001130
241 0.001127
242 0.001125
243 0.001123
244 0.001120
245 0.001125
246 0.001129
247 0.001127
248 0.001124
249 0.001122
250 0.001120
251 0.001131
252 0.001129
253 0.001127
254 0.001125
255 0.001123
256 0.001127
257 0.001131
258 0.001130
259 0.001128
260 0.001125
261 0.001123
262 0.001133
263 0.001132
264 0.001130
265 0.001128
266 0.001126
267 0.001128
268 0.001133
269 0.001131
270 0.001129
271 0.001127
272 0.001125
273 0.001132
274 0.001131
275 0.001130
276 0.001128
277 0.001126
278 0.001127
279 0.001132
280 0.001130
281 0.001128
282 0.001126
283 0.001124
284 0.001130
285 0.001130
286 0.001128
287 0.001127
288 0.001125
289 0.001125
290 0.001130
291 0.001128
292 0.001126
293 0.001124
294 0.001123
295 0.001127
296 0.001127
297 0.001126
298 0.001124
299 0.001123
300 0.001122
301 0.001127
302 0.001126
303 0.001124
304 0.001122
305 0.001121
306 0.001124
307 0.001125
308 0.001123
309 0.001122
310 0.001120
311 0.001119
312 0.001123
313 0.001122
314 0.001120
315 0.001119
316 0.001117
317 0.001119
318 0.001120
319 0.001119
320 0.001117
321 0.001116
322 0.001115
323 0.001118
324 0.001117
325 0.001116
326 0.001114
327 0.001113
328 0.001114
329 0.001115
330 0.001114
331 0.001112
