0 0.361342
1 0.000001
2 0.000355
3 0.000355
4 0.000354
5 0.000354
6 0.000354
7 0.000354
8 0.000354
9 0.000354
10 0.000737
11 0.000901
12 0.000899
13 0.000897
14 0.000896
15 0.000945
16 0.001192
17 0.001190
18 0.001263
19 0.001372
20 0.001368
21 0.001478
22 0.001538
23 0.001535
24 0.001676
25 0.001694
26 0.001704
27 0.001841
28 0.001836
29 0.001880
30 0.001973
31 0.001966
32 0.002039
33 0.002092
34 0.002085
35 0.002182
36 0.002201
37 0.002197
38 0.002306
39 0.002297
40 0.002320
41 0.002393
42 0.002385
43 0.002428
44 0.002470
45 0.002461
46 0.002522
47 0.002539
48 0.002530
49 0.002604
50 0.002597
51 0.002604
52 0.002657
53 0.002648
54 0.002668
55 0.002698
56 0.002689
57 0.002721
58 0.002733
59 0.002724
60 0.002763
61 0.002760
62 0.002757
63 0.002789
64 0.002781
65 0.002788
66 0.002804
67 0.002798
68 0.002809
69 0.002815
70 0.002809
71 0.002822
72 0.002820
73 0.002817
74 0.002826
75 0.002824
76 0.002823
77 0.002825
78 0.002823
79 0.002821
80 0.002820
81 0.002818
82 0.002812
83 0.002809
84 0.002808
85 0.002799
86 0.002799
87 0.002797
88 0.002791
89 0.002791
90 0.002788
91 0.002783
92 0.002784
93 0.002780
94 0.002779
95 0.002781
96 0.002775
97 0.002775
98 0.002777
99 0.002772
100 0.002774
101 0.002783
102 0.002796
103 0.002798
104 0.002793
105 0.002790
106 0.002791
107 0.002782
108 0.002781
109 0.002778
110 0.002777
111 0.002776
112 0.002771
113 0.002764
114 0.002762
115 0.002757
116 0.002752
117 0.002752
118 0.002743
119 0.002739
120 0.002738
121 0.002733
122 0.002732
123 0.002728
124 0.002719
125 0.002718
126 0.002714
127 0.002710
128 0.002707
129 0.002698
130 0.002692
131 0.002690
132 0.002683
133 0.002680
134 0.002675
135 0.002665
136 0.002661
137 0.002657
138 0.002652
139 0.002651
140 0.002641
141 0.002636
142 0.002633
143 0.002626
144 0.002623
145 0.002621
146 0.002612
147 0.002611
148 0.002607
149 0.002600
150 0.002599
151 0.002592
152 0.002588
153 0.002586
154 0.002579
155 0.002575
156 0.002573
157 0.002564
158 0.002563
159 0.002559
160 0.002552
161 0.002551
162 0.002545
163 0.002539
164 0.002538
165 0.002530
166 0.002527
167 0.002525
168 0.002514
169 0.002514
170 0.002511
171 0.002501
172 0.002500
173 0.002495
174 0.002488
175 0.002487
176 0.002478
177 0.002473
178 0.002473
179 0.002462
180 0.002460
181 0.002457
182 0.002447
183 0.002445
184 0.002440
185 0.002431
186 0.002431
187 0.002423
188 0.002417
189 0.002417
190 0.002406
191 0.002403
192 0.002401
193 0.002389
194 0.002389
195 0.002384
196 0.002375
197 0.002374
198 0.002367
199 0.002361
200 0.002359
201 0.002349
202 0.002346
203 0.002345
204 0.002332
205 0.002332
206 0.002327
207 0.002318
208 0.002316
209 0.002310
210 0.002303
211 0.002303
212 0.002292
213 0.002288
214 0.002288
215 0.002275
216 0.002274
217 0.002271
218 0.002260
219 0.002260
220 0.002253
221 0.002245
222 0.002246
223 0.002236
224 0.002231
225 0.002231
226 0.002219
227 0.002217
228 0.002215
229 0.002203
230 0.002203
231 0.002198
232 0.002189
233 0.002189
234 0.002181
235 0.002175
236 0.002176
237 0.002163
238 0.002161
239 0.002161
240 0.002147
241 0.002147
242 0.002143
243 0.002132
244 0.002134
245 0.002125
246 0.002119
247 0.002120
248 0.002108
249 0.002105
250 0.002106
251 0.002090
252 0.002091
253 0.002088
254 0.002076
255 0.002077
256 0.002070
257 0.002062
258 0.002063
259 0.002052
260 0.002048
261 0.002049
262 0.002033
263 0.002033
264 0.002031
265 0.002017
266 0.002018
267 0.002012
268 0.002001
269 0.002002
270 0.001991
271 0.001985
272 0.001986
273 0.001970
274 0.001969
275 0.001967
276 0.001951
277 0.001951
278 0.001946
279 0.001934
280 0.001934
281 0.001924
282 0.001916
283 0.001916
284 0.001901
285 0.001898
286 0.001898
287 0.001878
288 0.001879
289 0.001875
290 0.001860
291 0.001861
292 0.001851
293 0.001841
294 0.001842
295 0.001827
296 0.001822
297 0.001823
298 0.001802
299 0.001802
300 0.001799
301 0.001781
302 0.001782
303 0.001774
304 0.001761
305 0.001762
306 0.001747
307 0.001740
308 0.001742
309 0.001721
310 0.001720
311 0.001718
312 0.001698
313 0.001699
314 0.001691
315 0.001676
316 0.001678
317 0.001664
318 0.001655
319 0.001656
320 0.001636
321 0.001633
322 0.001631
323 0.001609
324 0.001609
325 0.001603
326 0.001586
327 0.001586
328 0.001574
329 0.001563
330 0.001563
331 0.001544
