0 0.361343
1 0.000001
2 0.000390
3 0.000389
4 0.000389
5 0.000388
6 0.000387
7 0.000387
8 0.000386
9 0.000386
10 0.000385
11 0.000385
12 0.000385
13 0.000384
14 0.000444
15 0.001066
16 0.001063
17 0.001059
18 0.001056
19 0.001052
20 0.001279
21 0.001458
22 0.001451
23 0.001445
24 0.001753
25 0.001792
26 0.001781
27 0.001822
28 0.002047
29 0.002100
30 0.002219
31 0.002304
32 0.002392
33 0.002510
34 0.002565
35 0.002716
36 0.002737
37 0.002923
38 0.002934
39 0.003106
40 0.003140
41 0.003278
42 0.003345
43 0.003447
44 0.003551
45 0.003616
46 0.003754
47 0.003782
48 0.003958
49 0.003958
50 0.004149
51 0.004159
52 0.004313
53 0.004360
54 0.004475
55 0.004558
56 0.004635
57 0.004749
58 0.004783
59 0.004925
60 0.004920
61 0.005086
62 0.005074
63 0.005208
64 0.005220
65 0.005315
66 0.005356
67 0.005416
68 0.005481
69 0.005510
70 0.005597
71 0.005598
72 0.005705
73 0.005689
74 0.005795
75 0.005789
76 0.005866
77 0.005881
78 0.005933
79 0.005968
80 0.005996
81 0.006049
82 0.006055
83 0.006124
84 0.006111
85 0.006195
86 0.006182
87 0.006244
88 0.006247
89 0.006290
90 0.006309
91 0.006334
92 0.006366
93 0.006376
94 0.006418
95 0.006415
96 0.006467
97 0.006458
98 0.006505
99 0.006502
100 0.006535
101 0.006542
102 0.006562
103 0.006578
104 0.006586
105 0.006607
106 0.006608
107 0.006633
108 0.006627
109 0.006653
110 0.006647
111 0.006664
112 0.006661
113 0.006670
114 0.006671
115 0.006673
116 0.006676
117 0.006673
118 0.006676
119 0.006670
120 0.006671
121 0.006664
122 0.006662
123 0.006655
124 0.006649
125 0.006641
126 0.006634
127 0.006624
128 0.006615
129 0.006601
130 0.006594
131 0.006575
132 0.006569
133 0.006545
134 0.006538
135 0.006516
136 0.006511
137 0.006506
138 0.006496
139 0.006481
140 0.006465
141 0.006458
142 0.006422
143 0.006417
144 0.006371
145 0.006368
146 0.006325
147 0.006314
148 0.006278
149 0.006256
150 0.006228
151 0.006193
152 0.006173
153 0.006124
154 0.006114
155 0.006049
156 0.006046
157 0.005974
158 0.005964
159 0.005903
160 0.005877
161 0.005827
162 0.005784
163 0.005747
164 0.005684
165 0.005659
166 0.005566
167 0.005557
168 0.005444
169 0.005430
170 0.005332
171 0.005297
172 0.005214
173 0.005158
174 0.005092
175 0.005012
176 0.004965
177 0.004860
178 0.004833
179 0.004700
180 0.004682
181 0.004547
182 0.004514
183 0.004399
184 0.004340
185 0.004249
186 0.004163
187 0.004098
188 0.003986
189 0.003949
190 0.003803
191 0.003788
192 0.003614
193 0.003592
194 0.003443
195 0.003387
196 0.003263
197 0.003172
198 0.003075
199 0.002946
200 0.002879
201 0.002709
202 0.002673
203 0.002462
204 0.002432
205 0.002229
206 0.002170
207 0.001997
208 0.001897
209 0.001757
210 0.001613
211 0.001508
212 0.001318
213 0.001250
214 0.001013
215 0.000973
216 0.000711
217 0.000655
218 0.000431
219 0.000277
220 0.000002
221 0.000203
222 0.000396
223 0.000907
224 0.001163
225 0.001766
226 0.001898
227 0.002582
228 0.002690
229 0.003270
230 0.003457
231 0.003913
232 0.004188
233 0.004530
234 0.004883
235 0.005124
236 0.005548
237 0.005699
238 0.006187
239 0.006292
240 0.006773
241 0.006911
242 0.007305
243 0.007514
244 0.007789
245 0.008060
246 0.008314
247 0.008600
248 0.008774
249 0.009128
250 0.009281
251 0.009699
252 0.009865
253 0.010235
254 0.010461
255 0.010799
256 0.011086
257 0.011409
258 0.011753
259 0.012072
260 0.012425
261 0.012692
262 0.013061
263 0.013338
264 0.013680
265 0.013970
266 0.014300
267 0.014617
268 0.014959
269 0.015309
270 0.015680
271 0.015978
272 0.016252
273 0.016335
274 0.016491
275 0.016491
276 0.016664
277 0.016683
278 0.016834
279 0.016894
280 0.017008
281 0.017137
282 0.017201
283 0.017430
284 0.017421
285 0.017779
286 0.017660
287 0.018087
288 0.017987
289 0.018378
290 0.018388
291 0.018672
292 0.018824
293 0.018947
294 0.019286
295 0.019176
296 0.019756
297 0.019301
298 0.020064
299 0.019241
300 0.019829
301 0.019001
302 0.019058
303 0.018248
304 0.017574
305 0.016824
306 0.015196
307 0.014575
308 0.011783
309 0.011405
310 0.007299
311 0.006361
312 0.000034
313 0.000034
314 0.000034
315 0.002229
316 0.004995
317 0.006928
318 0.008218
319 0.010586
320 0.011356
321 0.014133
322 0.014610
323 0.017378
324 0.018031
325 0.020278
326 0.021354
327 0.023112
328 0.024583
329 0.025881
330 0.027727
331 0.028594
