0 0.361342
1 0.000001
2 0.000632
3 0.000631
4 0.000632
5 0.000631
6 0.000631
7 0.000800
8 0.000996
9 0.000995
10 0.000995
11 0.000994
12 0.000994
13 0.001887
14 0.001950
15 0.001949
16 0.001948
17 0.001946
18 0.002221
19 0.002634
20 0.002631
21 0.002630
22 0.002626
23 0.002626
24 0.003174
25 0.003256
26 0.003252
27 0.003249
28 0.003246
29 0.003437
30 0.003821
31 0.003817
32 0.003813
33 0.003808
34 0.003804
35 0.004222
36 0.004322
37 0.004317
38 0.004311
39 0.004307
40 0.004428
41 0.004769
42 0.004764
43 0.004757
44 0.004751
45 0.004745
46 0.005047
47 0.005152
48 0.005146
49 0.005138
50 0.005130
51 0.005197
52 0.005483
53 0.005475
54 0.005466
55 0.005457
56 0.005447
57 0.005648
58 0.005744
59 0.005734
60 0.005725
61 0.005715
62 0.005741
63 0.005959
64 0.005949
65 0.005939
66 0.005929
67 0.005920
68 0.006038
69 0.006113
70 0.006103
71 0.006093
72 0.006084
73 0.006086
74 0.006228
75 0.006219
76 0.006212
77 0.006204
78 0.006197
79 0.006249
80 0.006295
81 0.006288
82 0.006282
83 0.006276
84 0.006270
85 0.006329
86 0.006323
87 0.006319
88 0.006314
89 0.006310
90 0.006314
91 0.006319
92 0.006316
93 0.006313
94 0.006310
95 0.006308
96 0.006277
97 0.006273
98 0.006273
99 0.006272
100 0.006272
101 0.006240
102 0.006194
103 0.006195
104 0.006195
105 0.006196
106 0.006196
107 0.006089
108 0.006073
109 0.006073
110 0.006074
111 0.006074
112 0.006019
113 0.005905
114 0.005906
115 0.005907
116 0.005907
117 0.005908
118 0.005735
119 0.005692
120 0.005694
121 0.005694
122 0.005696
123 0.005625
124 0.005433
125 0.005433
126 0.005434
127 0.005434
128 0.005435
129 0.005208
130 0.005126
131 0.005127
132 0.005128
133 0.005129
134 0.005059
135 0.004775
136 0.004775
137 0.004777
138 0.004778
139 0.004779
140 0.004512
141 0.004380
142 0.004380
143 0.004381
144 0.004382
145 0.004324
146 0.003939
147 0.003940
148 0.003941
149 0.003942
150 0.003944
151 0.003526
152 0.003251
153 0.003251
154 0.003254
155 0.003255
156 0.003249
157 0.003138
158 0.003139
159 0.003140
160 0.003143
161 0.003144
162 0.002870
163 0.002633
164 0.002634
165 0.002636
166 0.002638
167 0.002640
168 0.002576
169 0.002577
170 0.002579
171 0.002581
172 0.002583
173 0.002554
174 0.002520
175 0.002522
176 0.002524
177 0.002526
178 0.002528
179 0.002469
180 0.002466
181 0.002468
182 0.002470
183 0.002472
184 0.002448
185 0.002411
186 0.002413
187 0.002415
188 0.002417
189 0.002418
190 0.002365
191 0.002358
192 0.002360
193 0.002362
194 0.002364
195 0.002344
196 0.002304
197 0.002306
198 0.002308
199 0.002309
200 0.002312
201 0.002263
202 0.002252
203 0.002254
204 0.002256
205 0.002258
206 0.002243
207 0.002200
208 0.002201
209 0.002204
210 0.002205
211 0.002207
212 0.002164
213 0.002150
214 0.002151
215 0.002153
216 0.002155
217 0.002145
218 0.002098
219 0.002100
220 0.002102
221 0.002104
222 0.002105
223 0.002067
224 0.002049
225 0.002051
226 0.002052
227 0.002055
228 0.002048
229 0.001998
230 0.002000
231 0.002002
232 0.002004
233 0.002006
234 0.001972
235 0.001950
236 0.001952
237 0.001954
238 0.001956
239 0.001954
240 0.001901
241 0.001903
242 0.001905
243 0.001907
244 0.001908
245 0.001879
246 0.001854
247 0.001856
248 0.001857
249 0.001859
250 0.001861
251 0.001806
252 0.001808
253 0.001809
254 0.001811
255 0.001813
256 0.001788
257 0.001759
258 0.001761
259 0.001763
260 0.001764
261 0.001767
262 0.001716
263 0.001714
264 0.001716
265 0.001717
266 0.001719
267 0.001698
268 0.001667
269 0.001668
270 0.001670
271 0.001672
272 0.001674
273 0.001628
274 0.001622
275 0.001624
276 0.001626
277 0.001627
278 0.001611
279 0.001576
280 0.001578
281 0.001580
282 0.001581
283 0.001583
284 0.001542
285 0.001533
286 0.001535
287 0.001536
288 0.001538
289 0.001526
290 0.001489
291 0.001490
292 0.001492
293 0.001494
294 0.001496
295 0.001459
296 0.001447
297 0.001448
298 0.001450
299 0.001452
300 0.001443
301 0.001404
302 0.001405
303 0.001407
304 0.001409
305 0.001410
306 0.001378
307 0.001362
308 0.001364
309 0.001365
310 0.001367
311 0.001362
312 0.001320
313 0.001321
314 0.001323
315 0.001324
316 0.001326
317 0.001298
318 0.001279
319 0.001281
320 0.001282
321 0.001284
322 0.001282
323 0.001238
324 0.001239
325 0.001240
326 0.001242
327 0.001244
328 0.001219
329 0.001197
330 0.001199
331 0.001200
