0 0.361342
1 0.000001
2 0.000872
3 0.000947
4 0.001362
5 0.001507
6 0.001828
7 0.002033
8 0.002266
9 0.002520
10 0.002673
11 0.002929
12 0.003004
13 0.003993
14 0.004086
15 0.004347
16 0.004414
17 0.004629
18 0.004836
19 0.005148
20 0.005270
21 0.005367
22 0.005500
23 0.005550
24 0.005790
25 0.005820
26 0.005940
27 0.005945
28 0.006032
29 0.006038
30 0.006068
31 0.006048
32 0.006030
33 0.006029
34 0.006024
35 0.005901
36 0.005866
37 0.005840
38 0.005830
39 0.005786
40 0.005690
41 0.005435
42 0.005401
43 0.005356
44 0.005299
45 0.005263
46 0.004381
47 0.004153
48 0.004047
49 0.004055
50 0.003921
51 0.003912
52 0.003782
53 0.003756
54 0.003706
55 0.003607
56 0.003516
57 0.003476
58 0.003468
59 0.003413
60 0.003419
61 0.003351
62 0.003352
63 0.003261
64 0.003254
65 0.003213
66 0.003173
67 0.003118
68 0.003081
69 0.003057
70 0.002977
71 0.002955
72 0.002888
73 0.002876
74 0.002772
75 0.002755
76 0.002696
77 0.002653
78 0.002585
79 0.002338
80 0.002208
81 0.002123
82 0.002081
83 0.002027
84 0.002012
85 0.001868
86 0.001854
87 0.001807
88 0.001787
89 0.001752
90 0.001711
91 0.001698
92 0.001678
93 0.001665
94 0.001644
95 0.001635
96 0.001645
97 0.001640
98 0.001620
99 0.001640
100 0.001719
101 0.001709
102 0.001698
103 0.001745
104 0.001784
105 0.001695
106 0.001659
107 0.001757
108 0.001769
109 0.001782
110 0.001800
111 0.001902
112 0.001902
113 0.001907
114 0.001969
115 0.002035
116 0.002049
117 0.002056
118 0.002169
119 0.002195
120 0.002221
121 0.002237
122 0.002379
123 0.002387
124 0.002415
125 0.002482
126 0.002577
127 0.002608
128 0.002631
129 0.002754
130 0.002799
131 0.002857
132 0.002871
133 0.003031
134 0.003045
135 0.003105
136 0.003155
137 0.003245
138 0.003306
139 0.003364
140 0.003442
141 0.003481
142 0.003579
143 0.003599
144 0.003714
145 0.003731
146 0.003833
147 0.003866
148 0.003947
149 0.003999
150 0.004063
151 0.004130
152 0.004175
153 0.004261
154 0.004289
155 0.004345
156 0.004364
157 0.004562
158 0.004559
159 0.004549
160 0.004650
161 0.004822
162 0.004785
163 0.004756
164 0.004960
165 0.005056
166 0.004905
167 0.004886
168 0.005202
169 0.005238
170 0.005484
171 0.005368
172 0.005455
173 0.005527
174 0.005649
175 0.005703
176 0.005763
177 0.005781
178 0.005797
179 0.005747
180 0.005736
181 0.005935
182 0.005906
183 0.005848
184 0.005912
185 0.006015
186 0.006064
187 0.006102
188 0.006163
189 0.006185
190 0.006261
191 0.006271
192 0.006351
193 0.006363
194 0.006432
195 0.006454
196 0.006503
197 0.006540
198 0.006579
199 0.006624
200 0.006646
201 0.006703
202 0.006711
203 0.006780
204 0.006783
205 0.006840
206 0.006851
207 0.006898
208 0.006918
209 0.006948
210 0.006978
211 0.006996
212 0.007074
213 0.007094
214 0.007233
215 0.007244
216 0.007386
217 0.007401
218 0.007511
219 0.007548
220 0.007628
221 0.007684
222 0.007736
223 0.007810
224 0.007835
225 0.007924
226 0.007925
227 0.008025
228 0.008019
229 0.008097
230 0.008102
231 0.008154
232 0.008173
233 0.008204
234 0.008239
235 0.008253
236 0.008301
237 0.008302
238 0.008342
239 0.008337
240 0.008439
241 0.008402
242 0.008378
243 0.008371
244 0.008391
245 0.008351
246 0.008308
247 0.008318
248 0.008294
249 0.008254
250 0.008203
251 0.008232
252 0.008179
253 0.008129
254 0.008096
255 0.008089
256 0.008026
257 0.007964
258 0.007950
259 0.007924
260 0.007913
261 0.007874
262 0.007778
263 0.007726
264 0.007707
265 0.007662
266 0.007631
267 0.007544
268 0.007441
269 0.007386
270 0.007327
271 0.007267
272 0.007203
273 0.007144
274 0.007072
275 0.006897
276 0.006829
277 0.006765
278 0.006704
279 0.006652
280 0.006611
281 0.006576
282 0.006536
283 0.006500
284 0.006340
285 0.006277
286 0.006230
287 0.006196
288 0.006151
289 0.006119
290 0.006085
291 0.006048
292 0.006008
293 0.005965
294 0.005928
295 0.005892
296 0.005864
297 0.005820
298 0.005795
299 0.005756
300 0.005737
301 0.005716
302 0.005634
303 0.005507
304 0.005494
305 0.005484
306 0.005484
307 0.005484
308 0.005476
309 0.005474
310 0.005467
311 0.005466
312 0.005462
313 0.005466
314 0.005474
315 0.005477
316 0.005484
317 0.005493
318 0.005506
319 0.005518
320 0.005538
321 0.005554
322 0.005576
323 0.005602
324 0.005628
325 0.005646
326 0.005681
327 0.005723
328 0.005750
329 0.005780
330 0.005830
331 0.005881
