0 0.361111
1 0.000001
2 0.000778
3 0.000830
4 0.001128
5 0.001235
6 0.001476
7 0.001631
8 0.001809
9 0.002003
10 0.002122
11 0.002326
12 0.002386
13 0.003214
14 0.003293
15 0.003494
16 0.003546
17 0.003710
18 0.003882
19 0.004142
20 0.004231
21 0.004303
22 0.004404
23 0.004443
24 0.004644
25 0.004673
26 0.004770
27 0.004783
28 0.004861
29 0.004877
30 0.004914
31 0.004909
32 0.004905
33 0.004916
34 0.004920
35 0.004809
36 0.004779
37 0.004757
38 0.004748
39 0.004708
40 0.004615
41 0.004372
42 0.004334
43 0.004283
44 0.004220
45 0.004172
46 0.003335
47 0.003116
48 0.002986
49 0.002965
50 0.002822
51 0.002783
52 0.002624
53 0.002562
54 0.002452
55 0.002361
56 0.002278
57 0.002237
58 0.002218
59 0.002168
60 0.002159
61 0.002104
62 0.002093
63 0.002022
64 0.002008
65 0.001971
66 0.001937
67 0.001895
68 0.001865
69 0.001845
70 0.001789
71 0.001772
72 0.001729
73 0.001722
74 0.001656
75 0.001646
76 0.001608
77 0.001583
78 0.001543
79 0.001330
80 0.001251
81 0.001195
82 0.001169
83 0.001135
84 0.001128
85 0.001053
86 0.001046
87 0.001021
88 0.001009
89 0.000987
90 0.000989
91 0.001034
92 0.001035
93 0.001035
94 0.001044
95 0.001045
96 0.001176
97 0.001185
98 0.001203
99 0.001241
100 0.001372
101 0.001382
102 0.001399
103 0.001498
104 0.001578
105 0.001551
106 0.001539
107 0.001700
108 0.001724
109 0.001759
110 0.001790
111 0.001943
112 0.001954
113 0.001979
114 0.002068
115 0.002161
116 0.002187
117 0.002201
118 0.002346
119 0.002380
120 0.002423
121 0.002443
122 0.002602
123 0.002613
124 0.002649
125 0.002721
126 0.002821
127 0.002851
128 0.002873
129 0.002995
130 0.003039
131 0.003091
132 0.003103
133 0.003256
134 0.003268
135 0.003321
136 0.003367
137 0.003452
138 0.003507
139 0.003561
140 0.003633
141 0.003669
142 0.003758
143 0.003777
144 0.003883
145 0.003899
146 0.003992
147 0.004022
148 0.004098
149 0.004145
150 0.004204
151 0.004267
152 0.004309
153 0.004388
154 0.004413
155 0.004466
156 0.004484
157 0.004668
158 0.004664
159 0.004657
160 0.004752
161 0.004911
162 0.004882
163 0.004861
164 0.005040
165 0.005124
166 0.005021
167 0.005011
168 0.005273
169 0.005299
170 0.005484
171 0.005434
172 0.005658
173 0.005696
174 0.005774
175 0.005777
176 0.005801
177 0.005743
178 0.005736
179 0.005599
180 0.005601
181 0.005993
182 0.005946
183 0.005829
184 0.005905
185 0.006025
186 0.006071
187 0.006106
188 0.006161
189 0.006180
190 0.006250
191 0.006259
192 0.006330
193 0.006340
194 0.006404
195 0.006423
196 0.006466
197 0.006500
198 0.006536
199 0.006576
200 0.006594
201 0.006645
202 0.006652
203 0.006713
204 0.006715
205 0.006765
206 0.006774
207 0.006815
208 0.006832
209 0.006858
210 0.006884
211 0.006899
212 0.006928
213 0.006930
214 0.006960
215 0.006951
216 0.006977
217 0.006967
218 0.006980
219 0.006973
220 0.006975
221 0.006976
222 0.006976
223 0.006978
224 0.006971
225 0.006973
226 0.006961
227 0.006962
228 0.006948
229 0.006944
230 0.006930
231 0.006921
232 0.006907
233 0.006894
234 0.006872
235 0.006847
236 0.006820
237 0.006792
238 0.006759
239 0.006729
240 0.006699
241 0.006665
242 0.006621
243 0.006586
244 0.006548
245 0.006502
246 0.006458
247 0.006410
248 0.006376
249 0.006332
250 0.006303
251 0.006247
252 0.006216
253 0.006168
254 0.006131
255 0.006082
256 0.006042
257 0.006001
258 0.005954
259 0.005917
260 0.005874
261 0.005848
262 0.005783
263 0.005761
264 0.005718
265 0.005697
266 0.005659
267 0.005638
268 0.005615
269 0.005601
270 0.005589
271 0.005579
272 0.005607
273 0.005642
274 0.005764
275 0.005921
276 0.006241
277 0.005917
278 0.005271
279 0.005220
280 0.005189
281 0.005171
282 0.005171
283 0.005191
284 0.005112
285 0.005058
286 0.004666
287 0.004365
288 0.004281
289 0.004228
290 0.004147
291 0.004097
292 0.004041
293 0.003984
294 0.003936
295 0.003865
296 0.003824
297 0.003751
298 0.003720
299 0.003644
300 0.003609
301 0.003537
302 0.003492
303 0.003435
304 0.003388
305 0.003343
306 0.003282
307 0.003243
308 0.003186
309 0.003161
310 0.003102
311 0.003082
312 0.003035
313 0.003009
314 0.002964
315 0.002912
316 0.002857
317 0.002919
318 0.002961
319 0.002865
320 0.002846
321 0.002936
322 0.002932
323 0.002894
324 0.002916
325 0.003003
326 0.003016
327 0.003073
328 0.003139
329 0.003199
330 0.003281
331 0.003329
