0 0.360182
1 0.000001
2 0.000185
3 0.000185
4 0.000185
5 0.000179
6 0.000173
7 0.000174
8 0.000259
9 0.000316
10 0.000352
11 0.000425
12 0.000446
13 0.000542
14 0.000548
15 0.000580
16 0.000597
17 0.000655
18 0.000689
19 0.000741
20 0.000741
21 0.000743
22 0.000800
23 0.000822
24 0.000873
25 0.000881
26 0.000956
27 0.000960
28 0.000985
29 0.001007
30 0.001054
31 0.001079
32 0.001106
33 0.001134
34 0.001148
35 0.001188
36 0.001195
37 0.001255
38 0.001257
39 0.001286
40 0.001297
41 0.001334
42 0.001353
43 0.001381
44 0.001397
45 0.001407
46 0.001440
47 0.001449
48 0.001488
49 0.001490
50 0.001517
51 0.001520
52 0.001553
53 0.001558
54 0.001575
55 0.001591
56 0.001605
57 0.001621
58 0.001624
59 0.001651
60 0.001651
61 0.001673
62 0.001671
63 0.001697
64 0.001697
65 0.001709
66 0.001717
67 0.001729
68 0.001737
69 0.001739
70 0.001756
71 0.001756
72 0.001770
73 0.001766
74 0.001787
75 0.001784
76 0.001794
77 0.001797
78 0.001807
79 0.001810
80 0.001812
81 0.001824
82 0.001824
83 0.001834
84 0.001829
85 0.001848
86 0.001843
87 0.001853
88 0.001852
89 0.001863
90 0.001865
91 0.001869
92 0.001878
93 0.001880
94 0.001891
95 0.001890
96 0.001908
97 0.001906
98 0.001921
99 0.001921
100 0.001936
101 0.001940
102 0.001948
103 0.001957
104 0.001963
105 0.001975
106 0.001976
107 0.001993
108 0.001992
109 0.002010
110 0.002009
111 0.002025
112 0.002028
113 0.002038
114 0.002046
115 0.002053
116 0.002063
117 0.002066
118 0.002080
119 0.002080
120 0.002098
121 0.002096
122 0.002113
123 0.002114
124 0.002126
125 0.002131
126 0.002139
127 0.002148
128 0.002153
129 0.002165
130 0.002167
131 0.002182
132 0.002181
133 0.002198
134 0.002199
135 0.002213
136 0.002217
137 0.002227
138 0.002235
139 0.002242
140 0.002253
141 0.002258
142 0.002273
143 0.002274
144 0.002293
145 0.002295
146 0.002312
147 0.002317
148 0.002331
149 0.002340
150 0.002352
151 0.002365
152 0.002375
153 0.002381
154 0.002387
155 0.002440
156 0.002440
157 0.002665
158 0.002656
159 0.002621
160 0.002607
161 0.002598
162 0.002592
163 0.002605
164 0.002623
165 0.002645
166 0.002700
167 0.002718
168 0.002810
169 0.002755
170 0.002667
171 0.002680
172 0.002702
173 0.002720
174 0.002741
175 0.002761
176 0.002777
177 0.002804
178 0.002817
179 0.002844
180 0.002857
181 0.002887
182 0.002901
183 0.002925
184 0.002944
185 0.002967
186 0.002988
187 0.003006
188 0.003033
189 0.003050
190 0.003078
191 0.003091
192 0.003127
193 0.003140
194 0.003168
195 0.003187
196 0.003217
197 0.003238
198 0.003260
199 0.003289
200 0.003310
201 0.003339
202 0.003354
203 0.003395
204 0.003410
205 0.003450
206 0.003467
207 0.003495
208 0.003521
209 0.003552
210 0.003585
211 0.003611
212 0.003641
213 0.003659
214 0.003705
215 0.003723
216 0.003772
217 0.003789
218 0.003824
219 0.003850
220 0.003891
221 0.003925
222 0.003959
223 0.003992
224 0.004015
225 0.004069
226 0.004089
227 0.004155
228 0.004173
229 0.004233
230 0.004252
231 0.004285
232 0.004319
233 0.004361
234 0.004404
235 0.004436
236 0.004489
237 0.004511
238 0.004574
239 0.004581
240 0.004543
241 0.004560
242 0.004613
243 0.004640
244 0.004684
245 0.004720
246 0.004753
247 0.004800
248 0.004822
249 0.004914
250 0.004930
251 0.004920
252 0.004957
253 0.005160
254 0.005154
255 0.005144
256 0.005140
257 0.005135
258 0.005134
259 0.005132
260 0.005131
261 0.005130
262 0.004672
263 0.004628
264 0.004540
265 0.004510
266 0.004459
267 0.004431
268 0.004405
269 0.004386
270 0.004371
271 0.004365
272 0.004349
273 0.004357
274 0.004335
275 0.004354
276 0.004330
277 0.004343
278 0.004326
279 0.004327
280 0.004317
281 0.004309
282 0.004305
283 0.004287
284 0.004291
285 0.004263
286 0.004274
287 0.004243
288 0.004248
289 0.004221
290 0.004217
291 0.004196
292 0.004183
293 0.004168
294 0.004147
295 0.004139
296 0.004109
297 0.004105
298 0.004071
299 0.004071
300 0.004039
301 0.004032
302 0.004008
303 0.003996
304 0.003994
305 0.003993
306 0.003977
307 0.003953
308 0.003952
309 0.003927
310 0.003909
311 0.003883
312 0.003886
313 0.003863
314 0.003850
315 0.003838
316 0.003832
317 0.003809
318 0.003787
319 0.003791
320 0.003781
321 0.003765
322 0.003752
323 0.003766
324 0.003750
325 0.003728
326 0.003732
327 0.003744
328 0.003724
329 0.003708
330 0.003712
331 0.003714
