0 0.361342
1 0.000001
2 0.000153
3 0.000153
4 0.000154
5 0.000153
6 0.000153
7 0.000153
8 0.000153
9 0.000153
10 0.000153
11 0.000153
12 0.000153
13 0.000153
14 0.000178
15 0.000430
16 0.000431
17 0.000431
18 0.000430
19 0.000430
20 0.000527
21 0.000604
22 0.000604
23 0.000604
24 0.000703
25 0.000720
26 0.000799
27 0.000814
28 0.000883
29 0.000912
30 0.000971
31 0.001015
32 0.001061
33 0.001122
34 0.001156
35 0.001234
36 0.001253
37 0.001350
38 0.001366
39 0.001459
40 0.001487
41 0.001566
42 0.001613
43 0.001677
44 0.001743
45 0.001791
46 0.001878
47 0.001909
48 0.002016
49 0.002035
50 0.002154
51 0.002178
52 0.002281
53 0.002327
54 0.002411
55 0.002478
56 0.002543
57 0.002629
58 0.002671
59 0.002773
60 0.002794
61 0.002911
62 0.002927
63 0.003026
64 0.003057
65 0.003134
66 0.003180
67 0.003238
68 0.003297
69 0.003336
70 0.003408
71 0.003430
72 0.003512
73 0.003525
74 0.003605
75 0.003622
76 0.003685
77 0.003713
78 0.003761
79 0.003799
80 0.003833
81 0.003880
82 0.003901
83 0.003954
84 0.003965
85 0.004024
86 0.004034
87 0.004080
88 0.004117
89 0.004154
90 0.004183
91 0.004222
92 0.004263
93 0.004282
94 0.004327
95 0.004362
96 0.004389
97 0.004394
98 0.004417
99 0.004423
100 0.004438
101 0.004445
102 0.004456
103 0.004464
104 0.004472
105 0.004477
106 0.004482
107 0.004486
108 0.004489
109 0.004487
110 0.004490
111 0.004487
112 0.004484
113 0.004477
114 0.004472
115 0.004464
116 0.004449
117 0.004435
118 0.004419
119 0.004416
120 0.004384
121 0.004381
122 0.004346
123 0.004338
124 0.004307
125 0.004289
126 0.004263
127 0.004234
128 0.004214
129 0.004172
130 0.004160
131 0.004104
132 0.004098
133 0.004033
134 0.004022
135 0.003964
136 0.003939
137 0.003890
138 0.003850
139 0.003813
140 0.003762
141 0.003743
142 0.003673
143 0.003668
144 0.003577
145 0.003573
146 0.003488
147 0.003466
148 0.003394
149 0.003351
150 0.003294
151 0.003227
152 0.003186
153 0.003094
154 0.003072
155 0.002951
156 0.002940
157 0.002809
158 0.002785
159 0.002672
160 0.002620
161 0.002527
162 0.002445
163 0.002373
164 0.002259
165 0.002211
166 0.002062
167 0.002039
168 0.001854
169 0.001829
170 0.001666
171 0.001607
172 0.001470
173 0.001374
174 0.001264
175 0.001131
176 0.001051
177 0.000878
178 0.000830
179 0.000616
180 0.000580
181 0.000365
182 0.000275
183 0.000008
184 0.000008
185 0.000008
186 0.000991
187 0.001777
188 0.002553
189 0.002863
190 0.003741
191 0.003887
192 0.004800
193 0.004940
194 0.005640
195 0.005887
196 0.006399
197 0.006732
198 0.007078
199 0.007476
200 0.007681
201 0.008124
202 0.008216
203 0.008692
204 0.008745
205 0.009129
206 0.009216
207 0.009487
208 0.009612
209 0.009791
210 0.009936
211 0.010043
212 0.010188
213 0.010258
214 0.010421
215 0.010510
216 0.010670
217 0.010793
218 0.010946
219 0.011108
220 0.011284
221 0.011473
222 0.011718
223 0.011957
224 0.012373
225 0.012685
226 0.013270
227 0.013505
228 0.014114
229 0.014295
230 0.014909
231 0.015384
232 0.016186
233 0.017032
234 0.017933
235 0.019297
236 0.019999
237 0.021652
238 0.021484
239 0.022942
240 0.021701
241 0.022335
242 0.020621
243 0.020016
244 0.018066
245 0.016055
246 0.014156
247 0.010673
248 0.009131
249 0.004092
250 0.003170
251 0.000251
252 0.000773
253 0.004470
254 0.005332
255 0.007235
256 0.008444
257 0.009808
258 0.011309
259 0.012172
260 0.013908
261 0.014305
262 0.016235
263 0.016377
264 0.018016
265 0.018221
266 0.019327
267 0.019630
268 0.020191
269 0.020526
270 0.020575
271 0.020807
272 0.020328
273 0.020395
274 0.019602
275 0.019589
276 0.018818
277 0.018571
278 0.017846
279 0.017306
280 0.016572
281 0.015843
282 0.015278
283 0.014810
284 0.014726
285 0.014572
286 0.014791
287 0.014951
288 0.015157
289 0.015178
290 0.015280
291 0.015229
292 0.015216
293 0.015286
294 0.015375
295 0.015529
296 0.015669
297 0.015921
298 0.016144
299 0.015803
300 0.014806
301 0.013762
302 0.012987
303 0.012589
304 0.012517
305 0.012453
306 0.012310
307 0.012211
308 0.012103
309 0.012096
310 0.011959
311 0.011940
312 0.011796
313 0.012092
314 0.012691
315 0.013610
316 0.014698
317 0.015842
318 0.017048
319 0.017891
320 0.018702
321 0.018655
322 0.018660
323 0.017828
324 0.017260
325 0.016201
326 0.015394
327 0.014417
328 0.014093
329 0.014217
330 0.014155
331 0.014415
