0 0.361342
1 0.000001
2 0.000533
3 0.000531
4 0.000531
5 0.000531
6 0.000530
7 0.000913
8 0.001350
9 0.001346
10 0.001343
11 0.001689
12 0.001784
13 0.002040
14 0.002074
15 0.002309
16 0.002361
17 0.002541
18 0.002625
19 0.002754
20 0.002866
21 0.002951
22 0.003085
23 0.003129
24 0.003282
25 0.003296
26 0.003454
27 0.003467
28 0.003585
29 0.003618
30 0.003701
31 0.003751
32 0.003803
33 0.003866
34 0.003891
35 0.003964
36 0.003967
37 0.004045
38 0.004040
39 0.004101
40 0.004103
41 0.004142
42 0.004152
43 0.004175
44 0.004191
45 0.004199
46 0.004217
47 0.004216
48 0.004233
49 0.004228
50 0.004240
51 0.004236
52 0.004239
53 0.004234
54 0.004231
55 0.004223
56 0.004215
57 0.004205
58 0.004201
59 0.004191
60 0.004189
61 0.004178
62 0.004178
63 0.004171
64 0.004172
65 0.004166
66 0.004165
67 0.004163
68 0.004184
69 0.004200
70 0.004191
71 0.004189
72 0.004175
73 0.004171
74 0.004168
75 0.004160
76 0.004148
77 0.004140
78 0.004131
79 0.004120
80 0.004110
81 0.004104
82 0.004099
83 0.004083
84 0.004077
85 0.004067
86 0.004059
87 0.004041
88 0.004033
89 0.004022
90 0.004010
91 0.003994
92 0.003985
93 0.003978
94 0.003960
95 0.003953
96 0.003939
97 0.003934
98 0.003919
99 0.003914
100 0.003901
101 0.003893
102 0.003883
103 0.003874
104 0.003864
105 0.003852
106 0.003846
107 0.003831
108 0.003828
109 0.003811
110 0.003807
111 0.003792
112 0.003784
113 0.003772
114 0.003762
115 0.003753
116 0.003740
117 0.003732
118 0.003717
119 0.003712
120 0.003693
121 0.003688
122 0.003671
123 0.003663
124 0.003649
125 0.003640
126 0.003627
127 0.003615
128 0.003606
129 0.003590
130 0.003584
131 0.003566
132 0.003562
133 0.003543
134 0.003537
135 0.003521
136 0.003513
137 0.003499
138 0.003487
139 0.003477
140 0.003463
141 0.003455
142 0.003438
143 0.003434
144 0.003413
145 0.003409
146 0.003391
147 0.003385
148 0.003370
149 0.003360
150 0.003349
151 0.003336
152 0.003328
153 0.003311
154 0.003307
155 0.003287
156 0.003284
157 0.003264
158 0.003260
159 0.003243
160 0.003236
161 0.003222
162 0.003211
163 0.003201
164 0.003186
165 0.003181
166 0.003162
167 0.003160
168 0.003137
169 0.003135
170 0.003116
171 0.003111
172 0.003095
173 0.003085
174 0.003073
175 0.003060
176 0.003052
177 0.003032
178 0.003029
179 0.003005
180 0.003002
181 0.002978
182 0.002974
183 0.002954
184 0.002944
185 0.002928
186 0.002913
187 0.002902
188 0.002882
189 0.002876
190 0.002851
191 0.002848
192 0.002819
193 0.002816
194 0.002792
195 0.002783
196 0.002763
197 0.002749
198 0.002734
199 0.002714
200 0.002705
201 0.002680
202 0.002675
203 0.002644
204 0.002641
205 0.002611
206 0.002605
207 0.002580
208 0.002568
209 0.002549
210 0.002530
211 0.002517
212 0.002492
213 0.002484
214 0.002453
215 0.002449
216 0.002415
217 0.002408
218 0.002379
219 0.002368
220 0.002345
221 0.002326
222 0.002308
223 0.002283
224 0.002271
225 0.002240
226 0.002235
227 0.002196
228 0.002191
229 0.002157
230 0.002146
231 0.002118
232 0.002100
233 0.002078
234 0.002054
235 0.002039
236 0.002007
237 0.001997
238 0.001959
239 0.001953
240 0.001913
241 0.001905
242 0.001872
243 0.001856
244 0.001828
245 0.001805
246 0.001785
247 0.001755
248 0.001742
249 0.001704
250 0.001698
251 0.001652
252 0.001646
253 0.001606
254 0.001591
255 0.001560
256 0.001538
257 0.001514
258 0.001484
259 0.001467
260 0.001429
261 0.001419
262 0.001372
263 0.001365
264 0.001321
265 0.001308
266 0.001271
267 0.001251
268 0.001221
269 0.001193
270 0.001171
271 0.001134
272 0.001120
273 0.001073
274 0.001065
275 0.001014
276 0.001004
277 0.000961
278 0.000943
279 0.000908
280 0.000882
281 0.000854
282 0.000817
283 0.000797
284 0.000757
285 0.000748
286 0.000689
287 0.000681
288 0.000636
289 0.000620
290 0.000574
291 0.000550
292 0.000519
293 0.000480
294 0.000452
295 0.000395
296 0.000375
297 0.000373
298 0.000366
299 0.000224
300 0.000224
301 0.000222
302 0.000188
303 0.000126
304 0.000126
305 0.000128
306 0.000136
307 0.000142
308 0.000147
309 0.000149
310 0.000176
311 0.000176
312 0.000183
313 0.000192
314 0.000216
315 0.000231
316 0.000250
317 0.000271
318 0.000286
319 0.000312
320 0.000321
321 0.000352
322 0.000357
323 0.000393
324 0.000400
325 0.000425
326 0.000437
327 0.000456
328 0.000472
329 0.000486
330 0.000507
331 0.000517
