0 0.361111
1 0.000001
2 0.000260
3 0.000260
4 0.000259
5 0.000260
6 0.000260
7 0.000313
8 0.000376
9 0.000377
10 0.000376
11 0.000376
12 0.000376
13 0.000485
14 0.000493
15 0.000493
16 0.000492
17 0.000493
18 0.000537
19 0.000604
20 0.000604
21 0.000604
22 0.000604
23 0.000604
24 0.000694
25 0.000708
26 0.000709
27 0.000708
28 0.000708
29 0.000737
30 0.000798
31 0.000797
32 0.000797
33 0.000797
34 0.000797
35 0.001033
36 0.001095
37 0.001094
38 0.001094
39 0.001094
40 0.001113
41 0.001168
42 0.001168
43 0.001167
44 0.001167
45 0.001167
46 0.001221
47 0.001241
48 0.001240
49 0.001240
50 0.001240
51 0.001269
52 0.001386
53 0.001386
54 0.001385
55 0.001385
56 0.001384
57 0.001421
58 0.001440
59 0.001440
60 0.001439
61 0.001439
62 0.001445
63 0.001487
64 0.001487
65 0.001487
66 0.001487
67 0.001486
68 0.001533
69 0.001564
70 0.001564
71 0.001563
72 0.001563
73 0.001565
74 0.001597
75 0.001597
76 0.001596
77 0.001596
78 0.001595
79 0.001613
80 0.001628
81 0.001627
82 0.001627
83 0.001626
84 0.001626
85 0.001646
86 0.001646
87 0.001645
88 0.001644
89 0.001644
90 0.001643
91 0.001643
92 0.001642
93 0.001642
94 0.001642
95 0.001641
96 0.001648
97 0.001648
98 0.001647
99 0.001647
100 0.001647
101 0.001628
102 0.001601
103 0.001601
104 0.001601
105 0.001600
106 0.001600
107 0.001594
108 0.001592
109 0.001592
110 0.001592
111 0.001592
112 0.001586
113 0.001577
114 0.001576
115 0.001576
116 0.001576
117 0.001575
118 0.001486
119 0.001464
120 0.001464
121 0.001463
122 0.001463
123 0.001456
124 0.001435
125 0.001434
126 0.001434
127 0.001434
128 0.001433
129 0.001407
130 0.001398
131 0.001397
132 0.001397
133 0.001397
134 0.001312
135 0.001042
136 0.001042
137 0.001042
138 0.001043
139 0.001043
140 0.001010
141 0.000994
142 0.000994
143 0.000994
144 0.000994
145 0.000988
146 0.000944
147 0.000944
148 0.000944
149 0.000944
150 0.000945
151 0.000904
152 0.000877
153 0.000878
154 0.000878
155 0.000878
156 0.000874
157 0.000819
158 0.000820
159 0.000820
160 0.000820
161 0.000820
162 0.000788
163 0.000761
164 0.000761
165 0.000761
166 0.000762
167 0.000762
168 0.000741
169 0.000741
170 0.000741
171 0.000741
172 0.000741
173 0.000732
174 0.000721
175 0.000721
176 0.000721
177 0.000722
178 0.000722
179 0.000704
180 0.000703
181 0.000703
182 0.000703
183 0.000703
184 0.000692
185 0.000675
186 0.000675
187 0.000676
188 0.000676
189 0.000676
190 0.000661
191 0.000658
192 0.000659
193 0.000659
194 0.000659
195 0.000650
196 0.000633
197 0.000633
198 0.000633
199 0.000633
200 0.000633
201 0.000619
202 0.000616
203 0.000616
204 0.000616
205 0.000616
206 0.000610
207 0.000591
208 0.000592
209 0.000592
210 0.000592
211 0.000592
212 0.000580
213 0.000576
214 0.000576
215 0.000576
216 0.000577
217 0.000572
218 0.000553
219 0.000553
220 0.000553
221 0.000553
222 0.000553
223 0.000542
224 0.000537
225 0.000537
226 0.000537
227 0.000537
228 0.000534
229 0.000515
230 0.000515
231 0.000515
232 0.000515
233 0.000515
234 0.000439
235 0.000418
236 0.000418
237 0.000418
238 0.000418
239 0.000416
240 0.000390
241 0.000390
242 0.000390
243 0.000390
244 0.000390
245 0.000383
246 0.000377
247 0.000377
248 0.000377
249 0.000377
250 0.000377
251 0.000352
252 0.000351
253 0.000351
254 0.000351
255 0.000351
256 0.000346
257 0.000341
258 0.000341
259 0.000341
260 0.000340
261 0.000340
262 0.000331
263 0.000330
264 0.000330
265 0.000329
266 0.000329
267 0.000330
268 0.000346
269 0.000346
270 0.000345
271 0.000345
272 0.000345
273 0.000346
274 0.000346
275 0.000346
276 0.000346
277 0.000345
278 0.000347
279 0.000350
280 0.000350
281 0.000349
282 0.000349
283 0.000349
284 0.000386
285 0.000396
286 0.000396
287 0.000395
288 0.000395
289 0.000397
290 0.000402
291 0.000401
292 0.000401
293 0.000401
294 0.000400
295 0.000443
296 0.000459
297 0.000458
298 0.000458
299 0.000458
300 0.000459
301 0.000468
302 0.000467
303 0.000467
304 0.000467
305 0.000466
306 0.000507
307 0.000527
308 0.000527
309 0.000527
310 0.000526
311 0.000524
312 0.000514
313 0.000514
314 0.000514
315 0.000514
316 0.000513
317 0.000551
318 0.000576
319 0.000576
320 0.000575
321 0.000575
322 0.000575
323 0.000587
324 0.000587
325 0.000587
326 0.000586
327 0.000586
328 0.000619
329 0.000648
330 0.000648
331 0.000648
