0 0.361342
1 0.000001
2 0.000050
3 0.000049
4 0.000050
5 0.000050
6 0.000050
7 0.000050
8 0.000050
9 0.000050
10 0.000050
11 0.000050
12 0.000050
13 0.000050
14 0.000050
15 0.000050
16 0.000050
17 0.000050
18 0.000050
19 0.000050
20 0.000050
21 0.000050
22 0.000049
23 0.000050
24 0.000050
25 0.000050
26 0.000062
27 0.000177
28 0.000177
29 0.000177
30 0.000177
31 0.000177
32 0.000220
33 0.000252
34 0.000252
35 0.000252
36 0.000252
37 0.000254
38 0.000317
39 0.000316
40 0.000329
41 0.000364
42 0.000363
43 0.000389
44 0.000414
45 0.000413
46 0.000453
47 0.000466
48 0.000465
49 0.000520
50 0.000521
51 0.000532
52 0.000580
53 0.000578
54 0.000605
55 0.000640
56 0.000638
57 0.000681
58 0.000701
59 0.000700
60 0.000760
61 0.000765
62 0.000773
63 0.000833
64 0.000831
65 0.000855
66 0.000900
67 0.000898
68 0.000941
69 0.000969
70 0.000965
71 0.001029
72 0.001039
73 0.001040
74 0.001113
75 0.001109
76 0.001131
77 0.001185
78 0.001181
79 0.001223
80 0.001258
81 0.001253
82 0.001331
83 0.001351
84 0.001345
85 0.001464
86 0.001458
87 0.001480
88 0.001565
89 0.001557
90 0.001604
91 0.001658
92 0.001650
93 0.001719
94 0.001744
95 0.001736
96 0.001825
97 0.001824
98 0.001832
99 0.001907
100 0.001897
101 0.001927
102 0.001975
103 0.001966
104 0.002014
105 0.002038
106 0.002029
107 0.002095
108 0.002096
109 0.002096
110 0.002160
111 0.002151
112 0.002167
113 0.002210
114 0.002200
115 0.002233
116 0.002256
117 0.002247
118 0.002294
119 0.002299
120 0.002292
121 0.002347
122 0.002338
123 0.002346
124 0.002384
125 0.002376
126 0.002397
127 0.002418
128 0.002410
129 0.002443
130 0.002450
131 0.002443
132 0.002486
133 0.002480
134 0.002483
135 0.002515
136 0.002509
137 0.002522
138 0.002542
139 0.002536
140 0.002558
141 0.002566
142 0.002561
143 0.002591
144 0.002590
145 0.002590
146 0.002618
147 0.002613
148 0.002621
149 0.002638
150 0.002634
151 0.002649
152 0.002658
153 0.002655
154 0.002675
155 0.002677
156 0.002676
157 0.002697
158 0.002695
159 0.002700
160 0.002713
161 0.002712
162 0.002721
163 0.002729
164 0.002729
165 0.002741
166 0.002744
167 0.002745
168 0.002758
169 0.002759
170 0.002762
171 0.002771
172 0.002773
173 0.002778
174 0.002784
175 0.002786
176 0.002792
177 0.002795
178 0.002798
179 0.002803
180 0.002807
181 0.002810
182 0.002813
183 0.002817
184 0.002819
185 0.002821
186 0.002826
187 0.002827
188 0.002829
189 0.002835
190 0.002831
191 0.002836
192 0.002841
193 0.002836
194 0.002842
195 0.002843
196 0.002840
197 0.002847
198 0.002844
199 0.002843
200 0.002851
201 0.002841
202 0.002845
203 0.002853
204 0.002837
205 0.002846
206 0.002848
207 0.002836
208 0.002845
209 0.002839
210 0.002833
211 0.002843
212 0.002828
213 0.002828
214 0.002839
215 0.002813
216 0.002822
217 0.002825
218 0.002802
219 0.002814
220 0.002806
221 0.002791
222 0.002803
223 0.002782
224 0.002777
225 0.002789
226 0.002753
227 0.002760
228 0.002764
229 0.002727
230 0.002738
231 0.002728
232 0.002700
233 0.002712
234 0.002685
235 0.002671
236 0.002683
237 0.002637
238 0.002638
239 0.002645
240 0.002589
241 0.002601
242 0.002590
243 0.002548
244 0.002560
245 0.002529
246 0.002502
247 0.002515
248 0.002460
249 0.002452
250 0.002464
251 0.002384
252 0.002396
253 0.002386
254 0.002323
255 0.002335
256 0.002299
257 0.002256
258 0.002268
259 0.002203
260 0.002182
261 0.002193
262 0.002098
263 0.002101
264 0.002093
265 0.002003
266 0.002013
267 0.001974
268 0.001908
269 0.001917
270 0.001844
271 0.001805
272 0.001813
273 0.001703
274 0.001692
275 0.001686
276 0.001564
277 0.001572
278 0.001529
279 0.001436
280 0.001442
281 0.001359
282 0.001297
283 0.001302
284 0.001178
285 0.001150
286 0.001148
287 0.000991
288 0.000994
289 0.000950
290 0.000827
291 0.000828
292 0.000742
293 0.000654
294 0.000655
295 0.000522
296 0.000474
297 0.000475
298 0.000293
299 0.000287
300 0.000228
301 0.000011
302 0.000011
303 0.000011
304 0.000011
305 0.000011
306 0.000011
307 0.000011
308 0.000011
309 0.000011
310 0.000011
311 0.000147
312 0.001030
313 0.001030
314 0.001030
315 0.001030
316 0.001030
317 0.001248
318 0.001394
319 0.001394
320 0.001590
321 0.001629
322 0.001644
323 0.001858
324 0.001859
325 0.001926
326 0.002082
327 0.002082
328 0.002199
329 0.002301
330 0.002301
331 0.002464
