0 0.361342
1 0.000001
2 0.000133
3 0.000133
4 0.000133
5 0.000133
6 0.000133
7 0.000133
8 0.000133
9 0.000133
10 0.000133
11 0.000133
12 0.000133
13 0.000133
14 0.000133
15 0.000133
16 0.000133
17 0.000133
18 0.000133
19 0.000133
20 0.000133
21 0.000133
22 0.000133
23 0.000133
24 0.000275
25 0.000297
26 0.000297
27 0.000297
28 0.000297
29 0.000297
30 0.000297
31 0.000297
32 0.000297
33 0.000297
34 0.000297
35 0.000361
36 0.000377
37 0.000377
38 0.000377
39 0.000377
40 0.000391
41 0.000430
42 0.000429
43 0.000429
44 0.000430
45 0.000430
46 0.000467
47 0.000481
48 0.000481
49 0.000481
50 0.000481
51 0.000494
52 0.000548
53 0.000548
54 0.000548
55 0.000548
56 0.000548
57 0.000580
58 0.000596
59 0.000597
60 0.000597
61 0.000597
62 0.000603
63 0.000644
64 0.000644
65 0.000644
66 0.000644
67 0.000644
68 0.000672
69 0.000691
70 0.000691
71 0.000691
72 0.000691
73 0.000694
74 0.000745
75 0.000745
76 0.000745
77 0.000745
78 0.000745
79 0.000768
80 0.000789
81 0.000789
82 0.000789
83 0.000789
84 0.000789
85 0.000832
86 0.000832
87 0.000832
88 0.000832
89 0.000831
90 0.000854
91 0.000880
92 0.000880
93 0.000880
94 0.000879
95 0.000879
96 0.000917
97 0.000919
98 0.000919
99 0.000919
100 0.000919
101 0.000934
102 0.000957
103 0.000957
104 0.000957
105 0.000956
106 0.000956
107 0.000993
108 0.000999
109 0.000998
110 0.000998
111 0.000997
112 0.001009
113 0.001033
114 0.001032
115 0.001032
116 0.001031
117 0.001031
118 0.001062
119 0.001069
120 0.001068
121 0.001067
122 0.001067
123 0.001075
124 0.001100
125 0.001099
126 0.001099
127 0.001098
128 0.001097
129 0.001124
130 0.001133
131 0.001132
132 0.001131
133 0.001131
134 0.001137
135 0.001162
136 0.001161
137 0.001160
138 0.001159
139 0.001159
140 0.001181
141 0.001192
142 0.001192
143 0.001191
144 0.001190
145 0.001194
146 0.001219
147 0.001219
148 0.001218
149 0.001218
150 0.001217
151 0.001236
152 0.001249
153 0.001248
154 0.001248
155 0.001248
156 0.001249
157 0.001275
158 0.001275
159 0.001275
160 0.001275
161 0.001274
162 0.001290
163 0.001304
164 0.001304
165 0.001304
166 0.001304
167 0.001304
168 0.001330
169 0.001330
170 0.001330
171 0.001330
172 0.001330
173 0.001343
174 0.001358
175 0.001358
176 0.001358
177 0.001358
178 0.001358
179 0.001381
180 0.001383
181 0.001383
182 0.001383
183 0.001384
184 0.001394
185 0.001409
186 0.001409
187 0.001410
188 0.001410
189 0.001410
190 0.001429
191 0.001433
192 0.001433
193 0.001433
194 0.001434
195 0.001442
196 0.001458
197 0.001458
198 0.001459
199 0.001460
200 0.001460
201 0.001477
202 0.001482
203 0.001482
204 0.001483
205 0.001484
206 0.001490
207 0.001506
208 0.001506
209 0.001507
210 0.001508
211 0.001509
212 0.001523
213 0.001528
214 0.001529
215 0.001529
216 0.001530
217 0.001534
218 0.001550
219 0.001551
220 0.001551
221 0.001552
222 0.001553
223 0.001564
224 0.001570
225 0.001571
226 0.001572
227 0.001572
228 0.001575
229 0.001589
230 0.001590
231 0.001591
232 0.001592
233 0.001592
234 0.001601
235 0.001607
236 0.001608
237 0.001608
238 0.001609
239 0.001610
240 0.001624
241 0.001624
242 0.001624
243 0.001625
244 0.001626
245 0.001632
246 0.001638
247 0.001639
248 0.001639
249 0.001639
250 0.001640
251 0.001651
252 0.001651
253 0.001652
254 0.001652
255 0.001653
256 0.001657
257 0.001662
258 0.001662
259 0.001663
260 0.001662
261 0.001663
262 0.001671
263 0.001671
264 0.001671
265 0.001671
266 0.001671
267 0.001674
268 0.001678
269 0.001678
270 0.001678
271 0.001678
272 0.001678
273 0.001684
274 0.001685
275 0.001685
276 0.001686
277 0.001686
278 0.001689
279 0.001693
280 0.001693
281 0.001694
282 0.001696
283 0.001697
284 0.001701
285 0.001703
286 0.001705
287 0.001706
288 0.001708
289 0.001710
290 0.001713
291 0.001714
292 0.001716
293 0.001717
294 0.001718
295 0.001721
296 0.001723
297 0.001725
298 0.001726
299 0.001728
300 0.001729
301 0.001731
302 0.001733
303 0.001734
304 0.001736
305 0.001738
306 0.001739
307 0.001741
308 0.001743
309 0.001745
310 0.001746
311 0.001748
312 0.001749
313 0.001751
314 0.001753
315 0.001755
316 0.001757
317 0.001757
318 0.001758
319 0.001760
320 0.001763
321 0.001765
322 0.001766
323 0.001765
324 0.001767
325 0.001769
326 0.001772
327 0.001774
328 0.001773
329 0.001773
330 0.001776
331 0.001778
