0 0.361342
1 0.000001
2 0.000582
3 0.000581
4 0.000657
5 0.000909
6 0.000908
7 0.001054
8 0.001220
9 0.001220
10 0.001425
11 0.001512
12 0.001512
13 0.001767
14 0.001785
15 0.001820
16 0.002008
17 0.002007
18 0.002286
19 0.002715
20 0.002713
21 0.002834
22 0.002904
23 0.002903
24 0.003069
25 0.003093
26 0.003127
27 0.003442
28 0.003440
29 0.003490
30 0.003588
31 0.003588
32 0.003660
33 0.003714
34 0.003711
35 0.003861
36 0.003895
37 0.003893
38 0.003976
39 0.003969
40 0.003984
41 0.004039
42 0.004030
43 0.004047
44 0.004064
45 0.004053
46 0.004047
47 0.004038
48 0.004028
49 0.004039
50 0.004032
51 0.004007
52 0.003928
53 0.003925
54 0.003916
55 0.003905
56 0.003903
57 0.003881
58 0.003870
59 0.003870
60 0.003657
61 0.003635
62 0.003630
63 0.003578
64 0.003582
65 0.003558
66 0.003514
67 0.003520
68 0.003022
69 0.002766
70 0.002778
71 0.002706
72 0.002703
73 0.002710
74 0.002616
75 0.002630
76 0.002603
77 0.002523
78 0.002536
79 0.002496
80 0.002472
81 0.002483
82 0.002371
83 0.002345
84 0.002356
85 0.002302
86 0.002313
87 0.002309
88 0.002270
89 0.002281
90 0.002262
91 0.002239
92 0.002248
93 0.002197
94 0.002180
95 0.002187
96 0.002145
97 0.002148
98 0.002140
99 0.002078
100 0.002084
101 0.002068
102 0.002040
103 0.002043
104 0.001997
105 0.001972
106 0.001975
107 0.001931
108 0.001926
109 0.001919
110 0.001852
111 0.001852
112 0.001835
113 0.001801
114 0.001800
115 0.001759
116 0.001728
117 0.001727
118 0.001508
119 0.001476
120 0.001470
121 0.001394
122 0.001391
123 0.001378
124 0.001347
125 0.001345
126 0.001293
127 0.001247
128 0.001244
129 0.001217
130 0.001206
131 0.001204
132 0.001172
133 0.001169
134 0.001155
135 0.001136
136 0.001133
137 0.001124
138 0.001113
139 0.001111
140 0.001100
141 0.001093
142 0.001091
143 0.001098
144 0.001097
145 0.001093
146 0.001082
147 0.001080
148 0.001102
149 0.001148
150 0.001145
151 0.001138
152 0.001133
153 0.001131
154 0.001182
155 0.001191
156 0.001183
157 0.001110
158 0.001107
159 0.001128
160 0.001183
161 0.001181
162 0.001185
163 0.001188
164 0.001186
165 0.001249
166 0.001268
167 0.001266
168 0.001273
169 0.001272
170 0.001291
171 0.001359
172 0.001357
173 0.001364
174 0.001372
175 0.001371
176 0.001437
177 0.001465
178 0.001464
179 0.001481
180 0.001482
181 0.001498
182 0.001587
183 0.001586
184 0.001595
185 0.001611
186 0.001610
187 0.001678
188 0.001719
189 0.001718
190 0.001750
191 0.001755
192 0.001765
193 0.001867
194 0.001866
195 0.001881
196 0.001911
197 0.001910
198 0.001973
199 0.002021
200 0.002021
201 0.002061
202 0.002071
203 0.002073
204 0.002164
205 0.002164
206 0.002185
207 0.002244
208 0.002243
209 0.002282
210 0.002322
211 0.002321
212 0.002379
213 0.002401
214 0.002400
215 0.002475
216 0.002478
217 0.002493
218 0.002556
219 0.002556
220 0.002588
221 0.002632
222 0.002632
223 0.002683
224 0.002709
225 0.002709
226 0.002777
227 0.002784
228 0.002794
229 0.002860
230 0.002860
231 0.002875
232 0.002901
233 0.002901
234 0.002985
235 0.003042
236 0.003042
237 0.003034
238 0.003033
239 0.003044
240 0.003216
241 0.003216
242 0.003201
243 0.003172
244 0.003171
245 0.003276
246 0.003372
247 0.003371
248 0.003277
249 0.003258
250 0.003258
251 0.003469
252 0.003468
253 0.003506
254 0.003657
255 0.003656
256 0.003565
257 0.003638
258 0.003637
259 0.003718
260 0.003767
261 0.003766
262 0.003836
263 0.003844
264 0.003841
265 0.003868
266 0.003866
267 0.003845
268 0.003832
269 0.003831
270 0.003865
271 0.003958
272 0.003956
273 0.003905
274 0.003900
275 0.003909
276 0.004013
277 0.004011
278 0.004031
279 0.004071
280 0.004070
281 0.004102
282 0.004127
283 0.004125
284 0.004172
285 0.004183
286 0.004183
287 0.004237
288 0.004235
289 0.004249
290 0.004291
291 0.004288
292 0.004314
293 0.004339
294 0.004336
295 0.004377
296 0.004389
297 0.004387
298 0.004436
299 0.004434
300 0.004442
301 0.004482
302 0.004478
303 0.004498
304 0.004525
305 0.004521
306 0.004550
307 0.004563
308 0.004558
309 0.004601
310 0.004602
311 0.004604
312 0.004640
313 0.004635
314 0.004648
315 0.004672
316 0.004667
317 0.004712
318 0.004739
319 0.004733
320 0.004824
321 0.004836
322 0.004836
323 0.004933
324 0.004925
325 0.004950
326 0.005017
327 0.005009
328 0.005056
329 0.005096
330 0.005088
331 0.005155
