0 0.361342
1 0.000001
2 0.000207
3 0.000207
4 0.000208
5 0.000207
6 0.000207
7 0.000212
8 0.000222
9 0.000223
10 0.000222
11 0.000222
12 0.000222
13 0.000304
14 0.000310
15 0.000309
16 0.000309
17 0.000310
18 0.000335
19 0.000376
20 0.000375
21 0.000375
22 0.000375
23 0.000375
24 0.000429
25 0.000437
26 0.000437
27 0.000437
28 0.000437
29 0.000456
30 0.000495
31 0.000495
32 0.000494
33 0.000494
34 0.000494
35 0.000535
36 0.000547
37 0.000546
38 0.000545
39 0.000545
40 0.000604
41 0.000790
42 0.000788
43 0.000787
44 0.000786
45 0.000784
46 0.000809
47 0.000818
48 0.000815
49 0.000816
50 0.000814
51 0.000819
52 0.000841
53 0.000840
54 0.000839
55 0.000837
56 0.000836
57 0.000942
58 0.000997
59 0.000994
60 0.000992
61 0.000991
62 0.000990
63 0.001004
64 0.001002
65 0.000999
66 0.000998
67 0.000995
68 0.001078
69 0.001134
70 0.001130
71 0.001128
72 0.001125
73 0.001123
74 0.001127
75 0.001124
76 0.001121
77 0.001119
78 0.001116
79 0.001171
80 0.001220
81 0.001216
82 0.001214
83 0.001210
84 0.001207
85 0.001279
86 0.001275
87 0.001272
88 0.001268
89 0.001265
90 0.001296
91 0.001332
92 0.001328
93 0.001324
94 0.001321
95 0.001317
96 0.001382
97 0.001383
98 0.001379
99 0.001375
100 0.001372
101 0.001397
102 0.001437
103 0.001434
104 0.001429
105 0.001425
106 0.001421
107 0.001483
108 0.001488
109 0.001484
110 0.001480
111 0.001474
112 0.001495
113 0.001543
114 0.001538
115 0.001533
116 0.001528
117 0.001524
118 0.001582
119 0.001592
120 0.001588
121 0.001582
122 0.001577
123 0.001594
124 0.001648
125 0.001643
126 0.001638
127 0.001633
128 0.001628
129 0.001683
130 0.001700
131 0.001694
132 0.001689
133 0.001684
134 0.001695
135 0.001758
136 0.001753
137 0.001747
138 0.001741
139 0.001736
140 0.001788
141 0.001813
142 0.001806
143 0.001801
144 0.001796
145 0.001802
146 0.001874
147 0.001869
148 0.001863
149 0.001857
150 0.001852
151 0.001885
152 0.001906
153 0.001901
154 0.001895
155 0.001890
156 0.001891
157 0.001986
158 0.001980
159 0.001974
160 0.001968
161 0.001963
162 0.002015
163 0.002060
164 0.002054
165 0.002048
166 0.002042
167 0.002037
168 0.002136
169 0.002129
170 0.002124
171 0.002118
172 0.002113
173 0.002154
174 0.002201
175 0.002195
176 0.002190
177 0.002184
178 0.002179
179 0.002262
180 0.002263
181 0.002257
182 0.002251
183 0.002245
184 0.002277
185 0.002326
186 0.002320
187 0.002315
188 0.002309
189 0.002304
190 0.002374
191 0.002380
192 0.002375
193 0.002369
194 0.002364
195 0.002382
196 0.002427
197 0.002421
198 0.002415
199 0.002410
200 0.002404
201 0.002464
202 0.002474
203 0.002469
204 0.002464
205 0.002459
206 0.002473
207 0.002523
208 0.002518
209 0.002512
210 0.002508
211 0.002503
212 0.002550
213 0.002565
214 0.002560
215 0.002555
216 0.002550
217 0.002559
218 0.002609
219 0.002605
220 0.002600
221 0.002595
222 0.002591
223 0.002629
224 0.002647
225 0.002642
226 0.002638
227 0.002633
228 0.002637
229 0.002687
230 0.002683
231 0.002678
232 0.002674
233 0.002669
234 0.002701
235 0.002721
236 0.002717
237 0.002712
238 0.002708
239 0.002708
240 0.002757
241 0.002753
242 0.002749
243 0.002745
244 0.002741
245 0.002766
246 0.002787
247 0.002783
248 0.002780
249 0.002776
250 0.002772
251 0.002820
252 0.002816
253 0.002812
254 0.002808
255 0.002804
256 0.002824
257 0.002847
258 0.002842
259 0.002839
260 0.002836
261 0.002832
262 0.002872
263 0.002871
264 0.002868
265 0.002864
266 0.002861
267 0.002876
268 0.002898
269 0.002895
270 0.002892
271 0.002888
272 0.002885
273 0.002917
274 0.002920
275 0.002916
276 0.002914
277 0.002911
278 0.002921
279 0.002943
280 0.002940
281 0.002937
282 0.002934
283 0.002931
284 0.002957
285 0.002961
286 0.002958
287 0.002956
288 0.002953
289 0.002959
290 0.002981
291 0.002978
292 0.002975
293 0.002972
294 0.002969
295 0.002990
296 0.002995
297 0.002992
298 0.002990
299 0.002987
300 0.002990
301 0.003010
302 0.003008
303 0.003005
304 0.003003
305 0.003001
306 0.003015
307 0.003022
308 0.003019
309 0.003017
310 0.003014
311 0.003015
312 0.003033
313 0.003031
314 0.003028
315 0.003026
316 0.003024
317 0.003033
318 0.003041
319 0.003038
320 0.003036
321 0.003034
322 0.003033
323 0.003048
324 0.003045
325 0.003044
326 0.003041
327 0.003039
328 0.003046
329 0.003051
330 0.003050
331 0.003047
