0 0.361111
1 0.000001
2 0.000519
3 0.000519
4 0.000571
5 0.000753
6 0.000752
7 0.000860
8 0.000985
9 0.000984
10 0.001140
11 0.001207
12 0.001207
13 0.001402
14 0.001416
15 0.001444
16 0.001593
17 0.001593
18 0.001823
19 0.002186
20 0.002185
21 0.002278
22 0.002332
23 0.002331
24 0.002458
25 0.002477
26 0.002505
27 0.002767
28 0.002765
29 0.002801
30 0.002875
31 0.002873
32 0.002927
33 0.002968
34 0.002967
35 0.003091
36 0.003121
37 0.003122
38 0.003187
39 0.003185
40 0.003201
41 0.003248
42 0.003246
43 0.003265
44 0.003283
45 0.003281
46 0.003279
47 0.003278
48 0.003276
49 0.003288
50 0.003288
51 0.003268
52 0.003195
53 0.003194
54 0.003187
55 0.003177
56 0.003176
57 0.003156
58 0.003145
59 0.003144
60 0.002943
61 0.002921
62 0.002912
63 0.002862
64 0.002861
65 0.002834
66 0.002789
67 0.002788
68 0.002314
69 0.002080
70 0.002081
71 0.002000
72 0.001984
73 0.001978
74 0.001884
75 0.001885
76 0.001845
77 0.001752
78 0.001753
79 0.001690
80 0.001637
81 0.001638
82 0.001547
83 0.001520
84 0.001521
85 0.001479
86 0.001480
87 0.001471
88 0.001440
89 0.001441
90 0.001423
91 0.001404
92 0.001404
93 0.001366
94 0.001350
95 0.001350
96 0.001317
97 0.001316
98 0.001307
99 0.001264
100 0.001265
101 0.001251
102 0.001230
103 0.001231
104 0.001200
105 0.001182
106 0.001183
107 0.001155
108 0.001152
109 0.001147
110 0.001105
111 0.001105
112 0.001095
113 0.001073
114 0.001073
115 0.001048
116 0.001029
117 0.001030
118 0.000850
119 0.000835
120 0.000833
121 0.000780
122 0.000780
123 0.000773
124 0.000753
125 0.000753
126 0.000724
127 0.000702
128 0.000701
129 0.000687
130 0.000681
131 0.000680
132 0.000660
133 0.000659
134 0.000656
135 0.000691
136 0.000690
137 0.000690
138 0.000692
139 0.000690
140 0.000696
141 0.000698
142 0.000697
143 0.000782
144 0.000791
145 0.000791
146 0.000803
147 0.000801
148 0.000842
149 0.000916
150 0.000914
151 0.000926
152 0.000933
153 0.000932
154 0.001034
155 0.001053
156 0.001050
157 0.001028
158 0.001027
159 0.001064
160 0.001151
161 0.001149
162 0.001162
163 0.001173
164 0.001172
165 0.001267
166 0.001295
167 0.001294
168 0.001320
169 0.001320
170 0.001347
171 0.001442
172 0.001441
173 0.001454
174 0.001468
175 0.001467
176 0.001552
177 0.001588
178 0.001587
179 0.001615
180 0.001617
181 0.001636
182 0.001736
183 0.001735
184 0.001747
185 0.001767
186 0.001766
187 0.001839
188 0.001881
189 0.001881
190 0.001911
191 0.001916
192 0.001926
193 0.002027
194 0.002026
195 0.002039
196 0.002065
197 0.002065
198 0.002125
199 0.002171
200 0.002170
201 0.002206
202 0.002214
203 0.002217
204 0.002302
205 0.002302
206 0.002321
207 0.002374
208 0.002374
209 0.002410
210 0.002447
211 0.002446
212 0.002499
213 0.002519
214 0.002518
215 0.002588
216 0.002590
217 0.002604
218 0.002661
219 0.002661
220 0.002692
221 0.002732
222 0.002732
223 0.002779
224 0.002803
225 0.002803
226 0.002866
227 0.002873
228 0.002882
229 0.002943
230 0.002942
231 0.002956
232 0.002981
233 0.002981
234 0.003059
235 0.003112
236 0.003112
237 0.003106
238 0.003104
239 0.003116
240 0.003275
241 0.003274
242 0.003263
243 0.003241
244 0.003241
245 0.003332
246 0.003416
247 0.003416
248 0.003351
249 0.003342
250 0.003341
251 0.003516
252 0.003516
253 0.003543
254 0.003657
255 0.003656
256 0.003630
257 0.003773
258 0.003772
259 0.003818
260 0.003850
261 0.003849
262 0.003866
263 0.003869
264 0.003856
265 0.003827
266 0.003826
267 0.003779
268 0.003729
269 0.003728
270 0.003851
271 0.003996
272 0.003995
273 0.003900
274 0.003887
275 0.003898
276 0.004020
277 0.004018
278 0.004036
279 0.004073
280 0.004072
281 0.004101
282 0.004123
283 0.004121
284 0.004165
285 0.004175
286 0.004174
287 0.004222
288 0.004220
289 0.004233
290 0.004272
291 0.004269
292 0.004291
293 0.004314
294 0.004310
295 0.004349
296 0.004360
297 0.004357
298 0.004401
299 0.004399
300 0.004406
301 0.004441
302 0.004438
303 0.004455
304 0.004479
305 0.004475
306 0.004501
307 0.004512
308 0.004507
309 0.004546
310 0.004545
311 0.004546
312 0.004580
313 0.004575
314 0.004585
315 0.004606
316 0.004601
317 0.004619
318 0.004629
319 0.004622
320 0.004644
321 0.004643
322 0.004638
323 0.004658
324 0.004650
325 0.004650
326 0.004661
327 0.004652
328 0.004656
329 0.004658
330 0.004650
331 0.004659
