0 0.361342
1 0.000001
2 0.000025
3 0.000025
4 0.000025
5 0.000025
6 0.000025
7 0.000025
8 0.000025
9 0.000025
10 0.000025
11 0.000025
12 0.000025
13 0.000025
14 0.000025
15 0.000025
16 0.000025
17 0.000025
18 0.000025
19 0.000025
20 0.000025
21 0.000025
22 0.000025
23 0.000025
24 0.000025
25 0.000025
26 0.000025
27 0.000025
28 0.000025
29 0.000025
30 0.000025
31 0.000025
32 0.000025
33 0.000025
34 0.000025
35 0.000025
36 0.000025
37 0.000025
38 0.000025
39 0.000025
40 0.000025
41 0.000025
42 0.000025
43 0.000025
44 0.000025
45 0.000025
46 0.000025
47 0.000025
48 0.000025
49 0.000025
50 0.000025
51 0.000038
52 0.000089
53 0.000089
54 0.000088
55 0.000089
56 0.000088
57 0.000089
58 0.000089
59 0.000088
60 0.000088
61 0.000088
62 0.000093
63 0.000126
64 0.000126
65 0.000126
66 0.000126
67 0.000126
68 0.000126
69 0.000126
70 0.000126
71 0.000126
72 0.000126
73 0.000128
74 0.000159
75 0.000158
76 0.000158
77 0.000158
78 0.000158
79 0.000171
80 0.000182
81 0.000182
82 0.000182
83 0.000182
84 0.000182
85 0.000207
86 0.000207
87 0.000207
88 0.000207
89 0.000206
90 0.000219
91 0.000234
92 0.000233
93 0.000233
94 0.000233
95 0.000233
96 0.000259
97 0.000261
98 0.000261
99 0.000261
100 0.000261
101 0.000272
102 0.000291
103 0.000290
104 0.000290
105 0.000289
106 0.000289
107 0.000316
108 0.000320
109 0.000320
110 0.000320
111 0.000319
112 0.000330
113 0.000352
114 0.000351
115 0.000351
116 0.000350
117 0.000350
118 0.000377
119 0.000384
120 0.000383
121 0.000383
122 0.000382
123 0.000391
124 0.000417
125 0.000416
126 0.000416
127 0.000415
128 0.000415
129 0.000441
130 0.000451
131 0.000450
132 0.000450
133 0.000449
134 0.000456
135 0.000486
136 0.000485
137 0.000485
138 0.000484
139 0.000483
140 0.000508
141 0.000521
142 0.000520
143 0.000519
144 0.000518
145 0.000523
146 0.000558
147 0.000557
148 0.000556
149 0.000555
150 0.000554
151 0.000578
152 0.000594
153 0.000593
154 0.000592
155 0.000591
156 0.000592
157 0.000632
158 0.000630
159 0.000629
160 0.000628
161 0.000627
162 0.000655
163 0.000678
164 0.000677
165 0.000676
166 0.000674
167 0.000673
168 0.000734
169 0.000732
170 0.000731
171 0.000729
172 0.000728
173 0.000754
174 0.000784
175 0.000783
176 0.000781
177 0.000779
178 0.000778
179 0.000829
180 0.000831
181 0.000829
182 0.000827
183 0.000825
184 0.000846
185 0.000877
186 0.000875
187 0.000872
188 0.000870
189 0.000868
190 0.000912
191 0.000917
192 0.000914
193 0.000912
194 0.000910
195 0.000925
196 0.000956
197 0.000954
198 0.000951
199 0.000949
200 0.000947
201 0.000983
202 0.000990
203 0.000988
204 0.000986
205 0.000983
206 0.000993
207 0.001024
208 0.001022
209 0.001020
210 0.001017
211 0.001015
212 0.001044
213 0.001054
214 0.001051
215 0.001049
216 0.001046
217 0.001053
218 0.001083
219 0.001081
220 0.001078
221 0.001076
222 0.001074
223 0.001097
224 0.001108
225 0.001106
226 0.001103
227 0.001101
228 0.001103
229 0.001133
230 0.001131
231 0.001129
232 0.001126
233 0.001124
234 0.001143
235 0.001155
236 0.001152
237 0.001150
238 0.001148
239 0.001148
240 0.001177
241 0.001174
242 0.001172
243 0.001170
244 0.001168
245 0.001182
246 0.001195
247 0.001193
248 0.001191
249 0.001189
250 0.001186
251 0.001214
252 0.001212
253 0.001210
254 0.001208
255 0.001206
256 0.001217
257 0.001230
258 0.001228
259 0.001226
260 0.001224
261 0.001222
262 0.001245
263 0.001244
264 0.001243
265 0.001241
266 0.001239
267 0.001247
268 0.001260
269 0.001258
270 0.001257
271 0.001255
272 0.001253
273 0.001272
274 0.001273
275 0.001272
276 0.001270
277 0.001268
278 0.001274
279 0.001287
280 0.001286
281 0.001284
282 0.001282
283 0.001281
284 0.001296
285 0.001298
286 0.001297
287 0.001296
288 0.001295
289 0.001298
290 0.001311
291 0.001310
292 0.001308
293 0.001307
294 0.001306
295 0.001317
296 0.001321
297 0.001320
298 0.001319
299 0.001318
300 0.001320
301 0.001331
302 0.001331
303 0.001330
304 0.001329
305 0.001328
306 0.001336
307 0.001341
308 0.001340
309 0.001339
310 0.001339
311 0.001339
312 0.001350
313 0.001349
314 0.001349
315 0.001348
316 0.001348
317 0.001354
318 0.001358
319 0.001358
320 0.001357
321 0.001357
322 0.001357
323 0.001366
324 0.001366
325 0.001366
326 0.001365
327 0.001365
328 0.001369
329 0.001373
330 0.001373
331 0.001373
