0 0.361342
1 0.000001
2 0.000399
3 0.000398
4 0.000399
5 0.000398
6 0.000398
7 0.000398
8 0.000398
9 0.000701
10 0.000889
11 0.000889
12 0.000889
13 0.001113
14 0.001143
15 0.001286
16 0.001323
17 0.001439
18 0.001518
19 0.001640
20 0.001720
21 0.001784
22 0.001885
23 0.001926
24 0.002046
25 0.002068
26 0.002226
27 0.002249
28 0.002357
29 0.002399
30 0.002484
31 0.002553
32 0.002625
33 0.002701
34 0.002742
35 0.002833
36 0.002853
37 0.002972
38 0.002986
39 0.003078
40 0.003104
41 0.003184
42 0.003221
43 0.003274
44 0.003332
45 0.003372
46 0.003436
47 0.003455
48 0.003540
49 0.003550
50 0.003631
51 0.003646
52 0.003719
53 0.003746
54 0.003798
55 0.003842
56 0.003885
57 0.003936
58 0.003963
59 0.004030
60 0.004046
61 0.004117
62 0.004130
63 0.004197
64 0.004219
65 0.004268
66 0.004302
67 0.004345
68 0.004386
69 0.004416
70 0.004468
71 0.004490
72 0.004544
73 0.004559
74 0.004616
75 0.004633
76 0.004675
77 0.004699
78 0.004734
79 0.004761
80 0.004785
81 0.004818
82 0.004835
83 0.004867
84 0.004876
85 0.004912
86 0.004918
87 0.004943
88 0.004951
89 0.004969
90 0.004978
91 0.004989
92 0.005001
93 0.005013
94 0.005031
95 0.005044
96 0.005067
97 0.005081
98 0.005101
99 0.005115
100 0.005131
101 0.005145
102 0.005161
103 0.005175
104 0.005191
105 0.005205
106 0.005222
107 0.005233
108 0.005251
109 0.005259
110 0.005276
111 0.005285
112 0.005303
113 0.005315
114 0.005329
115 0.005344
116 0.005356
117 0.005378
118 0.005388
119 0.005424
120 0.005435
121 0.005473
122 0.005483
123 0.005518
124 0.005534
125 0.005561
126 0.005563
127 0.005581
128 0.005609
129 0.005619
130 0.005659
131 0.005660
132 0.005706
133 0.005697
134 0.005739
135 0.005740
136 0.005771
137 0.005779
138 0.005795
139 0.005813
140 0.005809
141 0.005834
142 0.005810
143 0.005846
144 0.005795
145 0.005830
146 0.005786
147 0.005802
148 0.005766
149 0.005759
150 0.005736
151 0.005700
152 0.005688
153 0.005622
154 0.005623
155 0.005525
156 0.005540
157 0.005436
158 0.005437
159 0.005348
160 0.005323
161 0.005255
162 0.005196
163 0.005147
164 0.005055
165 0.005028
166 0.004895
167 0.004891
168 0.004721
169 0.004713
170 0.004560
171 0.004515
172 0.004392
173 0.004314
174 0.004220
175 0.004098
176 0.004031
177 0.003867
178 0.003833
179 0.003623
180 0.003600
181 0.003380
182 0.003331
183 0.003154
184 0.003065
185 0.002919
186 0.002780
187 0.002670
188 0.002466
189 0.002392
190 0.002143
191 0.002105
192 0.001813
193 0.001763
194 0.001509
195 0.001405
196 0.001192
197 0.001032
198 0.000863
199 0.000533
200 0.000351
201 0.000351
202 0.000352
203 0.000396
204 0.000505
205 0.001231
206 0.001440
207 0.002014
208 0.002393
209 0.003032
210 0.003486
211 0.003819
212 0.004370
213 0.004572
214 0.005208
215 0.005322
216 0.005972
217 0.006107
218 0.006626
219 0.006863
220 0.007283
221 0.007608
222 0.007926
223 0.008330
224 0.008558
225 0.009029
226 0.009178
227 0.009707
228 0.009851
229 0.010314
230 0.010504
231 0.010866
232 0.011111
233 0.011406
234 0.011700
235 0.011941
236 0.012274
237 0.012469
238 0.012845
239 0.013044
240 0.013435
241 0.013684
242 0.014067
243 0.014394
244 0.014768
245 0.015110
246 0.015449
247 0.015783
248 0.016099
249 0.016403
250 0.016707
251 0.016961
252 0.017254
253 0.017472
254 0.017776
255 0.018011
256 0.018251
257 0.018465
258 0.018605
259 0.018811
260 0.018828
261 0.019048
262 0.018911
263 0.019117
264 0.018907
265 0.019039
266 0.018833
267 0.018809
268 0.018627
269 0.018518
270 0.018766
271 0.018794
272 0.019292
273 0.019171
274 0.019907
275 0.019589
276 0.020347
277 0.020139
278 0.020623
279 0.020445
280 0.020386
281 0.018740
282 0.016732
283 0.015503
284 0.013554
285 0.013358
286 0.011530
287 0.011451
288 0.009296
289 0.008627
290 0.006802
291 0.005616
292 0.003996
293 0.001785
294 0.001212
295 0.000528
296 0.000432
297 0.000432
298 0.000554
299 0.003169
300 0.003400
301 0.004352
302 0.004753
303 0.005492
304 0.006061
305 0.006541
306 0.007087
307 0.007250
308 0.007868
309 0.007870
310 0.008801
311 0.008972
312 0.009805
313 0.010115
314 0.010816
315 0.011074
316 0.011359
317 0.011614
318 0.011675
319 0.011962
320 0.011850
321 0.012186
322 0.011992
323 0.012296
324 0.012139
325 0.012316
326 0.012251
327 0.012329
328 0.012354
329 0.012356
330 0.012508
331 0.012535
