0 0.361342
1 0.000001
2 0.000075
3 0.000075
4 0.000075
5 0.000075
6 0.000074
7 0.000075
8 0.000075
9 0.000075
10 0.000074
11 0.000074
12 0.000074
13 0.000074
14 0.000074
15 0.000074
16 0.000074
17 0.000074
18 0.000151
19 0.000266
20 0.000265
21 0.000265
22 0.000346
23 0.000379
24 0.000378
25 0.000380
26 0.000475
27 0.000487
28 0.000546
29 0.000570
30 0.000620
31 0.000659
32 0.000699
33 0.000753
34 0.000781
35 0.000851
36 0.000867
37 0.000955
38 0.000967
39 0.001052
40 0.001076
41 0.001148
42 0.001188
43 0.001245
44 0.001305
45 0.001346
46 0.001424
47 0.001448
48 0.001547
49 0.001557
50 0.001666
51 0.001683
52 0.001774
53 0.001810
54 0.001883
55 0.001954
56 0.002021
57 0.002133
58 0.002181
59 0.002314
60 0.002330
61 0.002482
62 0.002490
63 0.002615
64 0.002642
65 0.002734
66 0.002782
67 0.002845
68 0.002911
69 0.002947
70 0.003029
71 0.003042
72 0.003139
73 0.003137
74 0.003231
75 0.003236
76 0.003306
77 0.003327
78 0.003375
79 0.003411
80 0.003439
81 0.003488
82 0.003499
83 0.003559
84 0.003555
85 0.003625
86 0.003620
87 0.003673
88 0.003681
89 0.003718
90 0.003737
91 0.003761
92 0.003789
93 0.003801
94 0.003838
95 0.003839
96 0.003883
97 0.003881
98 0.003920
99 0.003923
100 0.003952
101 0.003962
102 0.003982
103 0.003998
104 0.004011
105 0.004032
106 0.004038
107 0.004063
108 0.004066
109 0.004091
110 0.004095
111 0.004114
112 0.004121
113 0.004136
114 0.004146
115 0.004156
116 0.004167
117 0.004176
118 0.004187
119 0.004195
120 0.004204
121 0.004212
122 0.004219
123 0.004227
124 0.004233
125 0.004240
126 0.004245
127 0.004249
128 0.004256
129 0.004256
130 0.004265
131 0.004260
132 0.004272
133 0.004262
134 0.004273
135 0.004265
136 0.004271
137 0.004266
138 0.004265
139 0.004265
140 0.004255
141 0.004262
142 0.004241
143 0.004256
144 0.004223
145 0.004238
146 0.004209
147 0.004216
148 0.004193
149 0.004187
150 0.004172
151 0.004151
152 0.004146
153 0.004108
154 0.004114
155 0.004056
156 0.004068
157 0.004003
158 0.004008
159 0.003954
160 0.003940
161 0.003899
162 0.003864
163 0.003838
164 0.003780
165 0.003770
166 0.003686
167 0.003694
168 0.003582
169 0.003588
170 0.003491
171 0.003470
172 0.003390
173 0.003341
174 0.003279
175 0.003199
176 0.003158
177 0.003043
178 0.003026
179 0.002873
180 0.002864
181 0.002706
182 0.002675
183 0.002537
184 0.002469
185 0.002356
186 0.002247
187 0.002162
188 0.002009
189 0.001953
190 0.001753
191 0.001724
192 0.001488
193 0.001448
194 0.001241
195 0.001157
196 0.000982
197 0.000850
198 0.000711
199 0.000530
200 0.000431
201 0.000081
202 0.000016
203 0.000017
204 0.000016
205 0.000017
206 0.000016
207 0.000017
208 0.000663
209 0.001543
210 0.001543
211 0.001543
212 0.001941
213 0.002086
214 0.002398
215 0.002452
216 0.002778
217 0.002846
218 0.003113
219 0.003228
220 0.003437
221 0.003600
222 0.003754
223 0.003960
224 0.004063
225 0.004309
226 0.004362
227 0.004647
228 0.004691
229 0.004935
230 0.005014
231 0.005209
232 0.005325
233 0.005472
234 0.005625
235 0.005726
236 0.005912
237 0.005970
238 0.006186
239 0.006220
240 0.006432
241 0.006480
242 0.006652
243 0.006734
244 0.006868
245 0.006979
246 0.007076
247 0.007214
248 0.007278
249 0.007443
250 0.007478
251 0.007669
252 0.007703
253 0.007861
254 0.007921
255 0.008047
256 0.008131
257 0.008228
258 0.008336
259 0.008409
260 0.008540
261 0.008589
262 0.008737
263 0.008776
264 0.008915
265 0.008966
266 0.009081
267 0.009150
268 0.009245
269 0.009332
270 0.009408
271 0.009508
272 0.009566
273 0.009679
274 0.009725
275 0.009847
276 0.009899
277 0.010003
278 0.010068
279 0.010160
280 0.010236
281 0.010318
282 0.010410
283 0.010492
284 0.010600
285 0.010682
286 0.010804
287 0.010900
288 0.011034
289 0.011159
290 0.011312
291 0.011473
292 0.011661
293 0.011877
294 0.012139
295 0.012447
296 0.012813
297 0.013245
298 0.013772
299 0.014351
300 0.014988
301 0.015642
302 0.016336
303 0.017008
304 0.017602
305 0.017980
306 0.018098
307 0.018271
308 0.018350
309 0.018346
310 0.018250
311 0.018244
312 0.018148
313 0.018120
314 0.018033
315 0.017975
316 0.017898
317 0.017802
318 0.017737
319 0.017597
320 0.017547
321 0.017355
322 0.017302
323 0.017074
324 0.017008
325 0.016816
326 0.016698
327 0.016512
328 0.016324
329 0.016135
330 0.015855
331 0.015642
