0 0.361342
1 0.000001
2 0.000220
3 0.000221
4 0.000220
5 0.000220
6 0.000219
7 0.000220
8 0.000219
9 0.000410
10 0.000529
11 0.000625
12 0.000651
13 0.000766
14 0.000782
15 0.000891
16 0.000917
17 0.001005
18 0.001049
19 0.001117
20 0.001177
21 0.001224
22 0.001301
23 0.001328
24 0.001420
25 0.001430
26 0.001532
27 0.001543
28 0.001624
29 0.001651
30 0.001713
31 0.001755
32 0.001799
33 0.001854
34 0.001879
35 0.001949
36 0.001956
37 0.002039
38 0.002040
39 0.002113
40 0.002125
41 0.002180
42 0.002204
43 0.002244
44 0.002281
45 0.002303
46 0.002353
47 0.002360
48 0.002422
49 0.002418
50 0.002482
51 0.002481
52 0.002531
53 0.002542
54 0.002577
55 0.002599
56 0.002620
57 0.002652
58 0.002658
59 0.002700
60 0.002694
61 0.002699
62 0.002686
63 0.002715
64 0.002710
65 0.002728
66 0.002730
67 0.002737
68 0.002745
69 0.002745
70 0.002759
71 0.002751
72 0.002769
73 0.002756
74 0.002774
75 0.002763
76 0.002774
77 0.002576
78 0.002285
79 0.002282
80 0.002278
81 0.002279
82 0.002270
83 0.002274
84 0.002262
85 0.002268
86 0.002229
87 0.002089
88 0.002079
89 0.002076
90 0.002068
91 0.002063
92 0.002057
93 0.002049
94 0.001942
95 0.001904
96 0.001900
97 0.001889
98 0.001885
99 0.001848
100 0.001758
101 0.001749
102 0.001741
103 0.001733
104 0.001725
105 0.001640
106 0.001601
107 0.001591
108 0.001584
109 0.001574
110 0.001551
111 0.001471
112 0.001463
113 0.001453
114 0.001412
115 0.001372
116 0.001362
117 0.001355
118 0.001296
119 0.001281
120 0.001268
121 0.001258
122 0.001202
123 0.001199
124 0.001190
125 0.001167
126 0.001142
127 0.001136
128 0.001133
129 0.001111
130 0.001109
131 0.001102
132 0.001104
133 0.001109
134 0.001112
135 0.001112
136 0.001126
137 0.001156
138 0.001161
139 0.001166
140 0.001206
141 0.001231
142 0.001238
143 0.001245
144 0.001314
145 0.001324
146 0.001333
147 0.001362
148 0.001424
149 0.001434
150 0.001445
151 0.001502
152 0.001545
153 0.001559
154 0.001569
155 0.001660
156 0.001678
157 0.001696
158 0.001721
159 0.001791
160 0.001821
161 0.001865
162 0.001906
163 0.001943
164 0.001995
165 0.002023
166 0.002087
167 0.002106
168 0.002184
169 0.002203
170 0.002274
171 0.002305
172 0.002367
173 0.002412
174 0.002463
175 0.002523
176 0.002562
177 0.002636
178 0.002662
179 0.002751
180 0.002772
181 0.002861
182 0.002889
183 0.002965
184 0.003009
185 0.003071
186 0.003129
187 0.003178
188 0.003252
189 0.003285
190 0.003377
191 0.003397
192 0.003500
193 0.003522
194 0.003612
195 0.003650
196 0.003724
197 0.003780
198 0.003838
199 0.003911
200 0.003952
201 0.004042
202 0.004067
203 0.004176
204 0.004195
205 0.004298
206 0.004330
207 0.004416
208 0.004467
209 0.004535
210 0.004621
211 0.004684
212 0.004726
213 0.004741
214 0.004790
215 0.004798
216 0.004847
217 0.004708
218 0.004188
219 0.004137
220 0.004052
221 0.003984
222 0.003920
223 0.003839
224 0.003794
225 0.003700
226 0.003672
227 0.003565
228 0.003539
229 0.003446
230 0.003408
231 0.003332
232 0.003281
233 0.003221
234 0.003160
235 0.003116
236 0.003046
237 0.003015
238 0.002937
239 0.002913
240 0.002839
241 0.002811
242 0.002752
243 0.002719
244 0.002676
245 0.002642
246 0.002621
247 0.002609
248 0.002598
249 0.002600
250 0.002588
251 0.002603
252 0.002591
253 0.002607
254 0.002600
255 0.002611
256 0.002610
257 0.002614
258 0.002621
259 0.002616
260 0.002629
261 0.002617
262 0.002635
263 0.002618
264 0.002633
265 0.002620
266 0.002626
267 0.002617
268 0.002616
269 0.002611
270 0.002603
271 0.002602
272 0.002588
273 0.002590
274 0.002572
275 0.002575
276 0.002558
277 0.002554
278 0.002538
279 0.002528
280 0.002514
281 0.002501
282 0.002490
283 0.002476
284 0.002467
285 0.002453
286 0.002447
287 0.002434
288 0.002429
289 0.002420
290 0.002416
291 0.002410
292 0.002406
293 0.002403
294 0.002401
295 0.002396
296 0.002396
297 0.002390
298 0.002393
299 0.002384
300 0.002388
301 0.002382
302 0.002385
303 0.002382
304 0.002378
305 0.002377
306 0.002368
307 0.002372
308 0.002354
309 0.002363
310 0.002333
311 0.002342
312 0.002312
313 0.002312
314 0.002286
315 0.002273
316 0.002252
317 0.002224
318 0.002211
319 0.002165
320 0.002161
321 0.002096
322 0.002096
323 0.002021
324 0.002020
325 0.001986
326 0.001923
327 0.001815
328 0.001808
329 0.001803
330 0.001667
331 0.001612
