0 0.360182
1 0.000001
2 0.000123
3 0.000123
4 0.000123
5 0.000124
6 0.000123
7 0.000118
8 0.000115
9 0.000115
10 0.000138
11 0.000173
12 0.000173
13 0.000230
14 0.000235
15 0.000245
16 0.000298
17 0.000297
18 0.000324
19 0.000366
20 0.000366
21 0.000373
22 0.000387
23 0.000386
24 0.000430
25 0.000437
26 0.000442
27 0.000494
28 0.000494
29 0.000494
30 0.000496
31 0.000495
32 0.000526
33 0.000549
34 0.000548
35 0.000580
36 0.000588
37 0.000589
38 0.000639
39 0.000637
40 0.000642
41 0.000658
42 0.000656
43 0.000680
44 0.000704
45 0.000702
46 0.000730
47 0.000738
48 0.000737
49 0.000767
50 0.000767
51 0.000772
52 0.000800
53 0.000798
54 0.000816
55 0.000839
56 0.000837
57 0.000851
58 0.000858
59 0.000856
60 0.000888
61 0.000890
62 0.000893
63 0.000923
64 0.000921
65 0.000927
66 0.000941
67 0.000938
68 0.000957
69 0.000969
70 0.000966
71 0.000992
72 0.000995
73 0.000994
74 0.001013
75 0.001011
76 0.001017
77 0.001037
78 0.001034
79 0.001044
80 0.001052
81 0.001049
82 0.001069
83 0.001072
84 0.001069
85 0.001089
86 0.001085
87 0.001088
88 0.001106
89 0.001103
90 0.001109
91 0.001117
92 0.001113
93 0.001128
94 0.001132
95 0.001128
96 0.001143
97 0.001140
98 0.001140
99 0.001157
100 0.001153
101 0.001157
102 0.001164
103 0.001160
104 0.001170
105 0.001175
106 0.001171
107 0.001182
108 0.001180
109 0.001178
110 0.001194
111 0.001190
112 0.001191
113 0.001198
114 0.001194
115 0.001202
116 0.001207
117 0.001203
118 0.001211
119 0.001210
120 0.001207
121 0.001222
122 0.001218
123 0.001218
124 0.001225
125 0.001221
126 0.001227
127 0.001232
128 0.001228
129 0.001235
130 0.001235
131 0.001232
132 0.001245
133 0.001242
134 0.001241
135 0.001250
136 0.001246
137 0.001250
138 0.001257
139 0.001254
140 0.001261
141 0.001263
142 0.001260
143 0.001273
144 0.001272
145 0.001271
146 0.001282
147 0.001280
148 0.001284
149 0.001292
150 0.001290
151 0.001297
152 0.001300
153 0.001298
154 0.001310
155 0.001310
156 0.001309
157 0.001321
158 0.001319
159 0.001322
160 0.001332
161 0.001329
162 0.001335
163 0.001340
164 0.001338
165 0.001348
166 0.001350
167 0.001348
168 0.001362
169 0.001359
170 0.001361
171 0.001371
172 0.001369
173 0.001374
174 0.001380
175 0.001378
176 0.001386
177 0.001389
178 0.001387
179 0.001399
180 0.001398
181 0.001398
182 0.001409
183 0.001407
184 0.001411
185 0.001418
186 0.001416
187 0.001424
188 0.001427
189 0.001425
190 0.001436
191 0.001436
192 0.001435
193 0.001447
194 0.001445
195 0.001448
196 0.001456
197 0.001454
198 0.001461
199 0.001465
200 0.001463
201 0.001473
202 0.001475
203 0.001473
204 0.001486
205 0.001484
206 0.001487
207 0.001496
208 0.001494
209 0.001500
210 0.001506
211 0.001505
212 0.001514
213 0.001517
214 0.001516
215 0.001528
216 0.001528
217 0.001530
218 0.001541
219 0.001540
220 0.001546
221 0.001554
222 0.001553
223 0.001563
224 0.001567
225 0.001568
226 0.001580
227 0.001582
228 0.001583
229 0.001589
230 0.001590
231 0.001601
232 0.001630
233 0.001631
234 0.001662
235 0.001777
236 0.001781
237 0.001747
238 0.001747
239 0.001748
240 0.001728
241 0.001731
242 0.001728
243 0.001733
244 0.001736
245 0.001742
246 0.001760
247 0.001762
248 0.001794
249 0.001809
250 0.001811
251 0.001872
252 0.001872
253 0.001819
254 0.001775
255 0.001778
256 0.001788
257 0.001798
258 0.001802
259 0.001816
260 0.001824
261 0.001828
262 0.001843
263 0.001848
264 0.001855
265 0.001871
266 0.001875
267 0.001884
268 0.001895
269 0.001900
270 0.001913
271 0.001923
272 0.001927
273 0.001942
274 0.001948
275 0.001954
276 0.001972
277 0.001977
278 0.001985
279 0.001998
280 0.002002
281 0.002016
282 0.002027
283 0.002032
284 0.002047
285 0.002054
286 0.002059
287 0.002080
288 0.002085
289 0.002093
290 0.002108
291 0.002112
292 0.002126
293 0.002140
294 0.002144
295 0.002160
296 0.002169
297 0.002173
298 0.002197
299 0.002202
300 0.002210
301 0.002226
302 0.002231
303 0.002245
304 0.002262
305 0.002266
306 0.002285
307 0.002297
308 0.002302
309 0.002321
310 0.002328
311 0.002336
312 0.002361
313 0.002366
314 0.002380
315 0.002400
316 0.002405
317 0.002420
318 0.002432
319 0.002437
320 0.002464
321 0.002473
322 0.002480
323 0.002510
324 0.002515
325 0.002525
326 0.002544
327 0.002549
328 0.002570
329 0.002589
330 0.002593
331 0.002622
