0 0.361342
1 0.000001
2 0.000421
3 0.000420
4 0.000419
5 0.000422
6 0.000431
7 0.000675
8 0.000957
9 0.001115
10 0.001211
11 0.001403
12 0.001458
13 0.001681
14 0.001716
15 0.001927
16 0.001982
17 0.002151
18 0.002237
19 0.002364
20 0.002480
21 0.002571
22 0.002712
23 0.002769
24 0.002936
25 0.002964
26 0.003144
27 0.003175
28 0.003320
29 0.003376
30 0.003488
31 0.003567
32 0.003649
33 0.003749
34 0.003803
35 0.003922
36 0.003951
37 0.004087
38 0.004107
39 0.004226
40 0.004260
41 0.004354
42 0.004406
43 0.004476
44 0.004544
45 0.004593
46 0.004674
47 0.004704
48 0.004794
49 0.004812
50 0.004941
51 0.004947
52 0.004963
53 0.005023
54 0.005131
55 0.005133
56 0.005137
57 0.005138
58 0.005140
59 0.005140
60 0.005143
61 0.005142
62 0.005144
63 0.005143
64 0.005145
65 0.005144
66 0.005145
67 0.005145
68 0.005145
69 0.005145
70 0.005144
71 0.005146
72 0.005141
73 0.005145
74 0.005140
75 0.005142
76 0.005138
77 0.005139
78 0.005137
79 0.005136
80 0.005134
81 0.005131
82 0.005133
83 0.005125
84 0.005130
85 0.005120
86 0.005124
87 0.005116
88 0.005118
89 0.005113
90 0.005110
91 0.005108
92 0.005104
93 0.005103
94 0.005095
95 0.005099
96 0.005087
97 0.005092
98 0.005080
99 0.005083
100 0.005074
101 0.005074
102 0.005068
103 0.005064
104 0.005062
105 0.005053
106 0.005056
107 0.005042
108 0.005048
109 0.005031
110 0.005036
111 0.005023
112 0.005024
113 0.005015
114 0.005011
115 0.005007
116 0.004998
117 0.004998
118 0.004984
119 0.004990
120 0.004970
121 0.004977
122 0.004959
123 0.004963
124 0.004951
125 0.004949
126 0.004942
127 0.004935
128 0.004933
129 0.004920
130 0.004924
131 0.004904
132 0.004913
133 0.004889
134 0.004896
135 0.004878
136 0.004878
137 0.004866
138 0.004860
139 0.004854
140 0.004841
141 0.004842
142 0.004820
143 0.004828
144 0.004798
145 0.004808
146 0.004782
147 0.004785
148 0.004766
149 0.004761
150 0.004748
151 0.004734
152 0.004729
153 0.004705
154 0.004708
155 0.004674
156 0.004683
157 0.004646
158 0.004650
159 0.004621
160 0.004615
161 0.004595
162 0.004580
163 0.004568
164 0.004542
165 0.004538
166 0.004499
167 0.004505
168 0.004453
169 0.004457
170 0.004413
171 0.004405
172 0.004369
173 0.004349
174 0.004323
175 0.004288
176 0.004272
177 0.004225
178 0.004219
179 0.004159
180 0.004156
181 0.004096
182 0.004086
183 0.004037
184 0.004013
185 0.003974
186 0.003938
187 0.003910
188 0.003860
189 0.003842
190 0.003778
191 0.003771
192 0.003697
193 0.003687
194 0.003625
195 0.003602
196 0.003550
197 0.003514
198 0.003475
199 0.003425
200 0.003399
201 0.003334
202 0.003321
203 0.003241
204 0.003232
205 0.003156
206 0.003137
207 0.003074
208 0.003040
209 0.002991
210 0.002941
211 0.002906
212 0.002840
213 0.002819
214 0.002737
215 0.002726
216 0.002636
217 0.002621
218 0.002545
219 0.002513
220 0.002452
221 0.002403
222 0.002356
223 0.002291
224 0.002260
225 0.002175
226 0.002161
227 0.002058
228 0.002045
229 0.001953
230 0.001924
231 0.001848
232 0.001801
233 0.001741
234 0.001675
235 0.001632
236 0.001547
237 0.001521
238 0.001416
239 0.001400
240 0.001291
241 0.001266
242 0.001174
243 0.001129
244 0.001054
245 0.000990
246 0.000934
247 0.000849
248 0.000811
249 0.000774
250 0.000793
251 0.001428
252 0.001542
253 0.002173
254 0.002399
255 0.002901
256 0.003223
257 0.003592
258 0.003994
259 0.004240
260 0.004704
261 0.004842
262 0.005361
263 0.005451
264 0.005916
265 0.006050
266 0.006437
267 0.006667
268 0.006993
269 0.007287
270 0.007551
271 0.007891
272 0.008104
273 0.008483
274 0.008670
275 0.009064
276 0.009274
277 0.009632
278 0.009901
279 0.010248
280 0.010578
281 0.010958
282 0.011380
283 0.011862
284 0.012344
285 0.012886
286 0.013359
287 0.013933
288 0.014319
289 0.014700
290 0.014821
291 0.015001
292 0.015118
293 0.015181
294 0.015341
295 0.015293
296 0.015567
297 0.015317
298 0.015657
299 0.015184
300 0.015356
301 0.014759
302 0.014517
303 0.013806
304 0.013136
305 0.012470
306 0.011456
307 0.010958
308 0.009569
309 0.009281
310 0.007468
311 0.007170
312 0.005420
313 0.004798
314 0.003242
315 0.002724
316 0.002071
317 0.002505
318 0.003069
319 0.003849
320 0.004091
321 0.005064
322 0.005187
323 0.006155
324 0.006321
325 0.007074
326 0.007378
327 0.007927
328 0.008359
329 0.008722
330 0.009281
331 0.009483
