0 0.361342
1 0.000001
2 0.000140
3 0.000140
4 0.000140
5 0.000140
6 0.000140
7 0.000140
8 0.000140
9 0.000140
10 0.000139
11 0.000140
12 0.000140
13 0.000143
14 0.000143
15 0.000144
16 0.000144
17 0.000144
18 0.000213
19 0.000319
20 0.000319
21 0.000319
22 0.000319
23 0.000318
24 0.000393
25 0.000404
26 0.000404
27 0.000404
28 0.000404
29 0.000431
30 0.000486
31 0.000486
32 0.000486
33 0.000487
34 0.000486
35 0.000550
36 0.000566
37 0.000566
38 0.000566
39 0.000565
40 0.000586
41 0.000643
42 0.000642
43 0.000643
44 0.000643
45 0.000643
46 0.000698
47 0.000717
48 0.000717
49 0.000717
50 0.000717
51 0.000732
52 0.000789
53 0.000789
54 0.000789
55 0.000789
56 0.000789
57 0.000835
58 0.000858
59 0.000859
60 0.000857
61 0.000858
62 0.000866
63 0.000925
64 0.000924
65 0.000925
66 0.000924
67 0.000924
68 0.000963
69 0.000989
70 0.000988
71 0.000988
72 0.000988
73 0.000992
74 0.001050
75 0.001049
76 0.001049
77 0.001050
78 0.001048
79 0.001081
80 0.001108
81 0.001108
82 0.001108
83 0.001108
84 0.001107
85 0.001166
86 0.001165
87 0.001164
88 0.001164
89 0.001164
90 0.001189
91 0.001219
92 0.001218
93 0.001218
94 0.001218
95 0.001217
96 0.001267
97 0.001270
98 0.001270
99 0.001270
100 0.001269
101 0.001290
102 0.001319
103 0.001319
104 0.001319
105 0.001319
106 0.001319
107 0.001360
108 0.001367
109 0.001366
110 0.001366
111 0.001366
112 0.001381
113 0.001411
114 0.001411
115 0.001411
116 0.001411
117 0.001410
118 0.001445
119 0.001454
120 0.001453
121 0.001454
122 0.001454
123 0.001464
124 0.001496
125 0.001495
126 0.001495
127 0.001495
128 0.001494
129 0.001524
130 0.001534
131 0.001534
132 0.001534
133 0.001534
134 0.001541
135 0.001571
136 0.001571
137 0.001571
138 0.001572
139 0.001570
140 0.001594
141 0.001605
142 0.001605
143 0.001605
144 0.001605
145 0.001611
146 0.001650
147 0.001651
148 0.001651
149 0.001651
150 0.001651
151 0.001655
152 0.001657
153 0.001658
154 0.001658
155 0.001659
156 0.001662
157 0.001713
158 0.001714
159 0.001714
160 0.001714
161 0.001714
162 0.001715
163 0.001715
164 0.001716
165 0.001716
166 0.001716
167 0.001717
168 0.001716
169 0.001716
170 0.001717
171 0.001717
172 0.001718
173 0.001717
174 0.001717
175 0.001718
176 0.001717
177 0.001718
178 0.001719
179 0.001717
180 0.001718
181 0.001718
182 0.001718
183 0.001719
184 0.001719
185 0.001718
186 0.001718
187 0.001719
188 0.001719
189 0.001719
190 0.001718
191 0.001718
192 0.001719
193 0.001718
194 0.001720
195 0.001719
196 0.001718
197 0.001718
198 0.001719
199 0.001719
200 0.001720
201 0.001718
202 0.001718
203 0.001719
204 0.001719
205 0.001720
206 0.001719
207 0.001718
208 0.001718
209 0.001718
210 0.001719
211 0.001720
212 0.001718
213 0.001717
214 0.001717
215 0.001719
216 0.001719
217 0.001719
218 0.001716
219 0.001717
220 0.001718
221 0.001718
222 0.001719
223 0.001717
224 0.001716
225 0.001716
226 0.001717
227 0.001717
228 0.001718
229 0.001715
230 0.001716
231 0.001716
232 0.001717
233 0.001717
234 0.001715
235 0.001714
236 0.001714
237 0.001715
238 0.001716
239 0.001716
240 0.001712
241 0.001713
242 0.001714
243 0.001715
244 0.001715
245 0.001713
246 0.001711
247 0.001712
248 0.001712
249 0.001713
250 0.001714
251 0.001710
252 0.001710
253 0.001711
254 0.001712
255 0.001712
256 0.001710
257 0.001708
258 0.001709
259 0.001710
260 0.001710
261 0.001711
262 0.001707
263 0.001706
264 0.001708
265 0.001709
266 0.001709
267 0.001707
268 0.001704
269 0.001705
270 0.001706
271 0.001707
272 0.001707
273 0.001703
274 0.001703
275 0.001704
276 0.001705
277 0.001705
278 0.001703
279 0.001700
280 0.001701
281 0.001702
282 0.001703
283 0.001704
284 0.001699
285 0.001699
286 0.001700
287 0.001700
288 0.001701
289 0.001700
290 0.001696
291 0.001697
292 0.001697
293 0.001699
294 0.001700
295 0.001695
296 0.001694
297 0.001695
298 0.001695
299 0.001697
300 0.001696
301 0.001690
302 0.001691
303 0.001693
304 0.001693
305 0.001694
306 0.001690
307 0.001689
308 0.001689
309 0.001691
310 0.001692
311 0.001691
312 0.001685
313 0.001686
314 0.001687
315 0.001688
316 0.001689
317 0.001685
318 0.001682
319 0.001684
320 0.001685
321 0.001686
322 0.001686
323 0.001679
324 0.001680
325 0.001681
326 0.001682
327 0.001684
328 0.001679
329 0.001676
330 0.001678
331 0.001678
