0 0.361342
1 0.000001
2 0.000051
3 0.000051
4 0.000051
5 0.000051
6 0.000051
7 0.000051
8 0.000051
9 0.000051
10 0.000051
11 0.000051
12 0.000051
13 0.000051
14 0.000051
15 0.000051
16 0.000051
17 0.000051
18 0.000051
19 0.000051
20 0.000051
21 0.000051
22 0.000051
23 0.000051
24 0.000051
25 0.000051
26 0.000051
27 0.000051
28 0.000051
29 0.000051
30 0.000051
31 0.000051
32 0.000051
33 0.000051
34 0.000051
35 0.000051
36 0.000051
37 0.000051
38 0.000051
39 0.000051
40 0.000076
41 0.000143
42 0.000144
43 0.000144
44 0.000144
45 0.000143
46 0.000144
47 0.000143
48 0.000144
49 0.000144
50 0.000143
51 0.000144
52 0.000143
53 0.000143
54 0.000143
55 0.000143
56 0.000143
57 0.000182
58 0.000201
59 0.000201
60 0.000201
61 0.000201
62 0.000201
63 0.000201
64 0.000201
65 0.000201
66 0.000201
67 0.000201
68 0.000224
69 0.000239
70 0.000239
71 0.000239
72 0.000239
73 0.000241
74 0.000266
75 0.000266
76 0.000266
77 0.000266
78 0.000266
79 0.000281
80 0.000294
81 0.000294
82 0.000294
83 0.000294
84 0.000294
85 0.000324
86 0.000324
87 0.000323
88 0.000323
89 0.000323
90 0.000338
91 0.000354
92 0.000354
93 0.000354
94 0.000354
95 0.000353
96 0.000383
97 0.000385
98 0.000385
99 0.000385
100 0.000385
101 0.000398
102 0.000418
103 0.000418
104 0.000417
105 0.000418
106 0.000418
107 0.000447
108 0.000451
109 0.000451
110 0.000451
111 0.000451
112 0.000463
113 0.000486
114 0.000486
115 0.000486
116 0.000486
117 0.000486
118 0.000515
119 0.000522
120 0.000522
121 0.000522
122 0.000522
123 0.000532
124 0.000559
125 0.000559
126 0.000559
127 0.000559
128 0.000559
129 0.000587
130 0.000597
131 0.000597
132 0.000597
133 0.000597
134 0.000605
135 0.000636
136 0.000636
137 0.000636
138 0.000636
139 0.000636
140 0.000663
141 0.000676
142 0.000676
143 0.000676
144 0.000676
145 0.000681
146 0.000718
147 0.000717
148 0.000717
149 0.000717
150 0.000717
151 0.000743
152 0.000760
153 0.000760
154 0.000760
155 0.000759
156 0.000762
157 0.000803
158 0.000803
159 0.000803
160 0.000803
161 0.000803
162 0.000826
163 0.000847
164 0.000847
165 0.000847
166 0.000847
167 0.000847
168 0.000890
169 0.000890
170 0.000890
171 0.000890
172 0.000889
173 0.000909
174 0.000931
175 0.000931
176 0.000931
177 0.000930
178 0.000930
179 0.000968
180 0.000970
181 0.000970
182 0.000970
183 0.000970
184 0.000985
185 0.001008
186 0.001008
187 0.001008
188 0.001008
189 0.001008
190 0.001039
191 0.001044
192 0.001044
193 0.001044
194 0.001044
195 0.001055
196 0.001079
197 0.001079
198 0.001078
199 0.001078
200 0.001078
201 0.001105
202 0.001111
203 0.001111
204 0.001111
205 0.001111
206 0.001119
207 0.001143
208 0.001143
209 0.001142
210 0.001142
211 0.001142
212 0.001164
213 0.001172
214 0.001172
215 0.001172
216 0.001172
217 0.001178
218 0.001201
219 0.001200
220 0.001200
221 0.001200
222 0.001200
223 0.001218
224 0.001227
225 0.001227
226 0.001227
227 0.001227
228 0.001230
229 0.001252
230 0.001252
231 0.001252
232 0.001253
233 0.001252
234 0.001267
235 0.001276
236 0.001276
237 0.001276
238 0.001276
239 0.001278
240 0.001299
241 0.001299
242 0.001298
243 0.001299
244 0.001299
245 0.001310
246 0.001320
247 0.001320
248 0.001320
249 0.001320
250 0.001320
251 0.001340
252 0.001340
253 0.001340
254 0.001340
255 0.001340
256 0.001349
257 0.001358
258 0.001358
259 0.001358
260 0.001359
261 0.001360
262 0.001380
263 0.001382
264 0.001382
265 0.001383
266 0.001383
267 0.001390
268 0.001400
269 0.001402
270 0.001404
271 0.001406
272 0.001407
273 0.001421
274 0.001424
275 0.001425
276 0.001425
277 0.001425
278 0.001430
279 0.001438
280 0.001443
281 0.001452
282 0.001452
283 0.001452
284 0.001460
285 0.001462
286 0.001462
287 0.001462
288 0.001462
289 0.001464
290 0.001470
291 0.001470
292 0.001470
293 0.001471
294 0.001471
295 0.001475
296 0.001477
297 0.001477
298 0.001477
299 0.001477
300 0.001479
301 0.001483
302 0.001483
303 0.001483
304 0.001483
305 0.001484
306 0.001486
307 0.001487
308 0.001488
309 0.001488
310 0.001489
311 0.001489
312 0.001490
313 0.001491
314 0.001491
315 0.001492
316 0.001492
317 0.001493
318 0.001493
319 0.001493
320 0.001494
321 0.001494
322 0.001494
323 0.001493
324 0.001493
325 0.001494
326 0.001494
327 0.001495
328 0.001493
329 0.001492
330 0.001493
331 0.001494
