0 0.359945
1 0.000001
2 0.000161
3 0.000161
4 0.000161
5 0.000229
6 0.000380
7 0.000445
8 0.000519
9 0.000603
10 0.000653
11 0.000754
12 0.000783
13 0.000899
14 0.000918
15 0.001027
16 0.001055
17 0.001142
18 0.001185
19 0.001251
20 0.001309
21 0.001356
22 0.001427
23 0.001456
24 0.001539
25 0.001553
26 0.001642
27 0.001657
28 0.001728
29 0.001755
30 0.001809
31 0.001847
32 0.001886
33 0.001932
34 0.001959
35 0.002013
36 0.002028
37 0.002087
38 0.002098
39 0.002149
40 0.002164
41 0.002203
42 0.002224
43 0.002252
44 0.002277
45 0.002296
46 0.002324
47 0.002334
48 0.002363
49 0.002370
50 0.002396
51 0.002401
52 0.002420
53 0.002427
54 0.002439
55 0.002447
56 0.002454
57 0.002462
58 0.002468
59 0.002478
60 0.002482
61 0.002596
62 0.002607
63 0.002653
64 0.002691
65 0.002785
66 0.002812
67 0.002845
68 0.002897
69 0.002933
70 0.002980
71 0.002997
72 0.003075
73 0.003087
74 0.003146
75 0.003163
76 0.003224
77 0.003249
78 0.003293
79 0.003329
80 0.003360
81 0.003407
82 0.003427
83 0.003485
84 0.003493
85 0.003560
86 0.003567
87 0.003620
88 0.003637
89 0.003679
90 0.003706
91 0.003737
92 0.003773
93 0.003793
94 0.003837
95 0.003845
96 0.003894
97 0.003897
98 0.003947
99 0.003954
100 0.003992
101 0.004006
102 0.004033
103 0.004057
104 0.004075
105 0.004107
106 0.004115
107 0.004154
108 0.004154
109 0.004196
110 0.004196
111 0.004228
112 0.004234
113 0.004257
114 0.004270
115 0.004285
116 0.004305
117 0.004315
118 0.004342
119 0.004347
120 0.004381
121 0.004385
122 0.004416
123 0.004424
124 0.004447
125 0.004459
126 0.004477
127 0.004493
128 0.004504
129 0.004524
130 0.004530
131 0.004551
132 0.004553
133 0.004572
134 0.004573
135 0.004587
136 0.004591
137 0.004599
138 0.004605
139 0.004611
140 0.004618
141 0.004620
142 0.004628
143 0.004628
144 0.004637
145 0.004636
146 0.004642
147 0.004644
148 0.004647
149 0.004649
150 0.004652
151 0.004654
152 0.004656
153 0.004658
154 0.004660
155 0.004667
156 0.004670
157 0.004668
158 0.004673
159 0.004681
160 0.004685
161 0.004686
162 0.004694
163 0.004703
164 0.004702
165 0.004708
166 0.004710
167 0.004721
168 0.004709
169 0.004718
170 0.004717
171 0.004718
172 0.004707
173 0.004708
174 0.004707
175 0.004704
176 0.004705
177 0.004663
178 0.004658
179 0.004641
180 0.004644
181 0.004624
182 0.004621
183 0.004605
184 0.004597
185 0.004583
186 0.004569
187 0.004559
188 0.004538
189 0.004532
190 0.004502
191 0.004501
192 0.004463
193 0.004459
194 0.004424
195 0.004410
196 0.004380
197 0.004355
198 0.004329
199 0.004294
200 0.004272
201 0.004224
202 0.004208
203 0.004113
204 0.004096
205 0.004040
206 0.004017
207 0.003966
208 0.003928
209 0.003880
210 0.003836
211 0.003800
212 0.003740
213 0.003713
214 0.003643
215 0.003625
216 0.003544
217 0.003523
218 0.003457
219 0.003421
220 0.003363
221 0.003316
222 0.003271
223 0.003210
224 0.003175
225 0.003102
226 0.003083
227 0.002994
228 0.002976
229 0.002898
230 0.002868
231 0.002801
232 0.002758
233 0.002705
234 0.002647
235 0.002608
236 0.002535
237 0.002510
238 0.002421
239 0.002405
240 0.002311
241 0.002289
242 0.002211
243 0.002170
244 0.002107
245 0.002051
246 0.002003
247 0.001928
248 0.001894
249 0.001804
250 0.001788
251 0.001675
252 0.001657
253 0.001565
254 0.001528
255 0.001447
256 0.001396
257 0.001336
258 0.001260
259 0.001214
260 0.001118
261 0.001090
262 0.000986
263 0.000967
264 0.000849
265 0.000817
266 0.000719
267 0.000666
268 0.000588
269 0.000514
270 0.000460
271 0.000396
272 0.000376
273 0.000141
274 0.000117
275 0.000106
276 0.000084
277 0.000013
278 0.000013
279 0.000014
280 0.000014
281 0.000014
282 0.001015
283 0.001569
284 0.001907
285 0.001992
286 0.002385
287 0.002448
288 0.002805
289 0.002909
290 0.003195
291 0.003355
292 0.003574
293 0.003789
294 0.003945
295 0.004208
296 0.004307
297 0.004617
298 0.004676
299 0.005001
300 0.005075
301 0.005344
302 0.005468
303 0.005687
304 0.005861
305 0.006034
306 0.006260
307 0.006396
308 0.006674
309 0.006777
310 0.007112
311 0.007229
312 0.007552
313 0.007734
314 0.008045
315 0.008306
316 0.008617
317 0.008959
318 0.009274
319 0.009695
320 0.010008
321 0.010498
322 0.010802
323 0.011299
324 0.011623
325 0.012087
326 0.012460
327 0.012887
328 0.013279
329 0.013647
330 0.014048
331 0.014361
