0 0.361342
1 0.000001
2 0.000414
3 0.000415
4 0.000418
5 0.000446
6 0.000445
7 0.000523
8 0.000618
9 0.000619
10 0.000710
11 0.000750
12 0.000750
13 0.000866
14 0.000874
15 0.000892
16 0.000989
17 0.000987
18 0.001028
19 0.001090
20 0.001089
21 0.001385
22 0.001573
23 0.001568
24 0.001624
25 0.001628
26 0.001629
27 0.001678
28 0.001672
29 0.001773
30 0.001986
31 0.001979
32 0.001989
33 0.001996
34 0.001989
35 0.002206
36 0.002253
37 0.002243
38 0.002246
39 0.002235
40 0.002282
41 0.002430
42 0.002418
43 0.002480
44 0.002540
45 0.002527
46 0.002621
47 0.002646
48 0.002631
49 0.002759
50 0.002749
51 0.002762
52 0.002865
53 0.002848
54 0.002897
55 0.002965
56 0.002947
57 0.003031
58 0.003064
59 0.003046
60 0.003167
61 0.003164
62 0.003165
63 0.003285
64 0.003265
65 0.003305
66 0.003388
67 0.003368
68 0.003447
69 0.003495
70 0.003473
71 0.003597
72 0.003603
73 0.003593
74 0.003739
75 0.003716
76 0.003733
77 0.003805
78 0.003783
79 0.003875
80 0.003952
81 0.003930
82 0.004073
83 0.004101
84 0.004078
85 0.004264
86 0.004240
87 0.004265
88 0.004395
89 0.004372
90 0.004439
91 0.004518
92 0.004495
93 0.004601
94 0.004634
95 0.004612
96 0.004754
97 0.004743
98 0.004746
99 0.004848
100 0.004826
101 0.004869
102 0.004944
103 0.004923
104 0.004998
105 0.005032
106 0.005012
107 0.005117
108 0.005116
109 0.005111
110 0.005217
111 0.005197
112 0.005222
113 0.005292
114 0.005273
115 0.005327
116 0.005364
117 0.005347
118 0.005425
119 0.005433
120 0.005420
121 0.005514
122 0.005498
123 0.005511
124 0.005575
125 0.005560
126 0.005596
127 0.005633
128 0.005618
129 0.005676
130 0.005687
131 0.005674
132 0.005749
133 0.005738
134 0.005743
135 0.005799
136 0.005786
137 0.005809
138 0.005843
139 0.005831
140 0.005870
141 0.005884
142 0.005872
143 0.005925
144 0.005921
145 0.005919
146 0.005966
147 0.005955
148 0.005967
149 0.005995
150 0.005985
151 0.006009
152 0.006021
153 0.006011
154 0.006045
155 0.006044
156 0.006038
157 0.006072
158 0.006062
159 0.006066
160 0.006087
161 0.006078
162 0.006089
163 0.006098
164 0.006090
165 0.006106
166 0.006106
167 0.006098
168 0.006119
169 0.006111
170 0.006109
171 0.006120
172 0.006112
173 0.006113
174 0.006117
175 0.006109
176 0.006112
177 0.006109
178 0.006102
179 0.006104
180 0.006097
181 0.006091
182 0.006089
183 0.006082
184 0.006075
185 0.006069
186 0.006062
187 0.006053
188 0.006044
189 0.006037
190 0.006024
191 0.006016
192 0.006008
193 0.005991
194 0.005984
195 0.005972
196 0.005954
197 0.005947
198 0.005929
199 0.005913
200 0.005906
201 0.005880
202 0.005868
203 0.005861
204 0.005827
205 0.005820
206 0.005805
207 0.005774
208 0.005768
209 0.005743
210 0.005717
211 0.005710
212 0.005674
213 0.005657
214 0.005650
215 0.005600
216 0.005592
217 0.005577
218 0.005531
219 0.005525
220 0.005495
221 0.005459
222 0.005453
223 0.005409
224 0.005384
225 0.005378
226 0.005319
227 0.005309
228 0.005298
229 0.005238
230 0.005236
231 0.005208
232 0.005162
233 0.005160
234 0.005114
235 0.005085
236 0.005084
237 0.005017
238 0.005003
239 0.004997
240 0.004920
241 0.004920
242 0.004894
243 0.004834
244 0.004834
245 0.004788
246 0.004747
247 0.004749
248 0.004677
249 0.004656
250 0.004658
251 0.004562
252 0.004566
253 0.004546
254 0.004473
255 0.004479
256 0.004436
257 0.004386
258 0.004395
259 0.004326
260 0.004303
261 0.004314
262 0.004216
263 0.004220
264 0.004213
265 0.004125
266 0.004139
267 0.004104
268 0.004043
269 0.004059
270 0.003992
271 0.003961
272 0.003980
273 0.003877
274 0.003878
275 0.003885
276 0.003773
277 0.003794
278 0.003765
279 0.003685
280 0.003708
281 0.003640
282 0.003594
283 0.003618
284 0.003507
285 0.003495
286 0.003513
287 0.003363
288 0.003384
289 0.003355
290 0.003238
291 0.003255
292 0.003176
293 0.003095
294 0.003110
295 0.002977
296 0.002936
297 0.002948
298 0.002760
299 0.002764
300 0.002732
301 0.002571
302 0.002580
303 0.002494
304 0.002377
305 0.002385
306 0.002240
307 0.002171
308 0.002178
309 0.001972
310 0.001954
311 0.001928
312 0.001720
313 0.001725
314 0.001637
315 0.001482
316 0.001485
317 0.001331
318 0.001229
319 0.001232
320 0.001017
321 0.000976
322 0.000958
323 0.000690
324 0.000691
325 0.000610
326 0.000419
327 0.000419
328 0.000140
329 0.000105
330 0.000104
331 0.000105
