0 0.361342
1 0.000001
2 0.001895
3 0.002062
4 0.002986
5 0.003875
6 0.005847
7 0.006802
8 0.007887
9 0.009056
10 0.009748
11 0.011076
12 0.011426
13 0.012862
14 0.013046
15 0.014290
16 0.014541
17 0.015433
18 0.015805
19 0.016387
20 0.016828
21 0.017161
22 0.017633
23 0.017772
24 0.018235
25 0.018245
26 0.018640
27 0.018631
28 0.018846
29 0.018854
30 0.018935
31 0.018922
32 0.018916
33 0.018834
34 0.018791
35 0.018601
36 0.018555
37 0.018199
38 0.018127
39 0.017674
40 0.017504
41 0.017032
42 0.016703
43 0.016248
44 0.015717
45 0.015331
46 0.014557
47 0.014280
48 0.013222
49 0.013038
50 0.011775
51 0.011368
52 0.009721
53 0.009608
54 0.009390
55 0.008616
56 0.007884
57 0.007768
58 0.007718
59 0.007573
60 0.007555
61 0.007382
62 0.007368
63 0.007218
64 0.007179
65 0.007061
66 0.006994
67 0.006905
68 0.006810
69 0.006752
70 0.006629
71 0.006600
72 0.006450
73 0.006438
74 0.006286
75 0.006262
76 0.006139
77 0.006088
78 0.005994
79 0.005916
80 0.005851
81 0.005747
82 0.005709
83 0.005579
84 0.005568
85 0.005413
86 0.005403
87 0.005276
88 0.005239
89 0.005138
90 0.005077
91 0.005003
92 0.004916
93 0.004869
94 0.004758
95 0.004738
96 0.004604
97 0.004595
98 0.004467
99 0.004444
100 0.004341
101 0.004295
102 0.004217
103 0.004146
104 0.004093
105 0.004000
106 0.003970
107 0.003855
108 0.003845
109 0.003714
110 0.003702
111 0.003595
112 0.003560
113 0.003476
114 0.003420
115 0.003359
116 0.003281
117 0.003242
118 0.003143
119 0.003126
120 0.003007
121 0.002997
122 0.002888
123 0.002862
124 0.002775
125 0.002730
126 0.002664
127 0.002599
128 0.002554
129 0.002470
130 0.002445
131 0.002343
132 0.002332
133 0.002224
134 0.002207
135 0.002119
136 0.002084
137 0.002016
138 0.001964
139 0.001914
140 0.001846
141 0.001814
142 0.001731
143 0.001716
144 0.001618
145 0.001606
146 0.001522
147 0.001497
148 0.001430
149 0.001391
150 0.001340
151 0.001287
152 0.001253
153 0.001187
154 0.001167
155 0.001091
156 0.001079
157 0.001003
158 0.000986
159 0.000925
160 0.000898
161 0.000851
162 0.000812
163 0.000779
164 0.000731
165 0.000710
166 0.000653
167 0.000643
168 0.000580
169 0.000571
170 0.000520
171 0.000502
172 0.000463
173 0.000426
174 0.000383
175 0.000384
176 0.000384
177 0.000310
178 0.000289
179 0.000289
180 0.000280
181 0.000189
182 0.000190
183 0.000190
184 0.000190
185 0.000190
186 0.000088
187 0.000006
188 0.000006
189 0.000006
190 0.000006
191 0.000006
192 0.000006
193 0.000006
194 0.000006
195 0.000006
196 0.000006
197 0.000006
198 0.000006
199 0.000006
200 0.000006
201 0.000006
202 0.000006
203 0.001628
204 0.002049
205 0.004812
206 0.005521
207 0.007472
208 0.008406
209 0.009684
210 0.010707
211 0.011456
212 0.012433
213 0.012793
214 0.013591
215 0.013724
216 0.014170
217 0.014199
218 0.014236
219 0.014129
220 0.013904
221 0.013515
222 0.013150
223 0.012314
224 0.011935
225 0.010481
226 0.010217
227 0.007971
228 0.007583
229 0.005143
230 0.004196
231 0.001828
232 0.001017
233 0.000007
234 0.000484
235 0.000810
236 0.001198
237 0.001322
238 0.001767
239 0.001838
240 0.002271
241 0.002364
242 0.002702
243 0.002853
244 0.003105
245 0.003307
246 0.003479
247 0.003724
248 0.003824
249 0.004105
250 0.004140
251 0.004451
252 0.004477
253 0.004715
254 0.004780
255 0.004952
256 0.005050
257 0.005165
258 0.005290
259 0.005355
260 0.005500
261 0.005522
262 0.005683
263 0.005685
264 0.005823
265 0.005835
266 0.005930
267 0.005960
268 0.006019
269 0.006062
270 0.006091
271 0.006141
272 0.006146
273 0.006198
274 0.006187
275 0.006234
276 0.007198
277 0.007072
278 0.006941
279 0.006847
280 0.006755
281 0.006680
282 0.006608
283 0.006546
284 0.006477
285 0.006426
286 0.006352
287 0.006325
288 0.006257
289 0.006218
290 0.006147
291 0.006092
292 0.006026
293 0.005948
294 0.005888
295 0.005785
296 0.005742
297 0.005606
298 0.005572
299 0.005410
300 0.005360
301 0.005198
302 0.005093
303 0.004944
304 0.004820
305 0.004718
306 0.004570
307 0.004495
308 0.004300
309 0.004255
310 0.004011
311 0.003967
312 0.003736
313 0.003653
314 0.003453
315 0.003320
316 0.003154
317 0.002965
318 0.002840
319 0.002592
320 0.002511
321 0.002198
322 0.002143
323 0.001808
324 0.001725
325 0.001433
326 0.001286
327 0.001044
328 0.000714
329 0.000427
330 0.000427
331 0.000427
