0 0.361101
1 0.000001
2 0.000198
3 0.000200
4 0.000200
5 0.000200
6 0.000199
7 0.000199
8 0.000199
9 0.000199
10 0.000198
11 0.000198
12 0.000198
13 0.000198
14 0.000198
15 0.000198
16 0.000197
17 0.000197
18 0.000292
19 0.000433
20 0.000432
21 0.000431
22 0.000431
23 0.000427
24 0.000428
25 0.000428
26 0.000437
27 0.000528
28 0.000526
29 0.000525
30 0.000524
31 0.000523
32 0.000559
33 0.000586
34 0.000585
35 0.000583
36 0.000581
37 0.000581
38 0.000632
39 0.000630
40 0.000628
41 0.000626
42 0.000624
43 0.000644
44 0.000659
45 0.000660
46 0.000658
47 0.000656
48 0.000654
49 0.000681
50 0.000679
51 0.000677
52 0.000675
53 0.000673
54 0.000679
55 0.000687
56 0.000685
57 0.000682
58 0.000680
59 0.000679
60 0.000682
61 0.000681
62 0.000679
63 0.000677
64 0.000672
65 0.000671
66 0.000666
67 0.000665
68 0.000663
69 0.000660
70 0.000659
71 0.000644
72 0.000640
73 0.000639
74 0.000637
75 0.000635
76 0.000626
77 0.000607
78 0.000605
79 0.000604
80 0.000602
81 0.000600
82 0.000574
83 0.000565
84 0.000564
85 0.000560
86 0.000561
87 0.000552
88 0.000527
89 0.000526
90 0.000525
91 0.000524
92 0.000522
93 0.000502
94 0.000492
95 0.000491
96 0.000490
97 0.000490
98 0.000489
99 0.000492
100 0.000491
101 0.000490
102 0.000489
103 0.000488
104 0.000500
105 0.000518
106 0.000519
107 0.000527
108 0.000526
109 0.000524
110 0.000508
111 0.000508
112 0.000519
113 0.000545
114 0.000545
115 0.000536
116 0.000530
117 0.000529
118 0.000534
119 0.000534
120 0.000534
121 0.000553
122 0.000552
123 0.000553
124 0.000556
125 0.000556
126 0.000564
127 0.000570
128 0.000571
129 0.000573
130 0.000573
131 0.000573
132 0.000600
133 0.000600
134 0.000599
135 0.000595
136 0.000596
137 0.000607
138 0.000623
139 0.000622
140 0.000622
141 0.000623
142 0.000623
143 0.000648
144 0.000650
145 0.000649
146 0.000649
147 0.000649
148 0.000659
149 0.000676
150 0.000676
151 0.000679
152 0.000679
153 0.000679
154 0.000702
155 0.000706
156 0.000704
157 0.000706
158 0.000705
159 0.000712
160 0.000731
161 0.000728
162 0.000737
163 0.000743
164 0.000741
165 0.000757
166 0.000761
167 0.000758
168 0.000772
169 0.000772
170 0.000776
171 0.000792
172 0.000789
173 0.000796
174 0.000803
175 0.000801
176 0.000817
177 0.000822
178 0.000819
179 0.000833
180 0.000832
181 0.000835
182 0.000854
183 0.000852
184 0.000855
185 0.000863
186 0.000862
187 0.000877
188 0.000884
189 0.000880
190 0.000893
191 0.000893
192 0.000894
193 0.000916
194 0.000913
195 0.000917
196 0.000924
197 0.000923
198 0.000936
199 0.000945
200 0.000945
201 0.000953
202 0.000953
203 0.000953
204 0.000978
205 0.000976
206 0.000976
207 0.000983
208 0.000983
209 0.000996
210 0.001008
211 0.001005
212 0.001013
213 0.001014
214 0.001012
215 0.001039
216 0.001037
217 0.001039
218 0.001045
219 0.001043
220 0.001055
221 0.001070
222 0.001067
223 0.001073
224 0.001074
225 0.001072
226 0.001098
227 0.001100
228 0.001099
229 0.001105
230 0.001103
231 0.001108
232 0.001126
233 0.001124
234 0.001134
235 0.001141
236 0.001138
237 0.001153
238 0.001155
239 0.001154
240 0.001173
241 0.001170
242 0.001174
243 0.001186
244 0.001185
245 0.001194
246 0.001202
247 0.001199
248 0.001213
249 0.001217
250 0.001213
251 0.001234
252 0.001232
253 0.001233
254 0.001249
255 0.001246
256 0.001254
257 0.001264
258 0.001261
259 0.001273
260 0.001279
261 0.001276
262 0.001295
263 0.001294
264 0.001293
265 0.001311
266 0.001309
267 0.001315
268 0.001327
269 0.001322
270 0.001334
271 0.001342
272 0.001339
273 0.001357
274 0.001357
275 0.001355
276 0.001375
277 0.001372
278 0.001377
279 0.001391
280 0.001386
281 0.001398
282 0.001406
283 0.001403
284 0.001420
285 0.001421
286 0.001419
287 0.001441
288 0.001437
289 0.001441
290 0.001457
291 0.001451
292 0.001463
293 0.001473
294 0.001469
295 0.001485
296 0.001488
297 0.001486
298 0.001508
299 0.001505
300 0.001507
301 0.001525
302 0.001521
303 0.001530
304 0.001542
305 0.001538
306 0.001552
307 0.001559
308 0.001555
309 0.001577
310 0.001576
311 0.001574
312 0.001596
313 0.001593
314 0.001600
315 0.001614
316 0.001610
317 0.001624
318 0.001631
319 0.001628
320 0.001648
321 0.001650
322 0.001648
323 0.001671
324 0.001668
325 0.001673
326 0.001690
327 0.001687
328 0.001699
329 0.001708
330 0.001706
331 0.001723
