0 0.361342
1 0.000001
2 0.000068
3 0.000068
4 0.000068
5 0.000068
6 0.000068
7 0.000068
8 0.000068
9 0.000068
10 0.000068
11 0.000068
12 0.000068
13 0.000068
14 0.000068
15 0.000068
16 0.000068
17 0.000068
18 0.000068
19 0.000068
20 0.000068
21 0.000068
22 0.000068
23 0.000068
24 0.000230
25 0.000255
26 0.000255
27 0.000255
28 0.000255
29 0.000297
30 0.000380
31 0.000381
32 0.000380
33 0.000380
34 0.000380
35 0.000468
36 0.000490
37 0.000492
38 0.000570
39 0.000570
40 0.000593
41 0.000658
42 0.000658
43 0.000704
44 0.000751
45 0.000750
46 0.000824
47 0.000850
48 0.000849
49 0.000952
50 0.000955
51 0.000977
52 0.001066
53 0.001066
54 0.001116
55 0.001183
56 0.001182
57 0.001265
58 0.001305
59 0.001305
60 0.001421
61 0.001434
62 0.001451
63 0.001568
64 0.001567
65 0.001619
66 0.001708
67 0.001706
68 0.001794
69 0.001852
70 0.001851
71 0.001978
72 0.002002
73 0.002012
74 0.002159
75 0.002157
76 0.002205
77 0.002319
78 0.002317
79 0.002406
80 0.002484
81 0.002482
82 0.002774
83 0.002860
84 0.002857
85 0.003427
86 0.003423
87 0.003546
88 0.003959
89 0.003953
90 0.004188
91 0.004457
92 0.004449
93 0.004784
94 0.004922
95 0.004912
96 0.005333
97 0.005351
98 0.005410
99 0.005758
100 0.005743
101 0.005890
102 0.006117
103 0.006099
104 0.006320
105 0.006439
106 0.006420
107 0.006703
108 0.006728
109 0.006738
110 0.007004
111 0.006980
112 0.007053
113 0.007223
114 0.007197
115 0.007321
116 0.007408
117 0.007380
118 0.007544
119 0.007563
120 0.007541
121 0.007719
122 0.007690
123 0.007712
124 0.007822
125 0.007794
126 0.007848
127 0.007902
128 0.007875
129 0.007955
130 0.007969
131 0.007936
132 0.008010
133 0.007977
134 0.007960
135 0.007998
136 0.007964
137 0.007961
138 0.007966
139 0.007932
140 0.007925
141 0.007896
142 0.007848
143 0.007820
144 0.007773
145 0.007722
146 0.007669
147 0.007605
148 0.007527
149 0.007446
150 0.007380
151 0.007291
152 0.007213
153 0.007152
154 0.007044
155 0.006976
156 0.006914
157 0.006788
158 0.006735
159 0.006655
160 0.006541
161 0.006494
162 0.006389
163 0.006295
164 0.006252
165 0.006115
166 0.006047
167 0.006009
168 0.005831
169 0.005797
170 0.005727
171 0.005574
172 0.005544
173 0.005434
174 0.005314
175 0.005287
176 0.005131
177 0.005050
178 0.005026
179 0.004815
180 0.004780
181 0.004724
182 0.004525
183 0.004506
184 0.004396
185 0.004242
186 0.004226
187 0.004057
188 0.003954
189 0.003941
190 0.003705
191 0.003659
192 0.003621
193 0.003367
194 0.003358
195 0.003253
196 0.003055
197 0.003048
198 0.002871
199 0.002736
200 0.002730
201 0.002474
202 0.002407
203 0.002392
204 0.002072
205 0.002069
206 0.001975
207 0.001722
208 0.001720
209 0.001540
210 0.001362
211 0.001360
212 0.001088
213 0.000989
214 0.000988
215 0.000424
216 0.000405
217 0.000404
218 0.000404
219 0.000404
220 0.000229
221 0.000003
222 0.000003
223 0.000003
224 0.000003
225 0.000003
226 0.000240
227 0.000266
228 0.000280
229 0.000369
230 0.000369
231 0.000407
232 0.000471
233 0.000471
234 0.000530
235 0.000570
236 0.000570
237 0.000651
238 0.000668
239 0.000674
240 0.000763
241 0.000763
242 0.000791
243 0.000857
244 0.000857
245 0.000906
246 0.000949
247 0.000949
248 0.001018
249 0.001039
250 0.001040
251 0.001127
252 0.001128
253 0.001148
254 0.001214
255 0.001214
256 0.001254
257 0.001299
258 0.001299
259 0.001357
260 0.001382
261 0.001383
262 0.001458
263 0.001464
264 0.001477
265 0.001543
266 0.001543
267 0.001575
268 0.001621
269 0.001622
270 0.001669
271 0.001697
272 0.001698
273 0.001761
274 0.001772
275 0.001780
276 0.001844
277 0.001845
278 0.001869
279 0.001915
280 0.001916
281 0.001955
282 0.001985
283 0.001986
284 0.002039
285 0.002053
286 0.002056
287 0.002118
288 0.002120
289 0.002137
290 0.002183
291 0.002185
292 0.002215
293 0.002246
294 0.002248
295 0.002291
296 0.002308
297 0.002309
298 0.002364
299 0.002368
300 0.002380
301 0.002424
302 0.002426
303 0.002450
304 0.002481
305 0.002483
306 0.002518
307 0.002536
308 0.002538
309 0.002583
310 0.002589
311 0.002597
312 0.002639
313 0.002641
314 0.002659
315 0.002689
316 0.002691
317 0.002718
318 0.002737
319 0.002739
320 0.002774
321 0.002783
322 0.002788
323 0.002826
324 0.002829
325 0.002842
326 0.002869
327 0.002872
328 0.002893
329 0.002911
330 0.002914
331 0.002941
