0 0.361342
1 0.000001
2 0.000063
3 0.000063
4 0.000063
5 0.000062
6 0.000062
7 0.000063
8 0.000063
9 0.000063
10 0.000063
11 0.000062
12 0.000063
13 0.000062
14 0.000062
15 0.000075
16 0.000142
17 0.000142
18 0.000142
19 0.000141
20 0.000141
21 0.000141
22 0.000155
23 0.000195
24 0.000195
25 0.000195
26 0.000195
27 0.000195
28 0.000195
29 0.000210
30 0.000241
31 0.000241
32 0.000241
33 0.000241
34 0.000241
35 0.000241
36 0.000258
37 0.000283
38 0.000283
39 0.000283
40 0.000282
41 0.000282
42 0.000282
43 0.000301
44 0.000320
45 0.000320
46 0.000320
47 0.000319
48 0.000319
49 0.000319
50 0.000339
51 0.000353
52 0.000352
53 0.000352
54 0.000352
55 0.000352
56 0.000352
57 0.000371
58 0.000381
59 0.000381
60 0.000380
61 0.000380
62 0.000380
63 0.000380
64 0.000399
65 0.000405
66 0.000405
67 0.000404
68 0.000404
69 0.000404
70 0.000404
71 0.000421
72 0.000425
73 0.000424
74 0.000424
75 0.000424
76 0.000423
77 0.000423
78 0.000439
79 0.000440
80 0.000440
81 0.000439
82 0.000439
83 0.000439
84 0.000438
85 0.000452
86 0.000451
87 0.000451
88 0.000451
89 0.000450
90 0.000450
91 0.000450
92 0.000459
93 0.000459
94 0.000458
95 0.000458
96 0.000458
97 0.000457
98 0.000458
99 0.000463
100 0.000462
101 0.000462
102 0.000461
103 0.000461
104 0.000461
105 0.000461
106 0.000463
107 0.000462
108 0.000462
109 0.000461
110 0.000461
111 0.000460
112 0.000460
113 0.000459
114 0.000459
115 0.000458
116 0.000458
117 0.000457
118 0.000457
119 0.000455
120 0.000452
121 0.000452
122 0.000451
123 0.000451
124 0.000450
125 0.000450
126 0.000446
127 0.000442
128 0.000442
129 0.000441
130 0.000441
131 0.000441
132 0.000440
133 0.000434
134 0.000430
135 0.000429
136 0.000429
137 0.000429
138 0.000429
139 0.000428
140 0.000419
141 0.000415
142 0.000415
143 0.000415
144 0.000414
145 0.000414
146 0.000414
147 0.000402
148 0.000399
149 0.000398
150 0.000398
151 0.000398
152 0.000398
153 0.000398
154 0.000384
155 0.000381
156 0.000381
157 0.000380
158 0.000380
159 0.000380
160 0.000380
161 0.000364
162 0.000362
163 0.000362
164 0.000362
165 0.000362
166 0.000362
167 0.000361
168 0.000345
169 0.000345
170 0.000345
171 0.000344
172 0.000344
173 0.000344
174 0.000343
175 0.000330
176 0.000330
177 0.000330
178 0.000330
179 0.000329
180 0.000329
181 0.000327
182 0.000321
183 0.000321
184 0.000321
185 0.000321
186 0.000321
187 0.000321
188 0.000317
189 0.000325
190 0.000324
191 0.000324
192 0.000324
193 0.000324
194 0.000324
195 0.000327
196 0.000333
197 0.000333
198 0.000333
199 0.000333
200 0.000333
201 0.000333
202 0.000336
203 0.000342
204 0.000341
205 0.000341
206 0.000341
207 0.000341
208 0.000341
209 0.000346
210 0.000350
211 0.000350
212 0.000350
213 0.000349
214 0.000350
215 0.000349
216 0.000354
217 0.000358
218 0.000358
219 0.000358
220 0.000358
221 0.000357
222 0.000358
223 0.000363
224 0.000366
225 0.000366
226 0.000366
227 0.000366
228 0.000366
229 0.000366
230 0.000372
231 0.000374
232 0.000374
233 0.000374
234 0.000374
235 0.000374
236 0.000374
237 0.000380
238 0.000382
239 0.000382
240 0.000382
241 0.000382
242 0.000381
243 0.000381
244 0.000389
245 0.000390
246 0.000389
247 0.000389
248 0.000389
249 0.000389
250 0.000389
251 0.000397
252 0.000397
253 0.000397
254 0.000397
255 0.000397
256 0.000397
257 0.000397
258 0.000405
259 0.000404
260 0.000405
261 0.000404
262 0.000404
263 0.000404
264 0.000405
265 0.000412
266 0.000412
267 0.000412
268 0.000411
269 0.000411
270 0.000411
271 0.000413
272 0.000419
273 0.000419
274 0.000419
275 0.000419
276 0.000419
277 0.000419
278 0.000421
279 0.000426
280 0.000426
281 0.000426
282 0.000426
283 0.000426
284 0.000425
285 0.000429
286 0.000433
287 0.000433
288 0.000433
289 0.000433
290 0.000433
291 0.000432
292 0.000436
293 0.000440
294 0.000440
295 0.000440
296 0.000440
297 0.000439
298 0.000439
299 0.000444
300 0.000447
301 0.000446
302 0.000446
303 0.000446
304 0.000446
305 0.000446
306 0.000451
307 0.000453
308 0.000453
309 0.000453
310 0.000453
311 0.000453
312 0.000452
313 0.000458
314 0.000460
315 0.000460
316 0.000459
317 0.000459
318 0.000459
319 0.000459
320 0.000465
321 0.000466
322 0.000466
323 0.000466
324 0.000466
325 0.000465
326 0.000465
327 0.000472
328 0.000472
329 0.000472
330 0.000472
331 0.000472
