0 0.361340
1 0.000001
2 0.000023
3 0.000022
4 0.000023
5 0.000022
6 0.000022
7 0.000023
8 0.000022
9 0.000022
10 0.000022
11 0.000022
12 0.000022
13 0.000022
14 0.000022
15 0.000027
16 0.000053
17 0.000053
18 0.000052
19 0.000053
20 0.000053
21 0.000052
22 0.000057
23 0.000071
24 0.000071
25 0.000071
26 0.000071
27 0.000071
28 0.000071
29 0.000076
30 0.000087
31 0.000088
32 0.000087
33 0.000087
34 0.000087
35 0.000087
36 0.000094
37 0.000103
38 0.000103
39 0.000103
40 0.000103
41 0.000103
42 0.000103
43 0.000109
44 0.000116
45 0.000116
46 0.000116
47 0.000116
48 0.000116
49 0.000116
50 0.000123
51 0.000128
52 0.000128
53 0.000128
54 0.000128
55 0.000128
56 0.000128
57 0.000135
58 0.000139
59 0.000138
60 0.000138
61 0.000138
62 0.000139
63 0.000138
64 0.000145
65 0.000147
66 0.000147
67 0.000147
68 0.000147
69 0.000147
70 0.000147
71 0.000153
72 0.000154
73 0.000154
74 0.000154
75 0.000154
76 0.000154
77 0.000154
78 0.000160
79 0.000160
80 0.000160
81 0.000160
82 0.000160
83 0.000160
84 0.000160
85 0.000162
86 0.000162
87 0.000162
88 0.000162
89 0.000162
90 0.000162
91 0.000162
92 0.000164
93 0.000164
94 0.000164
95 0.000164
96 0.000164
97 0.000164
98 0.000165
99 0.000165
100 0.000165
101 0.000165
102 0.000165
103 0.000165
104 0.000165
105 0.000164
106 0.000163
107 0.000164
108 0.000164
109 0.000163
110 0.000164
111 0.000164
112 0.000163
113 0.000161
114 0.000161
115 0.000161
116 0.000161
117 0.000161
118 0.000161
119 0.000159
120 0.000157
121 0.000157
122 0.000157
123 0.000157
124 0.000157
125 0.000157
126 0.000154
127 0.000152
128 0.000152
129 0.000152
130 0.000152
131 0.000152
132 0.000152
133 0.000148
134 0.000146
135 0.000145
136 0.000145
137 0.000145
138 0.000145
139 0.000145
140 0.000140
141 0.000137
142 0.000137
143 0.000137
144 0.000137
145 0.000137
146 0.000137
147 0.000131
148 0.000129
149 0.000128
150 0.000128
151 0.000128
152 0.000129
153 0.000128
154 0.000121
155 0.000119
156 0.000119
157 0.000119
158 0.000119
159 0.000119
160 0.000119
161 0.000111
162 0.000110
163 0.000110
164 0.000110
165 0.000110
166 0.000111
167 0.000110
168 0.000103
169 0.000104
170 0.000103
171 0.000103
172 0.000103
173 0.000104
174 0.000103
175 0.000099
176 0.000100
177 0.000099
178 0.000099
179 0.000099
180 0.000099
181 0.000099
182 0.000098
183 0.000098
184 0.000098
185 0.000098
186 0.000098
187 0.000098
188 0.000097
189 0.000099
190 0.000099
191 0.000099
192 0.000099
193 0.000099
194 0.000098
195 0.000102
196 0.000106
197 0.000106
198 0.000106
199 0.000106
200 0.000106
201 0.000106
202 0.000111
203 0.000116
204 0.000117
205 0.000116
206 0.000117
207 0.000117
208 0.000116
209 0.000123
210 0.000130
211 0.000131
212 0.000130
213 0.000130
214 0.000130
215 0.000131
216 0.000138
217 0.000144
218 0.000144
219 0.000144
220 0.000144
221 0.000143
222 0.000144
223 0.000153
224 0.000157
225 0.000158
226 0.000157
227 0.000157
228 0.000157
229 0.000157
230 0.000167
231 0.000170
232 0.000170
233 0.000170
234 0.000170
235 0.000170
236 0.000170
237 0.000181
238 0.000183
239 0.000184
240 0.000183
241 0.000183
242 0.000183
243 0.000183
244 0.000195
245 0.000196
246 0.000197
247 0.000196
248 0.000196
249 0.000196
250 0.000196
251 0.000209
252 0.000210
253 0.000209
254 0.000210
255 0.000209
256 0.000209
257 0.000209
258 0.000222
259 0.000222
260 0.000222
261 0.000222
262 0.000221
263 0.000221
264 0.000224
265 0.000234
266 0.000235
267 0.000233
268 0.000235
269 0.000233
270 0.000234
271 0.000238
272 0.000246
273 0.000246
274 0.000246
275 0.000246
276 0.000246
277 0.000246
278 0.000250
279 0.000258
280 0.000258
281 0.000258
282 0.000258
283 0.000258
284 0.000258
285 0.000264
286 0.000270
287 0.000270
288 0.000270
289 0.000270
290 0.000271
291 0.000270
292 0.000276
293 0.000283
294 0.000282
295 0.000282
296 0.000283
297 0.000282
298 0.000281
299 0.000289
300 0.000293
301 0.000294
302 0.000294
303 0.000294
304 0.000294
305 0.000294
306 0.000301
307 0.000305
308 0.000306
309 0.000305
310 0.000306
311 0.000304
312 0.000305
313 0.000314
314 0.000317
315 0.000316
316 0.000316
317 0.000317
318 0.000316
319 0.000316
320 0.000326
321 0.000327
322 0.000328
323 0.000328
324 0.000327
325 0.000327
326 0.000327
327 0.000337
328 0.000339
329 0.000339
330 0.000339
331 0.000339
