0 0.361340
1 0.000001
2 0.000045
3 0.000045
4 0.000045
5 0.000045
6 0.000045
7 0.000045
8 0.000050
9 0.000105
10 0.000105
11 0.000105
12 0.000128
13 0.000142
14 0.000142
15 0.000147
16 0.000175
17 0.000175
18 0.000175
19 0.000197
20 0.000205
21 0.000205
22 0.000212
23 0.000233
24 0.000232
25 0.000232
26 0.000251
27 0.000256
28 0.000256
29 0.000263
30 0.000277
31 0.000277
32 0.000277
33 0.000292
34 0.000295
35 0.000294
36 0.000301
37 0.000309
38 0.000309
39 0.000309
40 0.000320
41 0.000320
42 0.000320
43 0.000322
44 0.000324
45 0.000324
46 0.000324
47 0.000329
48 0.000329
49 0.000329
50 0.000330
51 0.000330
52 0.000330
53 0.000330
54 0.000327
55 0.000327
56 0.000327
57 0.000324
58 0.000322
59 0.000322
60 0.000320
61 0.000314
62 0.000315
63 0.000314
64 0.000306
65 0.000303
66 0.000303
67 0.000299
68 0.000291
69 0.000291
70 0.000290
71 0.000277
72 0.000274
73 0.000274
74 0.000268
75 0.000257
76 0.000257
77 0.000257
78 0.000240
79 0.000239
80 0.000239
81 0.000230
82 0.000220
83 0.000221
84 0.000221
85 0.000207
86 0.000207
87 0.000207
88 0.000201
89 0.000199
90 0.000198
91 0.000198
92 0.000197
93 0.000197
94 0.000196
95 0.000194
96 0.000198
97 0.000198
98 0.000200
99 0.000212
100 0.000212
101 0.000212
102 0.000227
103 0.000233
104 0.000234
105 0.000240
106 0.000261
107 0.000261
108 0.000261
109 0.000282
110 0.000288
111 0.000287
112 0.000297
113 0.000315
114 0.000314
115 0.000314
116 0.000338
117 0.000341
118 0.000340
119 0.000352
120 0.000367
121 0.000367
122 0.000366
123 0.000392
124 0.000393
125 0.000392
126 0.000405
127 0.000418
128 0.000419
129 0.000418
130 0.000444
131 0.000443
132 0.000442
133 0.000458
134 0.000468
135 0.000468
136 0.000471
137 0.000492
138 0.000492
139 0.000492
140 0.000509
141 0.000517
142 0.000516
143 0.000521
144 0.000541
145 0.000540
146 0.000541
147 0.000558
148 0.000563
149 0.000564
150 0.000571
151 0.000587
152 0.000587
153 0.000587
154 0.000606
155 0.000610
156 0.000610
157 0.000618
158 0.000633
159 0.000633
160 0.000633
161 0.000653
162 0.000656
163 0.000655
164 0.000665
165 0.000678
166 0.000677
167 0.000677
168 0.000699
169 0.000699
170 0.000699
171 0.000712
172 0.000721
173 0.000721
174 0.000723
175 0.000743
176 0.000744
177 0.000743
178 0.000756
179 0.000766
180 0.000765
181 0.000769
182 0.000787
183 0.000788
184 0.000788
185 0.000801
186 0.000808
187 0.000808
188 0.000813
189 0.000829
190 0.000829
191 0.000831
192 0.000847
193 0.000852
194 0.000852
195 0.000859
196 0.000873
197 0.000874
198 0.000874
199 0.000893
200 0.000896
201 0.000896
202 0.000905
203 0.000917
204 0.000918
205 0.000919
206 0.000938
207 0.000941
208 0.000941
209 0.000951
210 0.000962
211 0.000963
212 0.000963
213 0.000984
214 0.000984
215 0.000984
216 0.000997
217 0.001006
218 0.001007
219 0.001010
220 0.001027
221 0.001028
222 0.001029
223 0.001042
224 0.001050
225 0.001050
226 0.001056
227 0.001071
228 0.001072
229 0.001072
230 0.001088
231 0.001094
232 0.001094
233 0.001100
234 0.001115
235 0.001116
236 0.001117
237 0.001134
238 0.001137
239 0.001138
240 0.001147
241 0.001158
242 0.001160
243 0.001161
244 0.001178
245 0.001181
246 0.001182
247 0.001192
248 0.001202
249 0.001203
250 0.001205
251 0.001223
252 0.001224
253 0.001226
254 0.001236
255 0.001245
256 0.001246
257 0.001248
258 0.001265
259 0.001266
260 0.001267
261 0.001279
262 0.001286
263 0.001287
264 0.001291
265 0.001305
266 0.001306
267 0.001307
268 0.001319
269 0.001325
270 0.001326
271 0.001330
272 0.001343
273 0.001343
274 0.001344
275 0.001357
276 0.001360
277 0.001360
278 0.001366
279 0.001376
280 0.001376
281 0.001375
282 0.001388
283 0.001390
284 0.001389
285 0.001394
286 0.001402
287 0.001401
288 0.001401
289 0.001414
290 0.001414
291 0.001413
292 0.001419
293 0.001426
294 0.001425
295 0.001424
296 0.001437
297 0.001436
298 0.001435
299 0.001442
300 0.001447
301 0.001446
302 0.001446
303 0.001457
304 0.001456
305 0.001455
306 0.001462
307 0.001465
308 0.001464
309 0.001466
310 0.001474
311 0.001473
312 0.001472
313 0.001480
314 0.001481
315 0.001480
316 0.001482
317 0.001489
318 0.001488
319 0.001487
320 0.001495
321 0.001495
322 0.001494
323 0.001497
324 0.001502
325 0.001500
326 0.001499
327 0.001507
328 0.001507
329 0.001505
330 0.001508
331 0.001512
