0 0.361125
1 0.000001
2 0.000500
3 0.000500
4 0.000499
5 0.000499
6 0.000500
7 0.000499
8 0.000499
9 0.000499
10 0.000824
11 0.000973
12 0.000974
13 0.001198
14 0.001213
15 0.001231
16 0.001335
17 0.001335
18 0.001421
19 0.001551
20 0.001550
21 0.001654
22 0.001715
23 0.001717
24 0.001885
25 0.001912
26 0.001945
27 0.002246
28 0.002248
29 0.002301
30 0.002405
31 0.002409
32 0.002494
33 0.002562
34 0.002568
35 0.002683
36 0.002720
37 0.002734
38 0.002962
39 0.002972
40 0.003012
41 0.003112
42 0.003122
43 0.003190
44 0.003256
45 0.003267
46 0.003410
47 0.003469
48 0.003479
49 0.003581
50 0.003597
51 0.003627
52 0.003708
53 0.003720
54 0.003791
55 0.003879
56 0.003888
57 0.003944
58 0.003976
59 0.003986
60 0.004094
61 0.004119
62 0.004140
63 0.004196
64 0.004208
65 0.004244
66 0.004300
67 0.004301
68 0.004314
69 0.004327
70 0.004327
71 0.004373
72 0.004380
73 0.004378
74 0.004383
75 0.004385
76 0.004399
77 0.004430
78 0.004439
79 0.004444
80 0.004450
81 0.004464
82 0.004477
83 0.004492
84 0.004506
85 0.004501
86 0.004516
87 0.004530
88 0.004548
89 0.004559
90 0.004558
91 0.004555
92 0.004561
93 0.004568
94 0.004573
95 0.004575
96 0.004559
97 0.004555
98 0.004551
99 0.004540
100 0.004534
101 0.004517
102 0.004494
103 0.004484
104 0.004469
105 0.004453
106 0.004436
107 0.004403
108 0.004375
109 0.004346
110 0.004307
111 0.004278
112 0.004244
113 0.004203
114 0.004173
115 0.004128
116 0.004089
117 0.004056
118 0.004012
119 0.003977
120 0.003943
121 0.003869
122 0.003835
123 0.003800
124 0.003761
125 0.003729
126 0.003681
127 0.003631
128 0.003602
129 0.003567
130 0.003534
131 0.003504
132 0.003442
133 0.003412
134 0.003384
135 0.003356
136 0.003329
137 0.003287
138 0.003243
139 0.003220
140 0.003199
141 0.003179
142 0.003155
143 0.003104
144 0.003078
145 0.003060
146 0.003051
147 0.003031
148 0.002999
149 0.002958
150 0.002939
151 0.002931
152 0.002921
153 0.002902
154 0.002857
155 0.002836
156 0.002819
157 0.002824
158 0.002807
159 0.002777
160 0.002730
161 0.002715
162 0.002714
163 0.002712
164 0.002697
165 0.002703
166 0.002695
167 0.002680
168 0.002609
169 0.002595
170 0.002589
171 0.002597
172 0.002583
173 0.002584
174 0.002586
175 0.002574
176 0.002508
177 0.002478
178 0.002467
179 0.002484
180 0.002476
181 0.002471
182 0.002485
183 0.002477
184 0.002479
185 0.002487
186 0.002480
187 0.002489
188 0.002492
189 0.002485
190 0.002424
191 0.002427
192 0.002427
193 0.002442
194 0.002442
195 0.002447
196 0.002460
197 0.002459
198 0.002470
199 0.002478
200 0.002480
201 0.002493
202 0.002498
203 0.002502
204 0.002516
205 0.002519
206 0.002526
207 0.002537
208 0.002541
209 0.002550
210 0.002559
211 0.002564
212 0.002574
213 0.002582
214 0.002588
215 0.002597
216 0.002604
217 0.002612
218 0.002619
219 0.002627
220 0.002652
221 0.002721
222 0.002733
223 0.002738
224 0.002746
225 0.002759
226 0.002760
227 0.002771
228 0.002790
229 0.002854
230 0.002868
231 0.002877
232 0.002881
233 0.002897
234 0.002901
235 0.002910
236 0.002926
237 0.002985
238 0.003013
239 0.003031
240 0.003028
241 0.003049
242 0.003081
243 0.003128
244 0.003151
245 0.003160
246 0.003170
247 0.003195
248 0.003246
249 0.003282
250 0.003308
251 0.003301
252 0.003330
253 0.003365
254 0.003417
255 0.003448
256 0.003459
257 0.003468
258 0.003499
259 0.003547
260 0.003589
261 0.003622
262 0.003617
263 0.003649
264 0.003685
265 0.003736
266 0.003772
267 0.003787
268 0.003793
269 0.003826
270 0.003864
271 0.003902
272 0.003933
273 0.003926
274 0.003952
275 0.003981
276 0.004009
277 0.004039
278 0.004060
279 0.004078
280 0.004108
281 0.004124
282 0.004144
283 0.004177
284 0.004185
285 0.004210
286 0.004241
287 0.004243
288 0.004273
289 0.004296
290 0.004302
291 0.004332
292 0.004343
293 0.004357
294 0.004386
295 0.004388
296 0.004406
297 0.004431
298 0.004418
299 0.004440
300 0.004451
301 0.004438
302 0.004457
303 0.004454
304 0.004446
305 0.004463
306 0.004446
307 0.004448
308 0.004464
309 0.004435
310 0.004447
311 0.004454
312 0.004423
313 0.004435
314 0.004428
315 0.004409
316 0.004421
317 0.004398
318 0.004387
319 0.004397
320 0.004359
321 0.004358
322 0.004364
323 0.004313
324 0.004322
325 0.004310
326 0.004272
327 0.004277
328 0.004250
329 0.004223
330 0.004230
331 0.004183
