0 0.361304
1 0.000001
2 0.000008
3 0.000008
4 0.000008
5 0.000008
6 0.000008
7 0.000008
8 0.000008
9 0.000007
10 0.000008
11 0.000008
12 0.000008
13 0.000007
14 0.000008
15 0.000008
16 0.000008
17 0.000008
18 0.000008
19 0.000007
20 0.000008
21 0.000008
22 0.000008
23 0.000007
24 0.000008
25 0.000008
26 0.000008
27 0.000008
28 0.000008
29 0.000008
30 0.000008
31 0.000008
32 0.000007
33 0.000008
34 0.000008
35 0.000008
36 0.000008
37 0.000008
38 0.000008
39 0.000008
40 0.000007
41 0.000008
42 0.000008
43 0.000008
44 0.000007
45 0.000008
46 0.000008
47 0.000008
48 0.000008
49 0.000008
50 0.000008
51 0.000008
52 0.000008
53 0.000008
54 0.000008
55 0.000008
56 0.000008
57 0.000008
58 0.000008
59 0.000008
60 0.000008
61 0.000008
62 0.000008
63 0.000008
64 0.000007
65 0.000008
66 0.000008
67 0.000008
68 0.000007
69 0.000008
70 0.000008
71 0.000008
72 0.000008
73 0.000007
74 0.000008
75 0.000008
76 0.000008
77 0.000007
78 0.000008
79 0.000008
80 0.000008
81 0.000007
82 0.000008
83 0.000008
84 0.000008
85 0.000029
86 0.000029
87 0.000030
88 0.000030
89 0.000029
90 0.000030
91 0.000029
92 0.000030
93 0.000029
94 0.000029
95 0.000030
96 0.000029
97 0.000030
98 0.000030
99 0.000029
100 0.000029
101 0.000030
102 0.000030
103 0.000029
104 0.000029
105 0.000032
106 0.000042
107 0.000041
108 0.000041
109 0.000041
110 0.000041
111 0.000042
112 0.000041
113 0.000042
114 0.000041
115 0.000041
116 0.000041
117 0.000041
118 0.000041
119 0.000046
120 0.000052
121 0.000053
122 0.000052
123 0.000053
124 0.000052
125 0.000052
126 0.000052
127 0.000053
128 0.000052
129 0.000053
130 0.000052
131 0.000053
132 0.000052
133 0.000059
134 0.000065
135 0.000064
136 0.000065
137 0.000065
138 0.000065
139 0.000064
140 0.000065
141 0.000065
142 0.000065
143 0.000065
144 0.000065
145 0.000064
146 0.000065
147 0.000073
148 0.000075
149 0.000075
150 0.000074
151 0.000075
152 0.000075
153 0.000075
154 0.000080
155 0.000082
156 0.000082
157 0.000082
158 0.000082
159 0.000082
160 0.000082
161 0.000088
162 0.000089
163 0.000089
164 0.000089
165 0.000089
166 0.000090
167 0.000089
168 0.000096
169 0.000098
170 0.000097
171 0.000097
172 0.000096
173 0.000098
174 0.000098
175 0.000105
176 0.000105
177 0.000105
178 0.000105
179 0.000105
180 0.000105
181 0.000106
182 0.000114
183 0.000114
184 0.000114
185 0.000114
186 0.000113
187 0.000113
188 0.000116
189 0.000123
190 0.000122
191 0.000123
192 0.000122
193 0.000122
194 0.000122
195 0.000126
196 0.000132
197 0.000131
198 0.000131
199 0.000132
200 0.000132
201 0.000131
202 0.000137
203 0.000144
204 0.000145
205 0.000144
206 0.000145
207 0.000145
208 0.000144
209 0.000153
210 0.000162
211 0.000163
212 0.000162
213 0.000162
214 0.000161
215 0.000163
216 0.000172
217 0.000179
218 0.000179
219 0.000179
220 0.000179
221 0.000179
222 0.000179
223 0.000191
224 0.000195
225 0.000197
226 0.000196
227 0.000196
228 0.000196
229 0.000196
230 0.000209
231 0.000213
232 0.000213
233 0.000213
234 0.000212
235 0.000213
236 0.000213
237 0.000227
238 0.000230
239 0.000230
240 0.000230
241 0.000230
242 0.000229
243 0.000230
244 0.000245
245 0.000246
246 0.000247
247 0.000247
248 0.000247
249 0.000247
250 0.000247
251 0.000262
252 0.000264
253 0.000263
254 0.000264
255 0.000263
256 0.000263
257 0.000264
258 0.000280
259 0.000279
260 0.000280
261 0.000280
262 0.000279
263 0.000280
264 0.000283
265 0.000296
266 0.000297
267 0.000296
268 0.000297
269 0.000296
270 0.000297
271 0.000301
272 0.000313
273 0.000313
274 0.000313
275 0.000313
276 0.000313
277 0.000313
278 0.000318
279 0.000329
280 0.000329
281 0.000329
282 0.000330
283 0.000330
284 0.000329
285 0.000337
286 0.000346
287 0.000346
288 0.000346
289 0.000346
290 0.000347
291 0.000346
292 0.000354
293 0.000363
294 0.000362
295 0.000363
296 0.000363
297 0.000363
298 0.000363
299 0.000373
300 0.000379
301 0.000380
302 0.000379
303 0.000379
304 0.000380
305 0.000380
306 0.000390
307 0.000396
308 0.000396
309 0.000395
310 0.000397
311 0.000396
312 0.000397
313 0.000408
314 0.000413
315 0.000412
316 0.000412
317 0.000414
318 0.000413
319 0.000413
320 0.000426
321 0.000428
322 0.000430
323 0.000430
324 0.000430
325 0.000430
326 0.000430
327 0.000444
328 0.000447
329 0.000446
330 0.000447
331 0.000447
