0 0.351826
1 0.000001
2 0.000326
3 0.000326
4 0.000326
5 0.000326
6 0.000363
7 0.000442
8 0.000468
9 0.000779
10 0.000777
11 0.000923
12 0.000963
13 0.001043
14 0.001132
15 0.001157
16 0.001287
17 0.001284
18 0.001406
19 0.001423
20 0.001492
21 0.001546
22 0.001571
23 0.001655
24 0.001649
25 0.001744
26 0.001743
27 0.001796
28 0.001823
29 0.001843
30 0.001889
31 0.001884
32 0.001943
33 0.001935
34 0.001968
35 0.001976
36 0.001986
37 0.002004
38 0.002000
39 0.002022
40 0.002013
41 0.002024
42 0.002021
43 0.002019
44 0.002018
45 0.002010
46 0.002006
47 0.001998
48 0.001986
49 0.001978
50 0.001963
51 0.001950
52 0.001938
53 0.001917
54 0.001909
55 0.001878
56 0.001871
57 0.001844
58 0.001828
59 0.001810
60 0.001783
61 0.001774
62 0.001737
63 0.001731
64 0.001699
65 0.001686
66 0.001662
67 0.001639
68 0.001633
69 0.001628
70 0.001622
71 0.001611
72 0.001604
73 0.001599
74 0.001593
75 0.001588
76 0.001582
77 0.001577
78 0.001572
79 0.001567
80 0.001568
81 0.001566
82 0.001562
83 0.001557
84 0.001553
85 0.001551
86 0.001546
87 0.001541
88 0.001537
89 0.001533
90 0.001530
91 0.001527
92 0.001523
93 0.001520
94 0.001516
95 0.001512
96 0.001509
97 0.001506
98 0.001502
99 0.001499
100 0.001496
101 0.001493
102 0.001490
103 0.001487
104 0.001483
105 0.001480
106 0.001478
107 0.001475
108 0.001471
109 0.001468
110 0.001465
111 0.001463
112 0.001460
113 0.001457
114 0.001454
115 0.001452
116 0.001450
117 0.001446
118 0.001444
119 0.001441
120 0.001439
121 0.001436
122 0.001434
123 0.001431
124 0.001429
125 0.001427
126 0.001424
127 0.001421
128 0.001419
129 0.001417
130 0.001415
131 0.001412
132 0.001410
133 0.001408
134 0.001406
135 0.001404
136 0.001401
137 0.001399
138 0.001397
139 0.001395
140 0.001393
141 0.001390
142 0.001389
143 0.001386
144 0.001385
145 0.001382
146 0.001380
147 0.001378
148 0.001376
149 0.001374
150 0.001372
151 0.001371
152 0.001368
153 0.001367
154 0.001364
155 0.001363
156 0.001361
157 0.001359
158 0.001357
159 0.001354
160 0.001353
161 0.001351
162 0.001350
163 0.001347
164 0.001346
165 0.001344
166 0.001341
167 0.001340
168 0.001337
169 0.001335
170 0.001332
171 0.001331
172 0.001328
173 0.001325
174 0.001324
175 0.001321
176 0.001320
177 0.001318
178 0.001317
179 0.001315
180 0.001312
181 0.001311
182 0.001309
183 0.001308
184 0.001306
185 0.001305
186 0.001303
187 0.001301
188 0.001300
189 0.001298
190 0.001297
191 0.001317
192 0.001318
193 0.001315
194 0.001314
195 0.001313
196 0.001310
197 0.001310
198 0.001307
199 0.001307
200 0.001304
201 0.001302
202 0.001301
203 0.001299
204 0.001298
205 0.001296
206 0.001295
207 0.001292
208 0.001291
209 0.001289
210 0.001288
211 0.001287
212 0.001284
213 0.001284
214 0.001281
215 0.001280
216 0.001278
217 0.001277
218 0.001276
219 0.001273
220 0.001273
221 0.001269
222 0.001269
223 0.001267
224 0.001266
225 0.001265
226 0.001262
227 0.001262
228 0.001259
229 0.001258
230 0.001256
231 0.001255
232 0.001254
233 0.001252
234 0.001252
235 0.001249
236 0.001249
237 0.001246
238 0.001246
239 0.001244
240 0.001243
241 0.001242
242 0.001239
243 0.001239
244 0.001236
245 0.001235
246 0.001234
247 0.001233
248 0.001232
249 0.001230
250 0.001231
251 0.001227
252 0.001228
253 0.001225
254 0.001225
255 0.001224
256 0.001222
257 0.001223
258 0.001220
259 0.001221
260 0.001218
261 0.001217
262 0.001216
263 0.001216
264 0.001215
265 0.001213
266 0.001215
267 0.001212
268 0.001212
269 0.001211
270 0.001210
271 0.001211
272 0.001212
273 0.001214
274 0.001210
275 0.001212
276 0.001210
277 0.001210
278 0.001209
279 0.001208
280 0.001209
281 0.001206
282 0.001207
283 0.001205
284 0.001205
285 0.001205
286 0.001203
287 0.001204
288 0.001200
289 0.001202
290 0.001199
291 0.001200
292 0.001199
293 0.001198
294 0.001198
295 0.001196
296 0.001197
297 0.001195
298 0.001195
299 0.001194
300 0.001192
301 0.001193
302 0.001190
303 0.001192
304 0.001188
305 0.001190
306 0.001187
307 0.001188
308 0.001187
309 0.001185
310 0.001186
311 0.001181
312 0.001184
313 0.001180
314 0.001181
315 0.001180
316 0.001179
317 0.001179
318 0.001176
319 0.001177
320 0.001174
321 0.001175
322 0.001173
323 0.001171
324 0.001172
325 0.001168
326 0.001170
327 0.001166
328 0.001167
329 0.001165
330 0.001164
331 0.001164
