0 0.361342
1 0.000001
2 0.000411
3 0.000522
4 0.001132
5 0.001340
6 0.001801
7 0.002100
8 0.002441
9 0.002795
10 0.003006
11 0.003404
12 0.003509
13 0.003935
14 0.003991
15 0.004352
16 0.004425
17 0.004681
18 0.004787
19 0.004953
20 0.005077
21 0.005171
22 0.005297
23 0.005336
24 0.005451
25 0.005454
26 0.005539
27 0.005530
28 0.005561
29 0.005546
30 0.005538
31 0.005507
32 0.005474
33 0.005412
34 0.005371
35 0.005267
36 0.005232
37 0.005076
38 0.005036
39 0.004862
40 0.004794
41 0.004627
42 0.004514
43 0.004369
44 0.004208
45 0.004095
46 0.003888
47 0.003816
48 0.003575
49 0.003535
50 0.003309
51 0.003266
52 0.003132
53 0.003047
54 0.002987
55 0.003069
56 0.003147
57 0.003252
58 0.003306
59 0.003432
60 0.003464
61 0.003611
62 0.003639
63 0.003769
64 0.003817
65 0.003925
66 0.003996
67 0.004082
68 0.004173
69 0.004240
70 0.004352
71 0.004399
72 0.004531
73 0.004569
74 0.004704
75 0.004751
76 0.004866
77 0.004933
78 0.005030
79 0.005117
80 0.005199
81 0.005307
82 0.005376
83 0.005506
84 0.005564
85 0.005715
86 0.005779
87 0.005916
88 0.005998
89 0.006123
90 0.006226
91 0.006340
92 0.006465
93 0.006571
94 0.006718
95 0.006820
96 0.006993
97 0.007099
98 0.007273
99 0.007380
100 0.007537
101 0.007664
102 0.007812
103 0.007921
104 0.007992
105 0.008080
106 0.008136
107 0.008234
108 0.008261
109 0.008349
110 0.008382
111 0.008461
112 0.008508
113 0.008570
114 0.008624
115 0.008683
116 0.008747
117 0.008779
118 0.008819
119 0.008833
120 0.008885
121 0.008904
122 0.008959
123 0.008965
124 0.008953
125 0.008928
126 0.008919
127 0.008916
128 0.008911
129 0.008908
130 0.008898
131 0.008896
132 0.008885
133 0.008881
134 0.008870
135 0.008864
136 0.008854
137 0.008846
138 0.008837
139 0.008831
140 0.008824
141 0.008823
142 0.008814
143 0.008815
144 0.008804
145 0.008807
146 0.008795
147 0.008797
148 0.008788
149 0.008785
150 0.008778
151 0.008768
152 0.008763
153 0.008741
154 0.008741
155 0.008710
156 0.008715
157 0.008678
158 0.008679
159 0.008648
160 0.008639
161 0.008616
162 0.008597
163 0.008582
164 0.008551
165 0.008548
166 0.008503
167 0.008511
168 0.008449
169 0.008457
170 0.008404
171 0.008394
172 0.008347
173 0.008315
174 0.008274
175 0.008220
176 0.008184
177 0.008100
178 0.008076
179 0.007969
180 0.007952
181 0.007844
182 0.007814
183 0.007722
184 0.007672
185 0.007597
186 0.007526
187 0.007472
188 0.007380
189 0.007350
190 0.007213
191 0.007167
192 0.006993
193 0.006941
194 0.006798
195 0.006732
196 0.006617
197 0.006525
198 0.006425
199 0.006300
200 0.006226
201 0.006076
202 0.006030
203 0.005852
204 0.005814
205 0.005644
206 0.005582
207 0.005436
208 0.005347
209 0.005231
210 0.005113
211 0.005029
212 0.004883
213 0.004831
214 0.004652
215 0.004621
216 0.004423
217 0.004381
218 0.004211
219 0.004135
220 0.003996
221 0.003883
222 0.003776
223 0.003626
224 0.003552
225 0.003362
226 0.003321
227 0.003090
228 0.003053
229 0.002843
230 0.002770
231 0.002593
232 0.002480
233 0.002339
234 0.002183
235 0.002079
236 0.001881
237 0.001816
238 0.001450
239 0.001413
240 0.001412
241 0.001257
242 0.000720
243 0.000720
244 0.000720
245 0.000719
246 0.000719
247 0.000202
248 0.000033
249 0.000033
250 0.000033
251 0.002032
252 0.002230
253 0.003316
254 0.003694
255 0.004534
256 0.005071
257 0.005681
258 0.006357
259 0.006753
260 0.007549
261 0.007749
262 0.008647
263 0.008754
264 0.009570
265 0.009739
266 0.010359
267 0.010640
268 0.011084
269 0.011462
270 0.011750
271 0.012209
272 0.012360
273 0.012885
274 0.012929
275 0.013476
276 0.013528
277 0.013956
278 0.014094
279 0.014409
280 0.014607
281 0.014808
282 0.015037
283 0.015143
284 0.015398
285 0.015423
286 0.015691
287 0.015688
288 0.015896
289 0.015911
290 0.016041
291 0.016071
292 0.016123
293 0.016152
294 0.016163
295 0.016193
296 0.016180
297 0.016199
298 0.016175
299 0.016166
300 0.016137
301 0.016097
302 0.016054
303 0.015995
304 0.015924
305 0.015859
306 0.015747
307 0.015688
308 0.015521
309 0.015480
310 0.015245
311 0.015199
312 0.014956
313 0.014859
314 0.014629
315 0.014464
316 0.014259
317 0.014010
318 0.013841
319 0.013499
320 0.013383
321 0.012934
322 0.012852
323 0.012356
324 0.012227
325 0.011781
326 0.011547
327 0.011163
328 0.010811
329 0.010501
330 0.010017
331 0.009796
