0 0.359428
1 0.000001
2 0.000240
3 0.000240
4 0.000240
5 0.000240
6 0.000376
7 0.000588
8 0.000606
9 0.000808
10 0.000807
11 0.000970
12 0.001015
13 0.001108
14 0.001213
15 0.001242
16 0.001400
17 0.001396
18 0.001550
19 0.001571
20 0.001662
21 0.001734
22 0.001769
23 0.001885
24 0.001878
25 0.002017
26 0.002018
27 0.002102
28 0.002146
29 0.002183
30 0.002264
31 0.002258
32 0.002371
33 0.002361
34 0.002435
35 0.002456
36 0.002489
37 0.002540
38 0.002538
39 0.002613
40 0.002600
41 0.002659
42 0.002663
43 0.002689
44 0.002715
45 0.002715
46 0.002758
47 0.002741
48 0.002782
49 0.002772
50 0.002788
51 0.002794
52 0.002790
53 0.002808
54 0.002791
55 0.002815
56 0.002800
57 0.002806
58 0.002802
59 0.002796
60 0.002798
61 0.002784
62 0.002788
63 0.002774
64 0.002770
65 0.002760
66 0.002750
67 0.002741
68 0.002730
69 0.002719
70 0.002708
71 0.002697
72 0.002686
73 0.002676
74 0.002666
75 0.002657
76 0.002647
77 0.002638
78 0.002629
79 0.002621
80 0.002613
81 0.002605
82 0.002597
83 0.002589
84 0.002582
85 0.002570
86 0.002564
87 0.002556
88 0.002550
89 0.002544
90 0.002537
91 0.002531
92 0.002523
93 0.002517
94 0.002510
95 0.002505
96 0.002499
97 0.002493
98 0.002488
99 0.002481
100 0.002476
101 0.002470
102 0.002465
103 0.002459
104 0.002454
105 0.002449
106 0.002444
107 0.002440
108 0.002433
109 0.002429
110 0.002424
111 0.002420
112 0.002415
113 0.002410
114 0.002407
115 0.002401
116 0.002398
117 0.002393
118 0.002389
119 0.002385
120 0.002381
121 0.002377
122 0.002372
123 0.002369
124 0.002364
125 0.002361
126 0.002357
127 0.002353
128 0.002350
129 0.002345
130 0.002343
131 0.002337
132 0.002335
133 0.002330
134 0.002327
135 0.002323
136 0.002319
137 0.002317
138 0.002311
139 0.002309
140 0.002304
141 0.002301
142 0.002298
143 0.002293
144 0.002291
145 0.002286
146 0.002283
147 0.002279
148 0.002276
149 0.002272
150 0.002268
151 0.002265
152 0.002260
153 0.002258
154 0.002252
155 0.002250
156 0.002245
157 0.002242
158 0.002239
159 0.002233
160 0.002231
161 0.002225
162 0.002223
163 0.002218
164 0.002214
165 0.002211
166 0.002206
167 0.002204
168 0.002197
169 0.002195
170 0.002190
171 0.002186
172 0.002182
173 0.002177
174 0.002175
175 0.002168
176 0.002166
177 0.002160
178 0.002156
179 0.002151
180 0.002146
181 0.002143
182 0.002136
183 0.002134
184 0.002127
185 0.002124
186 0.002119
187 0.002114
188 0.002110
189 0.002104
190 0.002102
191 0.002094
192 0.002092
193 0.002086
194 0.002081
195 0.002077
196 0.002071
197 0.002069
198 0.002061
199 0.002059
200 0.002052
201 0.002049
202 0.002044
203 0.002039
204 0.002036
205 0.002028
206 0.002026
207 0.002019
208 0.002016
209 0.002011
210 0.002006
211 0.002002
212 0.001996
213 0.001993
214 0.001986
215 0.001983
216 0.001978
217 0.001973
218 0.001969
219 0.001963
220 0.001960
221 0.001952
222 0.001950
223 0.001944
224 0.001940
225 0.001935
226 0.001929
227 0.001926
228 0.001918
229 0.001916
230 0.001909
231 0.001905
232 0.001900
233 0.001894
234 0.001891
235 0.001883
236 0.001881
237 0.001874
238 0.001870
239 0.001865
240 0.001859
241 0.001856
242 0.001848
243 0.001846
244 0.001838
245 0.001835
246 0.001829
247 0.001825
248 0.001820
249 0.001813
250 0.001812
251 0.001803
252 0.001801
253 0.001794
254 0.001790
255 0.001785
256 0.001779
257 0.001777
258 0.001768
259 0.001767
260 0.001759
261 0.001756
262 0.001751
263 0.001745
264 0.001742
265 0.001735
266 0.001733
267 0.001725
268 0.001723
269 0.001717
270 0.001713
271 0.001709
272 0.001702
273 0.001701
274 0.001692
275 0.001691
276 0.001684
277 0.001680
278 0.001676
279 0.001670
280 0.001669
281 0.001660
282 0.001659
283 0.001652
284 0.001648
285 0.001644
286 0.001638
287 0.001636
288 0.001627
289 0.001626
290 0.001619
291 0.001616
292 0.001611
293 0.001605
294 0.001603
295 0.001595
296 0.001594
297 0.001586
298 0.001584
299 0.001578
300 0.001573
301 0.001570
302 0.001563
303 0.001562
304 0.001553
305 0.001552
306 0.001545
307 0.001542
308 0.001538
309 0.001531
310 0.001530
311 0.001521
312 0.001521
313 0.001513
314 0.001510
315 0.001506
316 0.001501
317 0.001499
318 0.001491
319 0.001490
320 0.001482
321 0.001480
322 0.001475
323 0.001470
324 0.001468
325 0.001461
326 0.001460
327 0.001452
328 0.001451
329 0.001445
330 0.001441
331 0.001438
