0 0.361342
1 0.000001
2 0.000137
3 0.000137
4 0.000137
5 0.000137
6 0.000137
7 0.000249
8 0.000377
9 0.000377
10 0.000377
11 0.000377
12 0.000377
13 0.000586
14 0.000601
15 0.000601
16 0.000600
17 0.000600
18 0.000686
19 0.000815
20 0.000815
21 0.000814
22 0.000814
23 0.000813
24 0.000979
25 0.001004
26 0.001004
27 0.001002
28 0.001001
29 0.001059
30 0.001175
31 0.001172
32 0.001172
33 0.001171
34 0.001169
35 0.001293
36 0.001323
37 0.001322
38 0.001320
39 0.001319
40 0.001355
41 0.001453
42 0.001452
43 0.001450
44 0.001449
45 0.001447
46 0.001534
47 0.001564
48 0.001562
49 0.001560
50 0.001558
51 0.001577
52 0.001657
53 0.001655
54 0.001653
55 0.001651
56 0.001648
57 0.001704
58 0.001730
59 0.001728
60 0.001725
61 0.001723
62 0.001730
63 0.001788
64 0.001785
65 0.001783
66 0.001781
67 0.001778
68 0.001807
69 0.001826
70 0.001824
71 0.001821
72 0.001819
73 0.001819
74 0.001851
75 0.001849
76 0.001846
77 0.001844
78 0.001842
79 0.001850
80 0.001858
81 0.001856
82 0.001853
83 0.001851
84 0.001849
85 0.001853
86 0.001850
87 0.001848
88 0.001846
89 0.001845
90 0.001838
91 0.001831
92 0.001829
93 0.001827
94 0.001825
95 0.001823
96 0.001799
97 0.001796
98 0.001794
99 0.001793
100 0.001791
101 0.001774
102 0.001751
103 0.001749
104 0.001747
105 0.001746
106 0.001744
107 0.001700
108 0.001692
109 0.001691
110 0.001689
111 0.001688
112 0.001666
113 0.001624
114 0.001623
115 0.001622
116 0.001621
117 0.001619
118 0.001560
119 0.001545
120 0.001544
121 0.001543
122 0.001543
123 0.001520
124 0.001459
125 0.001459
126 0.001458
127 0.001458
128 0.001457
129 0.001391
130 0.001368
131 0.001368
132 0.001367
133 0.001367
134 0.001347
135 0.001275
136 0.001274
137 0.001274
138 0.001274
139 0.001274
140 0.001212
141 0.001184
142 0.001184
143 0.001185
144 0.001184
145 0.001172
146 0.001104
147 0.001105
148 0.001105
149 0.001105
150 0.001105
151 0.001065
152 0.001045
153 0.001046
154 0.001046
155 0.001046
156 0.001040
157 0.000997
158 0.000997
159 0.000997
160 0.000998
161 0.000999
162 0.001026
163 0.001050
164 0.001050
165 0.001051
166 0.001052
167 0.001052
168 0.001103
169 0.001103
170 0.001104
171 0.001104
172 0.001105
173 0.001128
174 0.001155
175 0.001156
176 0.001156
177 0.001157
178 0.001157
179 0.001203
180 0.001207
181 0.001208
182 0.001208
183 0.001209
184 0.001229
185 0.001258
186 0.001259
187 0.001260
188 0.001261
189 0.001262
190 0.001303
191 0.001310
192 0.001311
193 0.001312
194 0.001313
195 0.001330
196 0.001361
197 0.001362
198 0.001363
199 0.001365
200 0.001366
201 0.001403
202 0.001413
203 0.001415
204 0.001416
205 0.001418
206 0.001431
207 0.001464
208 0.001466
209 0.001468
210 0.001469
211 0.001471
212 0.001504
213 0.001517
214 0.001519
215 0.001521
216 0.001524
217 0.001534
218 0.001569
219 0.001571
220 0.001574
221 0.001576
222 0.001578
223 0.001607
224 0.001623
225 0.001626
226 0.001628
227 0.001630
228 0.001638
229 0.001675
230 0.001678
231 0.001680
232 0.001683
233 0.001686
234 0.001712
235 0.001730
236 0.001734
237 0.001737
238 0.001740
239 0.001746
240 0.001785
241 0.001788
242 0.001792
243 0.001796
244 0.001799
245 0.001823
246 0.001845
247 0.001849
248 0.001853
249 0.001858
250 0.001863
251 0.001903
252 0.001908
253 0.001913
254 0.001919
255 0.001924
256 0.001946
257 0.001970
258 0.001976
259 0.001981
260 0.001987
261 0.001992
262 0.002030
263 0.002038
264 0.002044
265 0.002051
266 0.002057
267 0.002076
268 0.002103
269 0.002110
270 0.002117
271 0.002124
272 0.002131
273 0.002166
274 0.002179
275 0.002186
276 0.002194
277 0.002202
278 0.002220
279 0.002250
280 0.002259
281 0.002267
282 0.002276
283 0.002285
284 0.002320
285 0.002336
286 0.002346
287 0.002356
288 0.002367
289 0.002385
290 0.002419
291 0.002429
292 0.002438
293 0.002448
294 0.002458
295 0.002489
296 0.002507
297 0.002517
298 0.002528
299 0.002538
300 0.002554
301 0.002589
302 0.002599
303 0.002610
304 0.002620
305 0.002630
306 0.002655
307 0.002670
308 0.002674
309 0.002679
310 0.002681
311 0.002688
312 0.002715
313 0.002719
314 0.002723
315 0.002726
316 0.002730
317 0.002750
318 0.002764
319 0.002767
320 0.002768
321 0.002770
322 0.002773
323 0.002798
324 0.002800
325 0.002802
326 0.002804
327 0.002807
328 0.002821
329 0.002834
330 0.002837
331 0.002840
