0 0.360332
1 0.000001
2 0.000026
3 0.000026
4 0.000026
5 0.000026
6 0.000026
7 0.000026
8 0.000026
9 0.000026
10 0.000026
11 0.000026
12 0.000026
13 0.000026
14 0.000026
15 0.000026
16 0.000026
17 0.000026
18 0.000026
19 0.000026
20 0.000026
21 0.000026
22 0.000026
23 0.000026
24 0.000026
25 0.000026
26 0.000033
27 0.000096
28 0.000096
29 0.000096
30 0.000096
31 0.000096
32 0.000119
33 0.000138
34 0.000138
35 0.000138
36 0.000138
37 0.000139
38 0.000174
39 0.000174
40 0.000181
41 0.000200
42 0.000200
43 0.000215
44 0.000229
45 0.000229
46 0.000251
47 0.000259
48 0.000259
49 0.000290
50 0.000291
51 0.000298
52 0.000325
53 0.000325
54 0.000341
55 0.000361
56 0.000361
57 0.000386
58 0.000399
59 0.000399
60 0.000434
61 0.000438
62 0.000443
63 0.000479
64 0.000479
65 0.000495
66 0.000522
67 0.000522
68 0.000549
69 0.000567
70 0.000567
71 0.000606
72 0.000613
73 0.000616
74 0.000661
75 0.000661
76 0.000676
77 0.000711
78 0.000711
79 0.000738
80 0.000762
81 0.000762
82 0.000825
83 0.000844
84 0.000843
85 0.000954
86 0.000953
87 0.000978
88 0.001060
89 0.001059
90 0.001107
91 0.001163
92 0.001162
93 0.001232
94 0.001262
95 0.001261
96 0.001353
97 0.001359
98 0.001374
99 0.001453
100 0.001452
101 0.001488
102 0.001544
103 0.001542
104 0.001599
105 0.001631
106 0.001629
107 0.001705
108 0.001715
109 0.001722
110 0.001798
111 0.001795
112 0.001821
113 0.001875
114 0.001873
115 0.001917
116 0.001950
117 0.001947
118 0.002008
119 0.002021
120 0.002021
121 0.002092
122 0.002089
123 0.002106
124 0.002157
125 0.002154
126 0.002186
127 0.002219
128 0.002215
129 0.002262
130 0.002277
131 0.002274
132 0.002334
133 0.002333
134 0.002341
135 0.002388
136 0.002385
137 0.002407
138 0.002438
139 0.002434
140 0.002469
141 0.002484
142 0.002480
143 0.002526
144 0.002527
145 0.002530
146 0.002572
147 0.002567
148 0.002582
149 0.002609
150 0.002605
151 0.002630
152 0.002644
153 0.002640
154 0.002674
155 0.002677
156 0.002675
157 0.002711
158 0.002707
159 0.002715
160 0.002739
161 0.002734
162 0.002751
163 0.002764
164 0.002760
165 0.002783
166 0.002786
167 0.002782
168 0.002811
169 0.002806
170 0.002808
171 0.002828
172 0.002823
173 0.002831
174 0.002842
175 0.002837
176 0.002851
177 0.002854
178 0.002849
179 0.002867
180 0.002864
181 0.002863
182 0.002876
183 0.002872
184 0.002875
185 0.002882
186 0.002877
187 0.002884
188 0.002885
189 0.002881
190 0.002890
191 0.002887
192 0.002883
193 0.002891
194 0.002886
195 0.002885
196 0.002888
197 0.002883
198 0.002883
199 0.002882
200 0.002877
201 0.002878
202 0.002874
203 0.002869
204 0.002870
205 0.002865
206 0.002861
207 0.002859
208 0.002854
209 0.002849
210 0.002845
211 0.002840
212 0.002835
213 0.002829
214 0.002824
215 0.002816
216 0.002810
217 0.002804
218 0.002794
219 0.002788
220 0.002779
221 0.002770
222 0.002763
223 0.002751
224 0.002742
225 0.002735
226 0.002720
227 0.002712
228 0.002704
229 0.002687
230 0.002680
231 0.002668
232 0.002653
233 0.002646
234 0.002631
235 0.002618
236 0.002612
237 0.002591
238 0.002582
239 0.002575
240 0.002551
241 0.002546
242 0.002534
243 0.002514
244 0.002508
245 0.002491
246 0.002475
247 0.002470
248 0.002446
249 0.002436
250 0.002431
251 0.002401
252 0.002396
253 0.002386
254 0.002360
255 0.002357
256 0.002340
257 0.002321
258 0.002318
259 0.002294
260 0.002282
261 0.002280
262 0.002247
263 0.002243
264 0.002236
265 0.002206
266 0.002205
267 0.002190
268 0.002168
269 0.002168
270 0.002145
271 0.002131
272 0.002132
273 0.002098
274 0.002094
275 0.002092
276 0.002056
277 0.002058
278 0.002045
279 0.002018
280 0.002021
281 0.001997
282 0.001980
283 0.001983
284 0.001948
285 0.001941
286 0.001943
287 0.001898
288 0.001901
289 0.001890
290 0.001855
291 0.001859
292 0.001835
293 0.001812
294 0.001815
295 0.001778
296 0.001767
297 0.001771
298 0.001718
299 0.001720
300 0.001712
301 0.001667
302 0.001671
303 0.001648
304 0.001616
305 0.001620
306 0.001580
307 0.001562
308 0.001566
309 0.001509
310 0.001506
311 0.001500
312 0.001443
313 0.001446
314 0.001423
315 0.001381
316 0.001384
317 0.001342
318 0.001316
319 0.001319
320 0.001257
321 0.001247
322 0.001245
323 0.001173
324 0.001176
325 0.001153
326 0.001098
327 0.001100
328 0.001057
329 0.001019
330 0.001021
331 0.000955
