0 0.354355
1 0.000001
2 0.000177
3 0.000177
4 0.000177
5 0.000177
6 0.000177
7 0.000177
8 0.000177
9 0.000177
10 0.000178
11 0.000177
12 0.000177
13 0.000177
14 0.000177
15 0.000217
16 0.000421
17 0.000421
18 0.000421
19 0.000421
20 0.000420
21 0.000420
22 0.000459
23 0.000574
24 0.000574
25 0.000573
26 0.000573
27 0.000573
28 0.000573
29 0.000621
30 0.000720
31 0.000719
32 0.000718
33 0.000718
34 0.000717
35 0.000716
36 0.000775
37 0.000856
38 0.000855
39 0.000855
40 0.000854
41 0.000853
42 0.000852
43 0.000919
44 0.000985
45 0.000984
46 0.000983
47 0.000982
48 0.000981
49 0.000979
50 0.001053
51 0.001104
52 0.001103
53 0.001101
54 0.001100
55 0.001099
56 0.001098
57 0.001176
58 0.001214
59 0.001212
60 0.001210
61 0.001208
62 0.001206
63 0.001204
64 0.001287
65 0.001312
66 0.001310
67 0.001307
68 0.001305
69 0.001302
70 0.001299
71 0.001384
72 0.001399
73 0.001396
74 0.001393
75 0.001390
76 0.001387
77 0.001385
78 0.001472
79 0.001477
80 0.001474
81 0.001471
82 0.001468
83 0.001464
84 0.001461
85 0.001550
86 0.001546
87 0.001542
88 0.001539
89 0.001535
90 0.001531
91 0.001535
92 0.001609
93 0.001604
94 0.001600
95 0.001596
96 0.001592
97 0.001588
98 0.001597
99 0.001658
100 0.001653
101 0.001649
102 0.001645
103 0.001640
104 0.001635
105 0.001648
106 0.001697
107 0.001692
108 0.001687
109 0.001682
110 0.001677
111 0.001672
112 0.001688
113 0.001726
114 0.001720
115 0.001715
116 0.001709
117 0.001703
118 0.001698
119 0.001717
120 0.001745
121 0.001739
122 0.001733
123 0.001727
124 0.001721
125 0.001716
126 0.001735
127 0.001755
128 0.001749
129 0.001742
130 0.001736
131 0.001730
132 0.001723
133 0.001744
134 0.001756
135 0.001749
136 0.001743
137 0.001736
138 0.001729
139 0.001723
140 0.001743
141 0.001750
142 0.001743
143 0.001735
144 0.001728
145 0.001721
146 0.001714
147 0.001734
148 0.001736
149 0.001729
150 0.001723
151 0.001716
152 0.001710
153 0.001704
154 0.001723
155 0.001721
156 0.001715
157 0.001709
158 0.001702
159 0.001696
160 0.001690
161 0.001707
162 0.001703
163 0.001697
164 0.001690
165 0.001684
166 0.001678
167 0.001672
168 0.001686
169 0.001679
170 0.001673
171 0.001667
172 0.001661
173 0.001654
174 0.001650
175 0.001657
176 0.001650
177 0.001644
178 0.001637
179 0.001630
180 0.001624
181 0.001619
182 0.001622
183 0.001615
184 0.001609
185 0.001602
186 0.001595
187 0.001588
188 0.001583
189 0.001581
190 0.001574
191 0.001567
192 0.001560
193 0.001553
194 0.001545
195 0.001539
196 0.001534
197 0.001526
198 0.001519
199 0.001512
200 0.001504
201 0.001496
202 0.001489
203 0.001481
204 0.001473
205 0.001466
206 0.001458
207 0.001450
208 0.001441
209 0.001433
210 0.001424
211 0.001416
212 0.001408
213 0.001399
214 0.001391
215 0.001382
216 0.001374
217 0.001365
218 0.001357
219 0.001349
220 0.001340
221 0.001332
222 0.001324
223 0.001315
224 0.001307
225 0.001298
226 0.001290
227 0.001282
228 0.001273
229 0.001265
230 0.001256
231 0.001247
232 0.001239
233 0.001231
234 0.001222
235 0.001214
236 0.001205
237 0.001213
238 0.001208
239 0.001199
240 0.001191
241 0.001182
242 0.001174
243 0.001165
244 0.001156
245 0.001147
246 0.001139
247 0.001130
248 0.001122
249 0.001113
250 0.001105
251 0.001102
252 0.001094
253 0.001085
254 0.001077
255 0.001069
256 0.001060
257 0.001053
258 0.001044
259 0.001037
260 0.001029
261 0.001022
262 0.001015
263 0.001008
264 0.001002
265 0.000998
266 0.000991
267 0.000984
268 0.000978
269 0.000972
270 0.000966
271 0.000960
272 0.000956
273 0.000950
274 0.000945
275 0.000939
276 0.000934
277 0.000928
278 0.000923
279 0.000919
280 0.000914
281 0.000909
282 0.000904
283 0.000899
284 0.000894
285 0.000890
286 0.000886
287 0.000882
288 0.000877
289 0.000872
290 0.000868
291 0.000863
292 0.000860
293 0.000856
294 0.000852
295 0.000847
296 0.000843
297 0.000839
298 0.000835
299 0.000831
300 0.000828
301 0.000824
302 0.000820
303 0.000816
304 0.000812
305 0.000808
306 0.000805
307 0.000802
308 0.000798
309 0.000794
310 0.000790
311 0.000787
312 0.000783
313 0.000780
314 0.000777
315 0.000773
316 0.000769
317 0.000766
318 0.000763
319 0.000759
320 0.000757
321 0.000754
322 0.000750
323 0.000747
324 0.000744
325 0.000741
326 0.000739
327 0.000736
328 0.000733
329 0.000730
330 0.000728
331 0.000725
