0 0.360755
1 0.000001
2 0.000030
3 0.000039
4 0.000089
5 0.000107
6 0.000147
7 0.000173
8 0.000203
9 0.000238
10 0.000259
11 0.000300
12 0.000312
13 0.000361
14 0.000370
15 0.000416
16 0.000429
17 0.000466
18 0.000486
19 0.000515
20 0.000542
21 0.000563
22 0.000596
23 0.000609
24 0.000648
25 0.000655
26 0.000698
27 0.000706
28 0.000741
29 0.000755
30 0.000783
31 0.000802
32 0.000823
33 0.000848
34 0.000862
35 0.000892
36 0.000900
37 0.000935
38 0.000941
39 0.000972
40 0.000981
41 0.001006
42 0.001020
43 0.001039
44 0.001058
45 0.001072
46 0.001094
47 0.001102
48 0.001128
49 0.001133
50 0.001160
51 0.001166
52 0.001187
53 0.001197
54 0.001214
55 0.001227
56 0.001239
57 0.001255
58 0.001264
59 0.001284
60 0.001289
61 0.001312
62 0.001317
63 0.001336
64 0.001344
65 0.001361
66 0.001371
67 0.001385
68 0.001398
69 0.001408
70 0.001425
71 0.001432
72 0.001451
73 0.001456
74 0.001476
75 0.001482
76 0.001498
77 0.001507
78 0.001520
79 0.001532
80 0.001542
81 0.001557
82 0.001564
83 0.001581
84 0.001586
85 0.001605
86 0.001610
87 0.001626
88 0.001634
89 0.001647
90 0.001657
91 0.001668
92 0.001681
93 0.001689
94 0.001703
95 0.001709
96 0.001726
97 0.001730
98 0.001746
99 0.001752
100 0.001766
101 0.001774
102 0.001785
103 0.001796
104 0.001806
105 0.001819
106 0.001827
107 0.001842
108 0.001848
109 0.001865
110 0.001871
111 0.001886
112 0.001895
113 0.001907
114 0.001918
115 0.001929
116 0.001941
117 0.001950
118 0.001964
119 0.001971
120 0.001987
121 0.001994
122 0.002009
123 0.002017
124 0.002030
125 0.002040
126 0.002051
127 0.002062
128 0.002072
129 0.002085
130 0.002094
131 0.002108
132 0.002116
133 0.002130
134 0.002138
135 0.002152
136 0.002161
137 0.002173
138 0.002184
139 0.002195
140 0.002207
141 0.002217
142 0.002231
143 0.002240
144 0.002254
145 0.002264
146 0.002277
147 0.002287
148 0.002300
149 0.002312
150 0.002323
151 0.002336
152 0.002347
153 0.002360
154 0.002370
155 0.002384
156 0.002395
157 0.002408
158 0.002419
159 0.002432
160 0.002444
161 0.002457
162 0.002469
163 0.002482
164 0.002495
165 0.002508
166 0.002522
167 0.002534
168 0.002549
169 0.002563
170 0.002578
171 0.002592
172 0.002607
173 0.002623
174 0.002639
175 0.002655
176 0.002672
177 0.002688
178 0.002705
179 0.002721
180 0.002738
181 0.002754
182 0.002769
183 0.002782
184 0.002796
185 0.002809
186 0.002821
187 0.002834
188 0.002844
189 0.002855
190 0.002863
191 0.002872
192 0.002877
193 0.002886
194 0.002891
195 0.002898
196 0.002904
197 0.002910
198 0.002916
199 0.002921
200 0.002928
201 0.002932
202 0.002940
203 0.002941
204 0.002950
205 0.002951
206 0.002959
207 0.002962
208 0.002968
209 0.002972
210 0.002974
211 0.002979
212 0.002979
213 0.002985
214 0.002983
215 0.002989
216 0.002985
217 0.002991
218 0.002989
219 0.002993
220 0.002993
221 0.002995
222 0.002997
223 0.002997
224 0.003002
225 0.002999
226 0.003007
227 0.003002
228 0.003011
229 0.003009
230 0.003016
231 0.003015
232 0.003020
233 0.003021
234 0.003022
235 0.003026
236 0.003024
237 0.003031
238 0.003026
239 0.003036
240 0.003030
241 0.003039
242 0.003037
243 0.003043
244 0.003044
245 0.003046
246 0.003050
247 0.003048
248 0.003056
249 0.003049
250 0.003061
251 0.003050
252 0.003061
253 0.003054
254 0.003061
255 0.003058
256 0.003060
257 0.003061
258 0.003059
259 0.003064
260 0.003056
261 0.003067
262 0.003054
263 0.003066
264 0.003053
265 0.003063
266 0.003055
267 0.003060
268 0.003058
269 0.003057
270 0.003061
271 0.003054
272 0.003063
273 0.003049
274 0.003063
275 0.003043
276 0.003055
277 0.003040
278 0.003046
279 0.003037
280 0.003036
281 0.003034
282 0.003025
283 0.003030
284 0.003014
285 0.003026
286 0.003002
287 0.003016
288 0.002995
289 0.003004
290 0.002989
291 0.002991
292 0.002984
293 0.002977
294 0.002978
295 0.002962
296 0.002972
297 0.002946
298 0.002963
299 0.002930
300 0.002943
301 0.002919
302 0.002921
303 0.002904
304 0.002895
305 0.002887
306 0.002866
307 0.002867
308 0.002833
309 0.002843
310 0.002795
311 0.002806
312 0.002763
313 0.002762
314 0.002728
315 0.002714
316 0.002690
317 0.002660
318 0.002646
319 0.002602
320 0.002599
321 0.002539
322 0.002542
323 0.002477
324 0.002474
325 0.002420
326 0.002401
327 0.002358
328 0.002323
329 0.002293
330 0.002241
331 0.002224
