0 0.361125
1 0.000001
2 0.000749
3 0.000749
4 0.000749
5 0.000749
6 0.000748
7 0.001065
8 0.001459
9 0.001682
10 0.001818
11 0.001955
12 0.002000
13 0.002301
14 0.002344
15 0.002569
16 0.002642
17 0.002864
18 0.003056
19 0.003366
20 0.003497
21 0.003607
22 0.003769
23 0.003843
24 0.004035
25 0.004089
26 0.004439
27 0.004493
28 0.004664
29 0.004743
30 0.004880
31 0.005034
32 0.005197
33 0.005311
34 0.005390
35 0.005519
36 0.005571
37 0.005791
38 0.005833
39 0.005945
40 0.006011
41 0.006157
42 0.006221
43 0.006290
44 0.006373
45 0.006428
46 0.006454
47 0.006467
48 0.006539
49 0.006544
50 0.006552
51 0.006570
52 0.006629
53 0.006645
54 0.006661
55 0.006693
56 0.006725
57 0.006737
58 0.006760
59 0.006796
60 0.006821
61 0.006810
62 0.006822
63 0.006836
64 0.006832
65 0.006810
66 0.006797
67 0.006777
68 0.006738
69 0.006705
70 0.006671
71 0.006633
72 0.006563
73 0.006502
74 0.006420
75 0.006351
76 0.006265
77 0.006183
78 0.006093
79 0.006010
80 0.005927
81 0.005809
82 0.005717
83 0.005633
84 0.005559
85 0.005439
86 0.005369
87 0.005294
88 0.005210
89 0.005110
90 0.005047
91 0.004987
92 0.004895
93 0.004822
94 0.004776
95 0.004729
96 0.004632
97 0.004584
98 0.004557
99 0.004499
100 0.004418
101 0.004387
102 0.004363
103 0.004296
104 0.004236
105 0.004223
106 0.004196
107 0.004102
108 0.004060
109 0.004066
110 0.004040
111 0.004041
112 0.003978
113 0.003893
114 0.003883
115 0.003875
116 0.003874
117 0.003861
118 0.003744
119 0.003702
120 0.003720
121 0.003706
122 0.003722
123 0.003714
124 0.003726
125 0.003726
126 0.003734
127 0.003641
128 0.003640
129 0.003656
130 0.003664
131 0.003687
132 0.003693
133 0.003717
134 0.003726
135 0.003748
136 0.003762
137 0.003780
138 0.003797
139 0.003814
140 0.003833
141 0.003849
142 0.003869
143 0.003884
144 0.003903
145 0.003920
146 0.003937
147 0.003969
148 0.004092
149 0.004112
150 0.004131
151 0.004147
152 0.004169
153 0.004261
154 0.004316
155 0.004326
156 0.004358
157 0.004367
158 0.004421
159 0.004522
160 0.004552
161 0.004577
162 0.004653
163 0.004730
164 0.004754
165 0.004796
166 0.004897
167 0.004966
168 0.004977
169 0.005047
170 0.005152
171 0.005201
172 0.005228
173 0.005317
174 0.005412
175 0.005449
176 0.005503
177 0.005603
178 0.005687
179 0.005700
180 0.005769
181 0.005859
182 0.005913
183 0.005935
184 0.006001
185 0.006064
186 0.006115
187 0.006169
188 0.006212
189 0.006272
190 0.006306
191 0.006371
192 0.006397
193 0.006458
194 0.006485
195 0.006534
196 0.006568
197 0.006608
198 0.006639
199 0.006657
200 0.006687
201 0.006681
202 0.006710
203 0.006684
204 0.006711
205 0.006684
206 0.006700
207 0.006683
208 0.006682
209 0.006666
210 0.006649
211 0.006644
212 0.006608
213 0.006609
214 0.006554
215 0.006560
216 0.006489
217 0.006487
218 0.006426
219 0.006404
220 0.006352
221 0.006313
222 0.006277
223 0.006219
224 0.006194
225 0.006115
226 0.006106
227 0.005981
228 0.005977
229 0.005927
230 0.005882
231 0.005768
232 0.005745
233 0.005714
234 0.005610
235 0.005541
236 0.005497
237 0.005485
238 0.005313
239 0.005293
240 0.005235
241 0.005191
242 0.005032
243 0.005004
244 0.004963
245 0.004845
246 0.004744
247 0.004696
248 0.004672
249 0.004481
250 0.004441
251 0.004377
252 0.004334
253 0.004140
254 0.004115
255 0.004068
256 0.003934
257 0.003782
258 0.003740
259 0.003710
260 0.003660
261 0.003641
262 0.003301
263 0.003262
264 0.003209
265 0.003187
266 0.003144
267 0.003117
268 0.003083
269 0.002766
270 0.002549
271 0.002511
272 0.002489
273 0.002463
274 0.002451
275 0.002384
276 0.002371
277 0.002347
278 0.002629
279 0.003440
280 0.003842
281 0.004286
282 0.004850
283 0.005173
284 0.005874
285 0.006070
286 0.006897
287 0.007065
288 0.007830
289 0.008095
290 0.008739
291 0.009137
292 0.009669
293 0.010194
294 0.010629
295 0.011284
296 0.011637
297 0.012416
298 0.012734
299 0.013585
300 0.013981
301 0.014776
302 0.015327
303 0.016079
304 0.016743
305 0.017437
306 0.018250
307 0.018945
308 0.019868
309 0.020431
310 0.021383
311 0.022028
312 0.023057
313 0.023698
314 0.024241
315 0.024735
316 0.025335
317 0.025989
318 0.026711
319 0.027534
320 0.028408
321 0.029391
322 0.030467
323 0.031617
324 0.032944
325 0.034337
326 0.035867
327 0.037528
328 0.039430
329 0.041702
330 0.044223
331 0.047218
