0 0.361115
1 0.000001
2 0.000236
3 0.000236
4 0.000236
5 0.000236
6 0.000236
7 0.000395
8 0.000579
9 0.000579
10 0.000741
11 0.000812
12 0.000812
13 0.001031
14 0.001047
15 0.001087
16 0.001286
17 0.001285
18 0.001383
19 0.001527
20 0.001527
21 0.001681
22 0.001771
23 0.001772
24 0.001986
25 0.002018
26 0.002043
27 0.002268
28 0.002268
29 0.002352
30 0.002521
31 0.002520
32 0.002665
33 0.002776
34 0.002775
35 0.002982
36 0.003033
37 0.003041
38 0.003294
39 0.003293
40 0.003363
41 0.003554
42 0.003554
43 0.003685
44 0.003816
45 0.003814
46 0.004009
47 0.004078
48 0.004074
49 0.004334
50 0.004339
51 0.004391
52 0.004606
53 0.004601
54 0.004717
55 0.004867
56 0.004861
57 0.005039
58 0.005124
59 0.005118
60 0.005361
61 0.005382
62 0.005411
63 0.005647
64 0.005639
65 0.005735
66 0.005905
67 0.005896
68 0.006057
69 0.006162
70 0.006153
71 0.006381
72 0.006419
73 0.006429
74 0.006686
75 0.006676
76 0.006751
77 0.006941
78 0.006929
79 0.007071
80 0.007192
81 0.007180
82 0.007383
83 0.007442
84 0.007431
85 0.008521
86 0.008501
87 0.008709
88 0.009487
89 0.009469
90 0.009966
91 0.010562
92 0.010552
93 0.011363
94 0.011719
95 0.011720
96 0.012846
97 0.012935
98 0.013146
99 0.014173
100 0.014192
101 0.014696
102 0.015448
103 0.015480
104 0.016266
105 0.016741
106 0.016780
107 0.017827
108 0.018024
109 0.018178
110 0.019236
111 0.019277
112 0.019679
113 0.020445
114 0.020486
115 0.021107
116 0.021595
117 0.021630
118 0.022438
119 0.022663
120 0.022710
121 0.023599
122 0.023610
123 0.023845
124 0.024477
125 0.024484
126 0.024859
127 0.025239
128 0.025235
129 0.025720
130 0.025892
131 0.025878
132 0.026423
133 0.026417
134 0.026485
135 0.026859
136 0.026824
137 0.026949
138 0.027137
139 0.027095
140 0.027243
141 0.027302
142 0.027249
143 0.027362
144 0.027323
145 0.027263
146 0.027269
147 0.027187
148 0.027085
149 0.026997
150 0.026892
151 0.026682
152 0.026528
153 0.026418
154 0.026086
155 0.025945
156 0.025809
157 0.025357
158 0.025257
159 0.024998
160 0.024574
161 0.024483
162 0.024057
163 0.023708
164 0.023620
165 0.022982
166 0.022744
167 0.022656
168 0.021774
169 0.021704
170 0.021423
171 0.020714
172 0.020665
173 0.020178
174 0.019686
175 0.019671
176 0.018977
177 0.018712
178 0.018715
179 0.017835
180 0.017789
181 0.017632
182 0.016902
183 0.016913
184 0.016555
185 0.016091
186 0.016098
187 0.015600
188 0.015361
189 0.015361
190 0.014786
191 0.014704
192 0.014626
193 0.014136
194 0.014111
195 0.013912
196 0.013618
197 0.013583
198 0.013323
199 0.013164
200 0.013119
201 0.012858
202 0.012775
203 0.012713
204 0.012521
205 0.012459
206 0.012362
207 0.012280
208 0.012214
209 0.012124
210 0.012083
211 0.012014
212 0.011970
213 0.011941
214 0.011886
215 0.011910
216 0.011867
217 0.011832
218 0.011870
219 0.011843
220 0.011835
221 0.011871
222 0.011872
223 0.011882
224 0.011918
225 0.011947
226 0.011944
227 0.011991
228 0.012031
229 0.012010
230 0.012087
231 0.012100
232 0.012086
233 0.012187
234 0.012131
235 0.012144
236 0.012262
237 0.012087
238 0.012154
239 0.012253
240 0.011964
241 0.012093
242 0.012058
243 0.011802
244 0.011928
245 0.011705
246 0.011518
247 0.011641
248 0.011168
249 0.011101
250 0.011211
251 0.010438
252 0.010534
253 0.010399
254 0.009729
255 0.009811
256 0.009378
257 0.008863
258 0.008928
259 0.008152
260 0.007842
261 0.007891
262 0.006725
263 0.006674
264 0.006477
265 0.005348
266 0.005369
267 0.004802
268 0.003934
269 0.003947
270 0.003038
271 0.002512
272 0.002518
273 0.000880
274 0.000759
275 0.000683
276 0.000045
277 0.000045
278 0.000046
279 0.000045
280 0.000045
281 0.000045
282 0.000046
283 0.000046
284 0.000045
285 0.000046
286 0.000045
287 0.000045
288 0.000045
289 0.000046
290 0.000045
291 0.000045
292 0.000046
293 0.000045
294 0.000045
295 0.000045
296 0.000046
297 0.000045
298 0.000045
299 0.000045
300 0.000046
301 0.000045
302 0.000045
303 0.000046
304 0.000045
305 0.000045
306 0.000126
307 0.000167
308 0.000166
309 0.000166
310 0.000166
311 0.000167
312 0.000165
313 0.000165
314 0.000191
315 0.000237
316 0.000236
317 0.000235
318 0.000235
319 0.000236
320 0.000289
321 0.000300
322 0.000300
323 0.000299
324 0.000299
325 0.000321
326 0.000371
327 0.000370
328 0.000371
329 0.000369
330 0.000369
331 0.000414
