0 0.360332
1 0.000001
2 0.000039
3 0.000039
4 0.000039
5 0.000039
6 0.000039
7 0.000039
8 0.000039
9 0.000039
10 0.000039
11 0.000039
12 0.000039
13 0.000039
14 0.000039
15 0.000039
16 0.000039
17 0.000039
18 0.000081
19 0.000144
20 0.000144
21 0.000144
22 0.000188
23 0.000207
24 0.000206
25 0.000208
26 0.000261
27 0.000268
28 0.000301
29 0.000315
30 0.000343
31 0.000365
32 0.000389
33 0.000420
34 0.000437
35 0.000478
36 0.000488
37 0.000539
38 0.000548
39 0.000598
40 0.000614
41 0.000657
42 0.000683
43 0.000719
44 0.000756
45 0.000783
46 0.000832
47 0.000850
48 0.000912
49 0.000922
50 0.000992
51 0.001006
52 0.001066
53 0.001093
54 0.001143
55 0.001206
56 0.001265
57 0.001375
58 0.001429
59 0.001561
60 0.001587
61 0.001740
62 0.001762
63 0.001893
64 0.001934
65 0.002037
66 0.002099
67 0.002177
68 0.002259
69 0.002313
70 0.002413
71 0.002443
72 0.002561
73 0.002577
74 0.002694
75 0.002717
76 0.002810
77 0.002851
78 0.002922
79 0.002979
80 0.003028
81 0.003101
82 0.003130
83 0.003217
84 0.003227
85 0.003327
86 0.003335
87 0.003414
88 0.003437
89 0.003497
90 0.003533
91 0.003575
92 0.003623
93 0.003649
94 0.003708
95 0.003718
96 0.003787
97 0.003790
98 0.003853
99 0.003861
100 0.003909
101 0.003928
102 0.003961
103 0.003990
104 0.004010
105 0.004046
106 0.004055
107 0.004098
108 0.004098
109 0.004144
110 0.004143
111 0.004178
112 0.004184
113 0.004207
114 0.004219
115 0.004232
116 0.004249
117 0.004253
118 0.004275
119 0.004271
120 0.004296
121 0.004290
122 0.004309
123 0.004306
124 0.004317
125 0.004318
126 0.004322
127 0.004325
128 0.004324
129 0.004329
130 0.004323
131 0.004327
132 0.004318
133 0.004321
134 0.004312
135 0.004309
136 0.004301
137 0.004296
138 0.004287
139 0.004278
140 0.004269
141 0.004258
142 0.004246
143 0.004234
144 0.004218
145 0.004204
146 0.004185
147 0.004169
148 0.004148
149 0.004128
150 0.004106
151 0.004082
152 0.004061
153 0.004033
154 0.004013
155 0.003980
156 0.003962
157 0.003926
158 0.003906
159 0.003872
160 0.003848
161 0.003817
162 0.003788
163 0.003761
164 0.003726
165 0.003704
166 0.003662
167 0.003645
168 0.003596
169 0.003580
170 0.003536
171 0.003515
172 0.003478
173 0.003450
174 0.003420
175 0.003385
176 0.003362
177 0.003320
178 0.003307
179 0.003255
180 0.003247
181 0.003196
182 0.003183
183 0.003141
184 0.003119
185 0.003086
186 0.003054
187 0.003030
188 0.002987
189 0.002974
190 0.002919
191 0.002914
192 0.002848
193 0.002842
194 0.002785
195 0.002766
196 0.002719
197 0.002687
198 0.002652
199 0.002604
200 0.002582
201 0.002518
202 0.002509
203 0.002427
204 0.002421
205 0.002343
206 0.002325
207 0.002258
208 0.002222
209 0.002169
210 0.002114
211 0.002076
212 0.002001
213 0.001978
214 0.001882
215 0.001870
216 0.001761
217 0.001742
218 0.001648
219 0.001607
220 0.001529
221 0.001466
222 0.001406
223 0.001319
224 0.001277
225 0.001165
226 0.001143
227 0.001006
228 0.000985
229 0.000860
230 0.000818
231 0.000713
232 0.000646
233 0.000561
234 0.000420
235 0.000325
236 0.000326
237 0.000326
238 0.000027
239 0.000010
240 0.000126
241 0.000180
242 0.000368
243 0.000569
244 0.000993
245 0.001187
246 0.001356
247 0.001594
248 0.001699
249 0.001974
250 0.002021
251 0.002327
252 0.002366
253 0.002607
254 0.002684
255 0.002863
256 0.002973
257 0.003098
258 0.003234
259 0.003309
260 0.003465
261 0.003497
262 0.003668
263 0.003678
264 0.003826
265 0.003845
266 0.003949
267 0.003986
268 0.004051
269 0.004100
270 0.004132
271 0.004187
272 0.004192
273 0.004251
274 0.004237
275 0.004291
276 0.004273
277 0.004300
278 0.004288
279 0.004300
280 0.004303
281 0.004305
282 0.004304
283 0.004294
284 0.004287
285 0.004272
286 0.004255
287 0.004239
288 0.004214
289 0.004195
290 0.004165
291 0.004139
292 0.004108
293 0.004072
294 0.004047
295 0.003996
296 0.003979
297 0.003911
298 0.003903
299 0.003820
300 0.003808
301 0.003733
302 0.003703
303 0.003639
304 0.003586
305 0.003537
306 0.003454
307 0.003423
308 0.003306
309 0.003298
310 0.003140
311 0.003131
312 0.002977
313 0.002934
314 0.002798
315 0.002711
316 0.002596
317 0.002460
318 0.002372
319 0.002181
320 0.002125
321 0.001873
322 0.001835
323 0.001558
324 0.001492
325 0.001246
326 0.001080
327 0.000805
328 0.000734
329 0.000677
330 0.000213
331 0.000004
