0 0.361342
1 0.000001
2 0.000274
3 0.000274
4 0.000385
5 0.000755
6 0.000754
7 0.000963
8 0.001201
9 0.001200
10 0.001501
11 0.001628
12 0.001626
13 0.001983
14 0.002005
15 0.002060
16 0.002346
17 0.002342
18 0.002462
19 0.002644
20 0.002638
21 0.002807
22 0.002901
23 0.002895
24 0.003096
25 0.003121
26 0.003133
27 0.003310
28 0.003302
29 0.003350
30 0.003456
31 0.003447
32 0.003516
33 0.003566
34 0.003557
35 0.003632
36 0.003643
37 0.003636
38 0.003697
39 0.003688
40 0.003690
41 0.003711
42 0.003703
43 0.003699
44 0.003696
45 0.003689
46 0.003666
47 0.003654
48 0.003646
49 0.003593
50 0.003585
51 0.003563
52 0.003497
53 0.003491
54 0.003442
55 0.003380
56 0.003375
57 0.003287
58 0.003242
59 0.003238
60 0.003103
61 0.003086
62 0.003060
63 0.002917
64 0.002914
65 0.002845
66 0.002733
67 0.002732
68 0.002618
69 0.002547
70 0.002546
71 0.002394
72 0.002367
73 0.002354
74 0.002207
75 0.002208
76 0.002165
77 0.002089
78 0.002090
79 0.002013
80 0.001993
81 0.001995
82 0.002074
83 0.002100
84 0.002102
85 0.002204
86 0.002206
87 0.002231
88 0.002308
89 0.002311
90 0.002358
91 0.002412
92 0.002415
93 0.002484
94 0.002516
95 0.002520
96 0.002610
97 0.002620
98 0.002640
99 0.002720
100 0.002725
101 0.002766
102 0.002825
103 0.002831
104 0.002892
105 0.002930
106 0.002937
107 0.003018
108 0.003038
109 0.003054
110 0.003137
111 0.003146
112 0.003182
113 0.003245
114 0.003255
115 0.003310
116 0.003354
117 0.003365
118 0.003439
119 0.003467
120 0.003482
121 0.003569
122 0.003584
123 0.003619
124 0.003690
125 0.003708
126 0.003763
127 0.003819
128 0.003840
129 0.003912
130 0.003953
131 0.003975
132 0.004065
133 0.004092
134 0.004130
135 0.004210
136 0.004237
137 0.004294
138 0.004361
139 0.004392
140 0.004467
141 0.004523
142 0.004559
143 0.004653
144 0.004700
145 0.004749
146 0.004844
147 0.004882
148 0.004942
149 0.005020
150 0.005061
151 0.005137
152 0.005204
153 0.005242
154 0.005314
155 0.005339
156 0.005356
157 0.005420
158 0.005434
159 0.005466
160 0.005515
161 0.005521
162 0.005555
163 0.005585
164 0.005594
165 0.005639
166 0.005660
167 0.005672
168 0.005724
169 0.005734
170 0.005754
171 0.005796
172 0.005809
173 0.005839
174 0.005871
175 0.005874
176 0.005898
177 0.005908
178 0.005910
179 0.005941
180 0.005950
181 0.005959
182 0.005990
183 0.005999
184 0.006002
185 0.006000
186 0.005982
187 0.005978
188 0.005973
189 0.005963
190 0.005971
191 0.005966
192 0.005960
193 0.005964
194 0.005957
195 0.005954
196 0.005953
197 0.005948
198 0.005945
199 0.005942
200 0.005937
201 0.005935
202 0.005931
203 0.005926
204 0.005922
205 0.005919
206 0.005915
207 0.005911
208 0.005909
209 0.005905
210 0.005902
211 0.005903
212 0.005897
213 0.005896
214 0.005898
215 0.005889
216 0.005892
217 0.005891
218 0.005882
219 0.005886
220 0.005883
221 0.005877
222 0.005882
223 0.005873
224 0.005870
225 0.005876
226 0.005858
227 0.005861
228 0.005861
229 0.005841
230 0.005846
231 0.005839
232 0.005824
233 0.005830
234 0.005814
235 0.005806
236 0.005812
237 0.005786
238 0.005786
239 0.005790
240 0.005757
241 0.005764
242 0.005758
243 0.005733
244 0.005741
245 0.005724
246 0.005710
247 0.005718
248 0.005687
249 0.005684
250 0.005694
251 0.005647
252 0.005657
253 0.005653
254 0.005617
255 0.005627
256 0.005606
257 0.005580
258 0.005587
259 0.005547
260 0.005532
261 0.005538
262 0.005476
263 0.005474
264 0.005463
265 0.005401
266 0.005402
267 0.005371
268 0.005325
269 0.005325
270 0.005275
271 0.005246
272 0.005246
273 0.005175
274 0.005164
275 0.005156
276 0.005079
277 0.005081
278 0.005052
279 0.004994
280 0.004996
281 0.004947
282 0.004910
283 0.004915
284 0.004834
285 0.004805
286 0.004791
287 0.004682
288 0.004669
289 0.004632
290 0.004548
291 0.004541
292 0.004482
293 0.004425
294 0.004421
295 0.004335
296 0.004299
297 0.004290
298 0.004175
299 0.004165
300 0.004135
301 0.004038
302 0.004032
303 0.003977
304 0.003906
305 0.003901
306 0.003816
307 0.003771
308 0.003765
309 0.003650
310 0.003632
311 0.003611
312 0.003498
313 0.003495
314 0.003444
315 0.003361
316 0.003359
317 0.003279
318 0.003227
319 0.003227
320 0.003115
321 0.003092
322 0.003083
323 0.002953
324 0.002954
325 0.002912
326 0.002812
327 0.002812
328 0.002736
329 0.002668
330 0.002668
331 0.002555
