0 0.361101
1 0.000001
2 0.000298
3 0.000299
4 0.000299
5 0.000299
6 0.000298
7 0.000298
8 0.000297
9 0.000297
10 0.000297
11 0.000296
12 0.000295
13 0.000626
14 0.000648
15 0.000646
16 0.000641
17 0.000642
18 0.000701
19 0.000789
20 0.000787
21 0.000784
22 0.000851
23 0.000877
24 0.000873
25 0.000871
26 0.000946
27 0.000942
28 0.000938
29 0.000955
30 0.000989
31 0.000987
32 0.000983
33 0.001006
34 0.001017
35 0.001012
36 0.001008
37 0.001029
38 0.001025
39 0.001020
40 0.001018
41 0.001021
42 0.001016
43 0.001009
44 0.001004
45 0.000996
46 0.000992
47 0.000988
48 0.000964
49 0.000958
50 0.000954
51 0.000942
52 0.000909
53 0.000905
54 0.000902
55 0.000873
56 0.000846
57 0.000841
58 0.000840
59 0.000799
60 0.000788
61 0.000786
62 0.000777
63 0.000738
64 0.000736
65 0.000734
66 0.000733
67 0.000736
68 0.000734
69 0.000732
70 0.000758
71 0.000776
72 0.000789
73 0.000786
74 0.000762
75 0.000772
76 0.000817
77 0.000808
78 0.000794
79 0.000798
80 0.000800
81 0.000819
82 0.000827
83 0.000833
84 0.000833
85 0.000856
86 0.000856
87 0.000859
88 0.000872
89 0.000900
90 0.000895
91 0.000893
92 0.000918
93 0.000933
94 0.000933
95 0.000933
96 0.000972
97 0.000973
98 0.000973
99 0.000983
100 0.001013
101 0.001015
102 0.001017
103 0.001040
104 0.001058
105 0.001057
106 0.001056
107 0.001090
108 0.001092
109 0.001113
110 0.001117
111 0.001140
112 0.001144
113 0.001156
114 0.001171
115 0.001184
116 0.001196
117 0.001201
118 0.001226
119 0.001229
120 0.001248
121 0.001250
122 0.001279
123 0.001280
124 0.001293
125 0.001306
126 0.001322
127 0.001333
128 0.001338
129 0.001363
130 0.001369
131 0.001383
132 0.001383
133 0.001417
134 0.001418
135 0.001429
136 0.001440
137 0.001463
138 0.001467
139 0.001472
140 0.001498
141 0.001507
142 0.001518
143 0.001517
144 0.001556
145 0.001556
146 0.001565
147 0.001574
148 0.001602
149 0.001605
150 0.001609
151 0.001631
152 0.001648
153 0.001653
154 0.001651
155 0.001683
156 0.001685
157 0.001710
158 0.001712
159 0.001731
160 0.001739
161 0.001754
162 0.001765
163 0.001776
164 0.001793
165 0.001798
166 0.001819
167 0.001819
168 0.001848
169 0.001846
170 0.001870
171 0.001875
172 0.001892
173 0.001901
174 0.001915
175 0.001930
176 0.001937
177 0.001957
178 0.001959
179 0.001986
180 0.001982
181 0.002011
182 0.002013
183 0.002034
184 0.002040
185 0.002057
186 0.002070
187 0.002079
188 0.002099
189 0.002103
190 0.002129
191 0.002126
192 0.002157
193 0.002157
194 0.002181
195 0.002184
196 0.002205
197 0.002217
198 0.002228
199 0.002247
200 0.002254
201 0.002278
202 0.002277
203 0.002310
204 0.002308
205 0.002335
206 0.002340
207 0.002362
208 0.002370
209 0.002387
210 0.002404
211 0.002414
212 0.002436
213 0.002441
214 0.002471
215 0.002470
216 0.002502
217 0.002504
218 0.002531
219 0.002539
220 0.002559
221 0.002573
222 0.002590
223 0.002608
224 0.002618
225 0.002647
226 0.002646
227 0.002684
228 0.002683
229 0.002716
230 0.002721
231 0.002747
232 0.002761
233 0.002779
234 0.002800
235 0.002811
236 0.002842
237 0.002845
238 0.002883
239 0.002883
240 0.002922
241 0.002925
242 0.002957
243 0.002969
244 0.002993
245 0.003012
246 0.003029
247 0.003058
248 0.003067
249 0.003105
250 0.003106
251 0.003152
252 0.003152
253 0.003193
254 0.003203
255 0.003234
256 0.003254
257 0.003276
258 0.003304
259 0.003319
260 0.003357
261 0.003364
262 0.003411
263 0.003413
264 0.003460
265 0.003469
266 0.003506
267 0.003526
268 0.003556
269 0.003584
270 0.003604
271 0.003645
272 0.003658
273 0.003704
274 0.003711
275 0.003766
276 0.003774
277 0.003820
278 0.003838
279 0.003873
280 0.003885
281 0.003895
282 0.003922
283 0.003937
284 0.004460
285 0.004591
286 0.004632
287 0.004663
288 0.004908
289 0.004920
290 0.004950
291 0.005038
292 0.005161
293 0.005249
294 0.005312
295 0.005420
296 0.005461
297 0.005588
298 0.005610
299 0.005745
300 0.005771
301 0.005877
302 0.005923
303 0.006004
304 0.006063
305 0.006125
306 0.006203
307 0.006243
308 0.006340
309 0.006359
310 0.006469
311 0.006487
312 0.006580
313 0.006611
314 0.006686
315 0.006731
316 0.006787
317 0.006847
318 0.006887
319 0.006958
320 0.006981
321 0.007063
322 0.007078
323 0.007155
324 0.007174
325 0.007233
326 0.007260
327 0.007307
328 0.007345
329 0.007380
330 0.007426
331 0.007448
