0 0.361342
1 0.000001
2 0.000034
3 0.000034
4 0.000034
5 0.000034
6 0.000034
7 0.000034
8 0.000034
9 0.000034
10 0.000034
11 0.000034
12 0.000034
13 0.000034
14 0.000034
15 0.000034
16 0.000034
17 0.000034
18 0.000034
19 0.000034
20 0.000034
21 0.000034
22 0.000034
23 0.000034
24 0.000034
25 0.000034
26 0.000034
27 0.000034
28 0.000034
29 0.000034
30 0.000034
31 0.000034
32 0.000034
33 0.000034
34 0.000034
35 0.000034
36 0.000034
37 0.000034
38 0.000034
39 0.000034
40 0.000034
41 0.000034
42 0.000034
43 0.000034
44 0.000034
45 0.000034
46 0.000103
47 0.000128
48 0.000128
49 0.000128
50 0.000128
51 0.000128
52 0.000128
53 0.000128
54 0.000128
55 0.000127
56 0.000128
57 0.000169
58 0.000190
59 0.000190
60 0.000190
61 0.000190
62 0.000190
63 0.000190
64 0.000190
65 0.000190
66 0.000190
67 0.000190
68 0.000223
69 0.000245
70 0.000245
71 0.000245
72 0.000245
73 0.000247
74 0.000285
75 0.000285
76 0.000285
77 0.000285
78 0.000285
79 0.000308
80 0.000329
81 0.000329
82 0.000329
83 0.000329
84 0.000328
85 0.000375
86 0.000375
87 0.000375
88 0.000375
89 0.000375
90 0.000398
91 0.000425
92 0.000425
93 0.000425
94 0.000425
95 0.000425
96 0.000474
97 0.000477
98 0.000477
99 0.000477
100 0.000477
101 0.000500
102 0.000533
103 0.000533
104 0.000533
105 0.000533
106 0.000532
107 0.000584
108 0.000591
109 0.000591
110 0.000591
111 0.000591
112 0.000611
113 0.000653
114 0.000653
115 0.000652
116 0.000652
117 0.000652
118 0.000704
119 0.000717
120 0.000717
121 0.000717
122 0.000716
123 0.000734
124 0.000784
125 0.000784
126 0.000784
127 0.000783
128 0.000783
129 0.000835
130 0.000853
131 0.000854
132 0.000853
133 0.000853
134 0.000867
135 0.000926
136 0.000926
137 0.000925
138 0.000925
139 0.000925
140 0.000976
141 0.001001
142 0.001001
143 0.001000
144 0.001000
145 0.001010
146 0.001079
147 0.001079
148 0.001078
149 0.001078
150 0.001077
151 0.001127
152 0.001159
153 0.001159
154 0.001158
155 0.001158
156 0.001163
157 0.001242
158 0.001242
159 0.001241
160 0.001240
161 0.001240
162 0.001341
163 0.001430
164 0.001429
165 0.001429
166 0.001428
167 0.001427
168 0.001713
169 0.001711
170 0.001710
171 0.001709
172 0.001708
173 0.001834
174 0.001978
175 0.001976
176 0.001975
177 0.001974
178 0.001972
179 0.002212
180 0.002227
181 0.002225
182 0.002223
183 0.002221
184 0.002317
185 0.002461
186 0.002459
187 0.002456
188 0.002454
189 0.002452
190 0.002649
191 0.002676
192 0.002674
193 0.002670
194 0.002667
195 0.002736
196 0.002876
197 0.002873
198 0.002869
199 0.002865
200 0.002862
201 0.003019
202 0.003056
203 0.003051
204 0.003047
205 0.003043
206 0.003088
207 0.003222
208 0.003217
209 0.003212
210 0.003207
211 0.003202
212 0.003325
213 0.003366
214 0.003361
215 0.003356
216 0.003350
217 0.003377
218 0.003499
219 0.003493
220 0.003487
221 0.003481
222 0.003475
223 0.003566
224 0.003608
225 0.003602
226 0.003595
227 0.003589
228 0.003600
229 0.003708
230 0.003701
231 0.003694
232 0.003687
233 0.003680
234 0.003745
235 0.003785
236 0.003778
237 0.003771
238 0.003763
239 0.003764
240 0.003856
241 0.003848
242 0.003841
243 0.003834
244 0.003827
245 0.003870
246 0.003907
247 0.003900
248 0.003893
249 0.003886
250 0.003879
251 0.003953
252 0.003946
253 0.003939
254 0.003932
255 0.003926
256 0.003953
257 0.003984
258 0.003979
259 0.003973
260 0.003965
261 0.003956
262 0.004001
263 0.003995
264 0.003986
265 0.003977
266 0.003968
267 0.003977
268 0.003996
269 0.003987
270 0.003979
271 0.003970
272 0.003962
273 0.003983
274 0.003979
275 0.003971
276 0.003963
277 0.003954
278 0.003953
279 0.003958
280 0.003947
281 0.003936
282 0.003925
283 0.003913
284 0.003909
285 0.003900
286 0.003888
287 0.003875
288 0.003863
289 0.003850
290 0.003837
291 0.003824
292 0.003808
293 0.003792
294 0.003774
295 0.003749
296 0.003730
297 0.003713
298 0.003696
299 0.003680
300 0.003660
301 0.003628
302 0.003612
303 0.003597
304 0.003582
305 0.003567
306 0.003532
307 0.003508
308 0.003494
309 0.003479
310 0.003465
311 0.003446
312 0.003399
313 0.003386
314 0.003372
315 0.003359
316 0.003346
317 0.003306
318 0.003275
319 0.003263
320 0.003251
321 0.003239
322 0.003224
323 0.003161
324 0.003151
325 0.003140
326 0.003130
327 0.003119
328 0.003075
329 0.003036
330 0.003026
331 0.003017
