0 0.361115
1 0.000001
2 0.000118
3 0.000118
4 0.000118
5 0.000118
6 0.000118
7 0.000118
8 0.000118
9 0.000118
10 0.000118
11 0.000119
12 0.000118
13 0.000278
14 0.000290
15 0.000289
16 0.000289
17 0.000290
18 0.000336
19 0.000406
20 0.000406
21 0.000405
22 0.000406
23 0.000406
24 0.000508
25 0.000523
26 0.000524
27 0.000523
28 0.000524
29 0.000563
30 0.000643
31 0.000643
32 0.000643
33 0.000643
34 0.000643
35 0.000740
36 0.000763
37 0.000763
38 0.000763
39 0.000764
40 0.000796
41 0.000885
42 0.000886
43 0.000885
44 0.000885
45 0.000886
46 0.000976
47 0.001009
48 0.001009
49 0.001009
50 0.001009
51 0.001034
52 0.001134
53 0.001134
54 0.001134
55 0.001134
56 0.001134
57 0.001218
58 0.001261
59 0.001260
60 0.001260
61 0.001260
62 0.001278
63 0.001388
64 0.001387
65 0.001388
66 0.001387
67 0.001387
68 0.001465
69 0.001516
70 0.001516
71 0.001517
72 0.001516
73 0.001525
74 0.001647
75 0.001646
76 0.001647
77 0.001646
78 0.001646
79 0.001716
80 0.001777
81 0.001777
82 0.001777
83 0.001776
84 0.001776
85 0.001909
86 0.001908
87 0.001908
88 0.001908
89 0.001907
90 0.001969
91 0.002040
92 0.002039
93 0.002039
94 0.002038
95 0.002037
96 0.002163
97 0.002171
98 0.002170
99 0.002169
100 0.002169
101 0.002222
102 0.002303
103 0.002303
104 0.002301
105 0.002300
106 0.002300
107 0.002417
108 0.002435
109 0.002433
110 0.002431
111 0.002430
112 0.002474
113 0.002566
114 0.002563
115 0.002562
116 0.002560
117 0.002559
118 0.002668
119 0.002694
120 0.002693
121 0.002690
122 0.002688
123 0.002724
124 0.002825
125 0.002823
126 0.002821
127 0.002819
128 0.002817
129 0.002919
130 0.002954
131 0.002952
132 0.002949
133 0.002948
134 0.002973
135 0.003084
136 0.003083
137 0.003080
138 0.003078
139 0.003076
140 0.003168
141 0.003213
142 0.003211
143 0.003208
144 0.003206
145 0.003223
146 0.003345
147 0.003342
148 0.003340
149 0.003337
150 0.003334
151 0.003418
152 0.003472
153 0.003469
154 0.003466
155 0.003463
156 0.003470
157 0.003602
158 0.003599
159 0.003595
160 0.003592
161 0.003589
162 0.003659
163 0.003726
164 0.003723
165 0.003720
166 0.003717
167 0.003714
168 0.004260
169 0.004255
170 0.004250
171 0.004245
172 0.004240
173 0.004466
174 0.004740
175 0.004736
176 0.004732
177 0.004727
178 0.004723
179 0.005239
180 0.005274
181 0.005272
182 0.005270
183 0.005267
184 0.005497
185 0.005850
186 0.005849
187 0.005849
188 0.005850
189 0.005850
190 0.006369
191 0.006452
192 0.006453
193 0.006457
194 0.006459
195 0.006662
196 0.007070
197 0.007074
198 0.007079
199 0.007085
200 0.007091
201 0.007576
202 0.007703
203 0.007711
204 0.007720
205 0.007728
206 0.007894
207 0.008338
208 0.008348
209 0.008358
210 0.008368
211 0.008379
212 0.008813
213 0.008978
214 0.008989
215 0.009000
216 0.009012
217 0.009134
218 0.009594
219 0.009605
220 0.009616
221 0.009628
222 0.009640
223 0.010009
224 0.010200
225 0.010211
226 0.010222
227 0.010234
228 0.010313
229 0.010768
230 0.010778
231 0.010789
232 0.010798
233 0.010809
234 0.011106
235 0.011309
236 0.011317
237 0.011326
238 0.011332
239 0.011366
240 0.011791
241 0.011794
242 0.011798
243 0.011803
244 0.011807
245 0.012033
246 0.012232
247 0.012237
248 0.012240
249 0.012243
250 0.012246
251 0.012622
252 0.012622
253 0.012622
254 0.012622
255 0.012623
256 0.012776
257 0.012956
258 0.012954
259 0.012952
260 0.012950
261 0.012948
262 0.013213
263 0.013228
264 0.013222
265 0.013217
266 0.013212
267 0.013301
268 0.013445
269 0.013437
270 0.013431
271 0.013423
272 0.013415
273 0.013572
274 0.013589
275 0.013578
276 0.013569
277 0.013560
278 0.013595
279 0.013684
280 0.013673
281 0.013661
282 0.013650
283 0.013637
284 0.013693
285 0.013701
286 0.013688
287 0.013672
288 0.013657
289 0.013648
290 0.013661
291 0.013644
292 0.013624
293 0.013604
294 0.013585
295 0.013548
296 0.013529
297 0.013508
298 0.013484
299 0.013457
300 0.013411
301 0.013328
302 0.013301
303 0.013275
304 0.013249
305 0.013222
306 0.013101
307 0.013036
308 0.013010
309 0.012985
310 0.012959
311 0.012905
312 0.012715
313 0.012692
314 0.012667
315 0.012643
316 0.012619
317 0.012439
318 0.012324
319 0.012302
320 0.012280
321 0.012259
322 0.012215
323 0.011913
324 0.011893
325 0.011873
326 0.011852
327 0.011831
328 0.011613
329 0.011436
330 0.011415
331 0.011395
