0 0.355749
1 0.000001
2 0.000344
3 0.000344
4 0.000344
5 0.000344
6 0.000344
7 0.000343
8 0.000348
9 0.000394
10 0.000394
11 0.000394
12 0.000689
13 0.000864
14 0.000864
15 0.000868
16 0.000891
17 0.000890
18 0.000890
19 0.001064
20 0.001136
21 0.001135
22 0.001172
23 0.001286
24 0.001285
25 0.001283
26 0.001390
27 0.001417
28 0.001416
29 0.001454
30 0.001532
31 0.001530
32 0.001529
33 0.001617
34 0.001628
35 0.001627
36 0.001661
37 0.001709
38 0.001708
39 0.001706
40 0.001772
41 0.001773
42 0.001771
43 0.001806
44 0.001840
45 0.001838
46 0.001838
47 0.001871
48 0.001870
49 0.001869
50 0.001882
51 0.001891
52 0.001894
53 0.001897
54 0.001912
55 0.001914
56 0.001916
57 0.001911
58 0.001909
59 0.001911
60 0.001909
61 0.001897
62 0.001898
63 0.001900
64 0.001868
65 0.001859
66 0.001860
67 0.001846
68 0.001811
69 0.001812
70 0.001812
71 0.001750
72 0.001738
73 0.001738
74 0.001707
75 0.001655
76 0.001656
77 0.001655
78 0.001562
79 0.001554
80 0.001554
81 0.001500
82 0.001437
83 0.001436
84 0.001437
85 0.001304
86 0.001304
87 0.001304
88 0.001223
89 0.001156
90 0.001155
91 0.001135
92 0.000915
93 0.000915
94 0.000915
95 0.000867
96 0.000841
97 0.000842
98 0.000793
99 0.000557
100 0.000557
101 0.000557
102 0.000569
103 0.000574
104 0.000574
105 0.000579
106 0.000596
107 0.000595
108 0.000596
109 0.000584
110 0.000582
111 0.000581
112 0.000589
113 0.000603
114 0.000603
115 0.000604
116 0.000622
117 0.000626
118 0.000626
119 0.000631
120 0.000638
121 0.000638
122 0.000639
123 0.000687
124 0.000688
125 0.000689
126 0.000699
127 0.000710
128 0.000710
129 0.000710
130 0.000723
131 0.000722
132 0.000723
133 0.000735
134 0.000744
135 0.000744
136 0.000746
137 0.000765
138 0.000764
139 0.000764
140 0.000782
141 0.000791
142 0.000790
143 0.000794
144 0.000811
145 0.000809
146 0.000809
147 0.000823
148 0.000829
149 0.000827
150 0.000830
151 0.000838
152 0.000836
153 0.000836
154 0.000860
155 0.000864
156 0.000862
157 0.000869
158 0.000878
159 0.000878
160 0.000875
161 0.000886
162 0.000886
163 0.000885
164 0.000897
165 0.000912
166 0.000911
167 0.000910
168 0.000929
169 0.000927
170 0.000927
171 0.000933
172 0.000937
173 0.000937
174 0.000939
175 0.000963
176 0.000963
177 0.000962
178 0.000973
179 0.000980
180 0.000979
181 0.000980
182 0.000988
183 0.000988
184 0.000988
185 0.001007
186 0.001014
187 0.001014
188 0.001018
189 0.001031
190 0.001031
191 0.001031
192 0.001044
193 0.001048
194 0.001048
195 0.001053
196 0.001063
197 0.001063
198 0.001063
199 0.001079
200 0.001080
201 0.001081
202 0.001090
203 0.001103
204 0.001103
205 0.001103
206 0.001119
207 0.001120
208 0.001120
209 0.001126
210 0.001132
211 0.001132
212 0.001133
213 0.001148
214 0.001148
215 0.001148
216 0.001160
217 0.001169
218 0.001168
219 0.001169
220 0.001183
221 0.001182
222 0.001181
223 0.001188
224 0.001192
225 0.001190
226 0.001193
227 0.001205
228 0.001203
229 0.001202
230 0.001216
231 0.001220
232 0.001218
233 0.001221
234 0.001231
235 0.001229
236 0.001227
237 0.001236
238 0.001236
239 0.001234
240 0.001238
241 0.001245
242 0.001243
243 0.001240
244 0.001255
245 0.001254
246 0.001251
247 0.001255
248 0.001259
249 0.001257
250 0.001254
251 0.001262
252 0.001259
253 0.001255
254 0.001259
255 0.001262
256 0.001258
257 0.001255
258 0.001267
259 0.001262
260 0.001258
261 0.001262
262 0.001262
263 0.001258
264 0.001254
265 0.001258
266 0.001253
267 0.001247
268 0.001251
269 0.001249
270 0.001244
271 0.001242
272 0.001247
273 0.001242
274 0.001236
275 0.001239
276 0.001235
277 0.001229
278 0.001228
279 0.001231
280 0.001225
281 0.001219
282 0.001218
283 0.001213
284 0.001208
285 0.001209
286 0.001213
287 0.001210
288 0.001210
289 0.001219
290 0.001220
291 0.001220
292 0.001226
293 0.001232
294 0.001232
295 0.001232
296 0.001242
297 0.001242
298 0.001241
299 0.001245
300 0.001248
301 0.001248
302 0.001249
303 0.001257
304 0.001257
305 0.001257
306 0.001263
307 0.001268
308 0.001268
309 0.001269
310 0.001277
311 0.001276
312 0.001276
313 0.001284
314 0.001287
315 0.001287
316 0.001288
317 0.001290
318 0.001290
319 0.001290
320 0.001299
321 0.001300
322 0.001300
323 0.001303
324 0.001309
325 0.001310
326 0.001310
327 0.001318
328 0.001319
329 0.001319
330 0.001323
331 0.001328
