0 0.361304
1 0.000001
2 0.000016
3 0.000015
4 0.000016
5 0.000015
6 0.000015
7 0.000015
8 0.000016
9 0.000015
10 0.000015
11 0.000016
12 0.000015
13 0.000016
14 0.000015
15 0.000015
16 0.000015
17 0.000015
18 0.000015
19 0.000016
20 0.000015
21 0.000015
22 0.000016
23 0.000015
24 0.000016
25 0.000015
26 0.000015
27 0.000015
28 0.000015
29 0.000016
30 0.000015
31 0.000015
32 0.000015
33 0.000015
34 0.000016
35 0.000015
36 0.000016
37 0.000015
38 0.000016
39 0.000015
40 0.000016
41 0.000015
42 0.000016
43 0.000037
44 0.000059
45 0.000059
46 0.000059
47 0.000060
48 0.000059
49 0.000058
50 0.000059
51 0.000059
52 0.000059
53 0.000061
54 0.000083
55 0.000083
56 0.000083
57 0.000083
58 0.000083
59 0.000083
60 0.000087
61 0.000105
62 0.000105
63 0.000104
64 0.000105
65 0.000105
66 0.000105
67 0.000111
68 0.000129
69 0.000130
70 0.000129
71 0.000130
72 0.000129
73 0.000129
74 0.000137
75 0.000149
76 0.000149
77 0.000150
78 0.000162
79 0.000163
80 0.000163
81 0.000170
82 0.000178
83 0.000178
84 0.000179
85 0.000194
86 0.000194
87 0.000194
88 0.000202
89 0.000211
90 0.000210
91 0.000211
92 0.000227
93 0.000227
94 0.000226
95 0.000239
96 0.000245
97 0.000245
98 0.000248
99 0.000263
100 0.000263
101 0.000263
102 0.000281
103 0.000290
104 0.000290
105 0.000298
106 0.000325
107 0.000324
108 0.000324
109 0.000351
110 0.000358
111 0.000358
112 0.000370
113 0.000392
114 0.000392
115 0.000392
116 0.000422
117 0.000426
118 0.000426
119 0.000440
120 0.000460
121 0.000460
122 0.000459
123 0.000491
124 0.000494
125 0.000493
126 0.000509
127 0.000526
128 0.000527
129 0.000528
130 0.000560
131 0.000560
132 0.000559
133 0.000579
134 0.000593
135 0.000593
136 0.000598
137 0.000626
138 0.000626
139 0.000626
140 0.000648
141 0.000659
142 0.000660
143 0.000666
144 0.000692
145 0.000692
146 0.000693
147 0.000717
148 0.000725
149 0.000726
150 0.000735
151 0.000758
152 0.000759
153 0.000759
154 0.000785
155 0.000792
156 0.000793
157 0.000805
158 0.000825
159 0.000826
160 0.000827
161 0.000855
162 0.000859
163 0.000860
164 0.000874
165 0.000893
166 0.000893
167 0.000895
168 0.000926
169 0.000927
170 0.000929
171 0.000946
172 0.000961
173 0.000963
174 0.000966
175 0.000995
176 0.000997
177 0.000999
178 0.001018
179 0.001032
180 0.001033
181 0.001040
182 0.001066
183 0.001069
184 0.001071
185 0.001093
186 0.001104
187 0.001107
188 0.001116
189 0.001140
190 0.001142
191 0.001146
192 0.001171
193 0.001180
194 0.001183
195 0.001195
196 0.001217
197 0.001220
198 0.001223
199 0.001252
200 0.001259
201 0.001262
202 0.001277
203 0.001297
204 0.001301
205 0.001305
206 0.001335
207 0.001341
208 0.001345
209 0.001362
210 0.001381
211 0.001386
212 0.001390
213 0.001422
214 0.001426
215 0.001430
216 0.001451
217 0.001468
218 0.001473
219 0.001481
220 0.001510
221 0.001515
222 0.001521
223 0.001545
224 0.001560
225 0.001565
226 0.001577
227 0.001604
228 0.001610
229 0.001615
230 0.001642
231 0.001656
232 0.001661
233 0.001674
234 0.001701
235 0.001707
236 0.001713
237 0.001743
238 0.001753
239 0.001760
240 0.001777
241 0.001800
242 0.001806
243 0.001813
244 0.001844
245 0.001853
246 0.001859
247 0.001877
248 0.001898
249 0.001904
250 0.001910
251 0.001943
252 0.001949
253 0.001955
254 0.001975
255 0.001993
256 0.001999
257 0.002006
258 0.002037
259 0.002041
260 0.002046
261 0.002067
262 0.002081
263 0.002085
264 0.002093
265 0.002119
266 0.002121
267 0.002123
268 0.002144
269 0.002153
270 0.002154
271 0.002162
272 0.002181
273 0.002181
274 0.002181
275 0.002200
276 0.002203
277 0.002202
278 0.002208
279 0.002223
280 0.002220
281 0.002218
282 0.002237
283 0.002237
284 0.002234
285 0.002240
286 0.002247
287 0.002236
288 0.002221
289 0.002227
290 0.002214
291 0.002203
292 0.002206
293 0.002211
294 0.002206
295 0.002203
296 0.002221
297 0.002221
298 0.002221
299 0.002234
300 0.002245
301 0.002248
302 0.002255
303 0.002279
304 0.002286
305 0.002295
306 0.002319
307 0.002338
308 0.002352
309 0.002370
310 0.002388
311 0.002378
312 0.002363
313 0.002364
314 0.002357
315 0.002345
316 0.002339
317 0.002341
318 0.002330
319 0.002319
320 0.002323
321 0.002316
322 0.002306
323 0.002302
324 0.002302
325 0.002292
326 0.002282
327 0.002289
328 0.002281
329 0.002273
330 0.002273
331 0.002274
