0 0.361304
1 0.000001
2 0.000024
3 0.000023
4 0.000023
5 0.000023
6 0.000024
7 0.000023
8 0.000024
9 0.000023
10 0.000023
11 0.000023
12 0.000023
13 0.000023
14 0.000023
15 0.000024
16 0.000023
17 0.000023
18 0.000023
19 0.000023
20 0.000023
21 0.000023
22 0.000023
23 0.000024
24 0.000023
25 0.000023
26 0.000024
27 0.000023
28 0.000023
29 0.000045
30 0.000089
31 0.000088
32 0.000089
33 0.000088
34 0.000088
35 0.000089
36 0.000103
37 0.000124
38 0.000123
39 0.000125
40 0.000123
41 0.000151
42 0.000157
43 0.000157
44 0.000156
45 0.000164
46 0.000194
47 0.000194
48 0.000194
49 0.000193
50 0.000212
51 0.000223
52 0.000230
53 0.000245
54 0.000245
55 0.000266
56 0.000268
57 0.000283
58 0.000290
59 0.000300
60 0.000316
61 0.000317
62 0.000341
63 0.000340
64 0.000361
65 0.000367
66 0.000379
67 0.000394
68 0.000400
69 0.000434
70 0.000435
71 0.000478
72 0.000486
73 0.000514
74 0.000537
75 0.000549
76 0.000588
77 0.000588
78 0.000635
79 0.000639
80 0.000670
81 0.000690
82 0.000704
83 0.000740
84 0.000740
85 0.000789
86 0.000791
87 0.000824
88 0.000839
89 0.000859
90 0.000890
91 0.000894
92 0.000939
93 0.000940
94 0.000977
95 0.000989
96 0.001012
97 0.001038
98 0.001047
99 0.001087
100 0.001089
101 0.001131
102 0.001138
103 0.001165
104 0.001188
105 0.001201
106 0.001237
107 0.001240
108 0.001284
109 0.001290
110 0.001321
111 0.001340
112 0.001357
113 0.001390
114 0.001395
115 0.001442
116 0.001445
117 0.001479
118 0.001496
119 0.001518
120 0.001549
121 0.001557
122 0.001600
123 0.001606
124 0.001645
125 0.001659
126 0.001686
127 0.001713
128 0.001728
129 0.001770
130 0.001775
131 0.001821
132 0.001832
133 0.001864
134 0.001890
135 0.001909
136 0.001948
137 0.001956
138 0.002005
139 0.002016
140 0.002053
141 0.002076
142 0.002101
143 0.002138
144 0.002150
145 0.002201
146 0.002211
147 0.002253
148 0.002276
149 0.002306
150 0.002342
151 0.002360
152 0.002408
153 0.002421
154 0.002469
155 0.002490
156 0.002525
157 0.002558
158 0.002582
159 0.002628
160 0.002642
161 0.002694
162 0.002712
163 0.002751
164 0.002781
165 0.002807
166 0.002849
167 0.002862
168 0.002916
169 0.002930
170 0.002971
171 0.002995
172 0.003023
173 0.003059
174 0.003073
175 0.003119
176 0.003128
177 0.003166
178 0.003180
179 0.003203
180 0.003227
181 0.003236
182 0.003268
183 0.003267
184 0.003297
185 0.003299
186 0.003315
187 0.003327
188 0.003331
189 0.003352
190 0.003345
191 0.003365
192 0.003340
193 0.003327
194 0.003309
195 0.003301
196 0.003309
197 0.003301
198 0.003328
199 0.003328
200 0.003354
201 0.003369
202 0.003393
203 0.003426
204 0.003450
205 0.003503
206 0.003535
207 0.003572
208 0.003553
209 0.003536
210 0.003523
211 0.003502
212 0.003500
213 0.003475
214 0.003476
215 0.003455
216 0.003447
217 0.003435
218 0.003420
219 0.003419
220 0.003401
221 0.003408
222 0.003392
223 0.003393
224 0.003387
225 0.003383
226 0.003386
227 0.003376
228 0.003387
229 0.003379
230 0.003388
231 0.003387
232 0.003390
233 0.003395
234 0.003393
235 0.003404
236 0.003399
237 0.003411
238 0.003412
239 0.003419
240 0.003424
241 0.003425
242 0.003436
243 0.003433
244 0.003447
245 0.003447
246 0.003455
247 0.003460
248 0.003459
249 0.003461
250 0.003447
251 0.003446
252 0.003425
253 0.003412
254 0.003389
255 0.003365
256 0.003341
257 0.003308
258 0.003283
259 0.003246
260 0.003217
261 0.003180
262 0.003144
263 0.003108
264 0.003068
265 0.003035
266 0.002993
267 0.002960
268 0.002919
269 0.002882
270 0.002844
271 0.002804
272 0.002768
273 0.002728
274 0.002695
275 0.002654
276 0.002620
277 0.002583
278 0.002547
279 0.002515
280 0.002479
281 0.002450
282 0.002418
283 0.002389
284 0.002361
285 0.002340
286 0.002332
287 0.002329
288 0.002334
289 0.002335
290 0.002339
291 0.002340
292 0.002344
293 0.002346
294 0.002347
295 0.002352
296 0.002351
297 0.002356
298 0.002357
299 0.002359
300 0.002361
301 0.002364
302 0.002365
303 0.002367
304 0.002370
305 0.002370
306 0.002373
307 0.002375
308 0.002376
309 0.002378
310 0.002379
311 0.002382
312 0.002383
313 0.002384
314 0.002386
315 0.002387
316 0.002388
317 0.002391
318 0.002391
319 0.002393
320 0.002394
321 0.002395
322 0.002396
323 0.002397
324 0.002399
325 0.002399
326 0.002401
327 0.002401
328 0.002402
329 0.002403
330 0.002404
331 0.002405
