0 0.359428
1 0.000001
2 0.000080
3 0.000080
4 0.000080
5 0.000080
6 0.000080
7 0.000080
8 0.000080
9 0.000080
10 0.000080
11 0.000080
12 0.000080
13 0.000080
14 0.000080
15 0.000099
16 0.000196
17 0.000196
18 0.000196
19 0.000196
20 0.000196
21 0.000196
22 0.000214
23 0.000270
24 0.000269
25 0.000269
26 0.000269
27 0.000269
28 0.000269
29 0.000292
30 0.000339
31 0.000339
32 0.000339
33 0.000338
34 0.000338
35 0.000338
36 0.000366
37 0.000405
38 0.000405
39 0.000405
40 0.000404
41 0.000404
42 0.000404
43 0.000436
44 0.000467
45 0.000467
46 0.000467
47 0.000466
48 0.000466
49 0.000466
50 0.000501
51 0.000526
52 0.000525
53 0.000525
54 0.000524
55 0.000524
56 0.000523
57 0.000561
58 0.000580
59 0.000579
60 0.000579
61 0.000578
62 0.000578
63 0.000577
64 0.000617
65 0.000630
66 0.000630
67 0.000629
68 0.000628
69 0.000627
70 0.000626
71 0.000669
72 0.000676
73 0.000676
74 0.000675
75 0.000674
76 0.000673
77 0.000672
78 0.000716
79 0.000719
80 0.000718
81 0.000717
82 0.000716
83 0.000715
84 0.000714
85 0.000758
86 0.000757
87 0.000756
88 0.000755
89 0.000754
90 0.000753
91 0.000755
92 0.000793
93 0.000792
94 0.000791
95 0.000790
96 0.000789
97 0.000787
98 0.000793
99 0.000824
100 0.000823
101 0.000822
102 0.000820
103 0.000819
104 0.000818
105 0.000826
106 0.000851
107 0.000850
108 0.000849
109 0.000847
110 0.000846
111 0.000844
112 0.000854
113 0.000875
114 0.000873
115 0.000872
116 0.000870
117 0.000869
118 0.000867
119 0.000878
120 0.000894
121 0.000893
122 0.000891
123 0.000890
124 0.000888
125 0.000887
126 0.000899
127 0.000911
128 0.000909
129 0.000907
130 0.000906
131 0.000904
132 0.000903
133 0.000915
134 0.000924
135 0.000922
136 0.000920
137 0.000918
138 0.000916
139 0.000914
140 0.000927
141 0.000932
142 0.000930
143 0.000929
144 0.000927
145 0.000925
146 0.000923
147 0.000935
148 0.000938
149 0.000936
150 0.000934
151 0.000932
152 0.000930
153 0.000928
154 0.000940
155 0.000941
156 0.000939
157 0.000937
158 0.000935
159 0.000933
160 0.000931
161 0.000942
162 0.000941
163 0.000939
164 0.000938
165 0.000936
166 0.000934
167 0.000932
168 0.000942
169 0.000940
170 0.000938
171 0.000936
172 0.000935
173 0.000933
174 0.000932
175 0.000938
176 0.000937
177 0.000935
178 0.000933
179 0.000932
180 0.000930
181 0.000929
182 0.000933
183 0.000932
184 0.000930
185 0.000929
186 0.000927
187 0.000925
188 0.000925
189 0.000927
190 0.000925
191 0.000924
192 0.000922
193 0.000921
194 0.000919
195 0.000919
196 0.000919
197 0.000917
198 0.000916
199 0.000914
200 0.000913
201 0.000912
202 0.000911
203 0.000909
204 0.000908
205 0.000907
206 0.000906
207 0.000904
208 0.000903
209 0.000902
210 0.000901
211 0.000899
212 0.000898
213 0.000897
214 0.000896
215 0.000895
216 0.000894
217 0.000893
218 0.000891
219 0.000890
220 0.000889
221 0.000888
222 0.000887
223 0.000886
224 0.000885
225 0.000884
226 0.000883
227 0.000882
228 0.000881
229 0.000880
230 0.000879
231 0.000878
232 0.000877
233 0.000876
234 0.000875
235 0.000874
236 0.000873
237 0.000872
238 0.000871
239 0.000870
240 0.000870
241 0.000869
242 0.000868
243 0.000867
244 0.000866
245 0.000865
246 0.000864
247 0.000864
248 0.000863
249 0.000862
250 0.000861
251 0.000859
252 0.000858
253 0.000857
254 0.000856
255 0.000856
256 0.000855
257 0.000854
258 0.000853
259 0.000852
260 0.000852
261 0.000851
262 0.000850
263 0.000850
264 0.000849
265 0.000848
266 0.000847
267 0.000847
268 0.000846
269 0.000845
270 0.000845
271 0.000844
272 0.000842
273 0.000842
274 0.000841
275 0.000841
276 0.000840
277 0.000839
278 0.000839
279 0.000838
280 0.000837
281 0.000837
282 0.000836
283 0.000835
284 0.000835
285 0.000834
286 0.000833
287 0.000832
288 0.000832
289 0.000831
290 0.000831
291 0.000830
292 0.000829
293 0.000828
294 0.000828
295 0.000827
296 0.000827
297 0.000826
298 0.000826
299 0.000825
300 0.000824
301 0.000824
302 0.000823
303 0.000823
304 0.000822
305 0.000822
306 0.000820
307 0.000820
308 0.000819
309 0.000819
310 0.000818
311 0.000818
312 0.000817
313 0.000816
314 0.000816
315 0.000815
316 0.000815
317 0.000814
318 0.000814
319 0.000813
320 0.000812
321 0.000812
322 0.000811
323 0.000811
324 0.000811
325 0.000810
326 0.000810
327 0.000809
328 0.000808
329 0.000808
330 0.000807
331 0.000807
