0 0.360755
1 0.000001
2 0.000010
3 0.000010
4 0.000010
5 0.000010
6 0.000010
7 0.000019
8 0.000030
9 0.000030
10 0.000030
11 0.000030
12 0.000030
13 0.000048
14 0.000049
15 0.000049
16 0.000049
17 0.000049
18 0.000057
19 0.000068
20 0.000068
21 0.000068
22 0.000068
23 0.000068
24 0.000084
25 0.000086
26 0.000086
27 0.000086
28 0.000086
29 0.000092
30 0.000104
31 0.000104
32 0.000104
33 0.000104
34 0.000104
35 0.000118
36 0.000122
37 0.000122
38 0.000122
39 0.000122
40 0.000126
41 0.000139
42 0.000139
43 0.000139
44 0.000139
45 0.000139
46 0.000151
47 0.000156
48 0.000156
49 0.000156
50 0.000156
51 0.000159
52 0.000172
53 0.000172
54 0.000172
55 0.000172
56 0.000172
57 0.000182
58 0.000188
59 0.000188
60 0.000188
61 0.000188
62 0.000190
63 0.000203
64 0.000203
65 0.000203
66 0.000203
67 0.000203
68 0.000212
69 0.000218
70 0.000218
71 0.000218
72 0.000218
73 0.000219
74 0.000233
75 0.000233
76 0.000233
77 0.000233
78 0.000233
79 0.000241
80 0.000247
81 0.000247
82 0.000247
83 0.000247
84 0.000248
85 0.000261
86 0.000261
87 0.000261
88 0.000261
89 0.000261
90 0.000268
91 0.000275
92 0.000275
93 0.000275
94 0.000275
95 0.000275
96 0.000287
97 0.000288
98 0.000288
99 0.000288
100 0.000288
101 0.000293
102 0.000300
103 0.000300
104 0.000300
105 0.000301
106 0.000301
107 0.000311
108 0.000313
109 0.000313
110 0.000313
111 0.000313
112 0.000317
113 0.000324
114 0.000325
115 0.000325
116 0.000325
117 0.000325
118 0.000334
119 0.000336
120 0.000336
121 0.000336
122 0.000336
123 0.000339
124 0.000347
125 0.000347
126 0.000347
127 0.000347
128 0.000347
129 0.000355
130 0.000358
131 0.000358
132 0.000358
133 0.000358
134 0.000360
135 0.000368
136 0.000368
137 0.000368
138 0.000368
139 0.000368
140 0.000375
141 0.000378
142 0.000378
143 0.000378
144 0.000378
145 0.000379
146 0.000387
147 0.000387
148 0.000388
149 0.000388
150 0.000388
151 0.000393
152 0.000396
153 0.000396
154 0.000397
155 0.000397
156 0.000398
157 0.000405
158 0.000405
159 0.000405
160 0.000406
161 0.000406
162 0.000410
163 0.000414
164 0.000414
165 0.000414
166 0.000414
167 0.000414
168 0.000422
169 0.000422
170 0.000422
171 0.000422
172 0.000422
173 0.000426
174 0.000430
175 0.000430
176 0.000430
177 0.000431
178 0.000431
179 0.000438
180 0.000438
181 0.000439
182 0.000439
183 0.000439
184 0.000442
185 0.000446
186 0.000447
187 0.000447
188 0.000447
189 0.000447
190 0.000453
191 0.000454
192 0.000455
193 0.000455
194 0.000455
195 0.000457
196 0.000462
197 0.000462
198 0.000463
199 0.000463
200 0.000463
201 0.000469
202 0.000470
203 0.000470
204 0.000470
205 0.000471
206 0.000473
207 0.000478
208 0.000478
209 0.000478
210 0.000478
211 0.000479
212 0.000484
213 0.000485
214 0.000486
215 0.000486
216 0.000486
217 0.000488
218 0.000493
219 0.000493
220 0.000493
221 0.000494
222 0.000494
223 0.000498
224 0.000501
225 0.000501
226 0.000501
227 0.000501
228 0.000502
229 0.000508
230 0.000508
231 0.000508
232 0.000508
233 0.000509
234 0.000512
235 0.000515
236 0.000515
237 0.000516
238 0.000516
239 0.000516
240 0.000522
241 0.000522
242 0.000523
243 0.000523
244 0.000523
245 0.000526
246 0.000529
247 0.000530
248 0.000530
249 0.000530
250 0.000530
251 0.000536
252 0.000536
253 0.000537
254 0.000537
255 0.000537
256 0.000540
257 0.000543
258 0.000544
259 0.000544
260 0.000544
261 0.000544
262 0.000550
263 0.000550
264 0.000551
265 0.000551
266 0.000551
267 0.000554
268 0.000557
269 0.000557
270 0.000558
271 0.000558
272 0.000558
273 0.000563
274 0.000564
275 0.000564
276 0.000565
277 0.000565
278 0.000567
279 0.000571
280 0.000571
281 0.000571
282 0.000571
283 0.000572
284 0.000576
285 0.000577
286 0.000578
287 0.000578
288 0.000578
289 0.000580
290 0.000584
291 0.000584
292 0.000584
293 0.000584
294 0.000585
295 0.000589
296 0.000590
297 0.000590
298 0.000591
299 0.000591
300 0.000592
301 0.000596
302 0.000597
303 0.000597
304 0.000597
305 0.000598
306 0.000601
307 0.000603
308 0.000603
309 0.000604
310 0.000604
311 0.000605
312 0.000609
313 0.000610
314 0.000610
315 0.000611
316 0.000611
317 0.000614
318 0.000616
319 0.000617
320 0.000617
321 0.000618
322 0.000618
323 0.000623
324 0.000623
325 0.000624
326 0.000624
327 0.000625
328 0.000627
329 0.000630
330 0.000630
331 0.000631
