0 0.351826
1 0.000001
2 0.000109
3 0.000109
4 0.000109
5 0.000109
6 0.000109
7 0.000109
8 0.000109
9 0.000109
10 0.000109
11 0.000109
12 0.000109
13 0.000109
14 0.000109
15 0.000114
16 0.000148
17 0.000147
18 0.000147
19 0.000147
20 0.000147
21 0.000147
22 0.000174
23 0.000260
24 0.000260
25 0.000260
26 0.000259
27 0.000259
28 0.000259
29 0.000280
30 0.000322
31 0.000322
32 0.000321
33 0.000321
34 0.000321
35 0.000321
36 0.000345
37 0.000378
38 0.000378
39 0.000378
40 0.000377
41 0.000377
42 0.000377
43 0.000403
44 0.000430
45 0.000429
46 0.000429
47 0.000429
48 0.000428
49 0.000428
50 0.000456
51 0.000476
52 0.000475
53 0.000475
54 0.000475
55 0.000474
56 0.000474
57 0.000503
58 0.000517
59 0.000516
60 0.000516
61 0.000515
62 0.000515
63 0.000514
64 0.000544
65 0.000553
66 0.000552
67 0.000552
68 0.000551
69 0.000550
70 0.000550
71 0.000579
72 0.000584
73 0.000583
74 0.000583
75 0.000582
76 0.000581
77 0.000580
78 0.000608
79 0.000610
80 0.000609
81 0.000609
82 0.000608
83 0.000607
84 0.000606
85 0.000632
86 0.000631
87 0.000631
88 0.000630
89 0.000629
90 0.000628
91 0.000629
92 0.000650
93 0.000649
94 0.000648
95 0.000647
96 0.000646
97 0.000645
98 0.000647
99 0.000662
100 0.000661
101 0.000660
102 0.000660
103 0.000659
104 0.000658
105 0.000661
106 0.000671
107 0.000670
108 0.000669
109 0.000668
110 0.000667
111 0.000666
112 0.000669
113 0.000676
114 0.000675
115 0.000674
116 0.000673
117 0.000672
118 0.000671
119 0.000674
120 0.000677
121 0.000677
122 0.000675
123 0.000675
124 0.000674
125 0.000673
126 0.000674
127 0.000675
128 0.000675
129 0.000674
130 0.000673
131 0.000672
132 0.000671
133 0.000671
134 0.000671
135 0.000670
136 0.000669
137 0.000668
138 0.000667
139 0.000666
140 0.000664
141 0.000663
142 0.000662
143 0.000661
144 0.000660
145 0.000659
146 0.000659
147 0.000655
148 0.000653
149 0.000652
150 0.000651
151 0.000650
152 0.000649
153 0.000649
154 0.000643
155 0.000641
156 0.000640
157 0.000639
158 0.000638
159 0.000637
160 0.000637
161 0.000628
162 0.000627
163 0.000626
164 0.000625
165 0.000625
166 0.000624
167 0.000623
168 0.000613
169 0.000612
170 0.000611
171 0.000610
172 0.000610
173 0.000609
174 0.000608
175 0.000597
176 0.000596
177 0.000595
178 0.000594
179 0.000594
180 0.000593
181 0.000590
182 0.000581
183 0.000580
184 0.000579
185 0.000578
186 0.000578
187 0.000577
188 0.000573
189 0.000565
190 0.000564
191 0.000564
192 0.000563
193 0.000562
194 0.000562
195 0.000556
196 0.000548
197 0.000548
198 0.000547
199 0.000546
200 0.000546
201 0.000545
202 0.000544
203 0.000544
204 0.000543
205 0.000543
206 0.000542
207 0.000541
208 0.000541
209 0.000539
210 0.000537
211 0.000537
212 0.000536
213 0.000535
214 0.000535
215 0.000534
216 0.000534
217 0.000533
218 0.000532
219 0.000532
220 0.000531
221 0.000531
222 0.000530
223 0.000529
224 0.000529
225 0.000528
226 0.000527
227 0.000527
228 0.000526
229 0.000526
230 0.000525
231 0.000525
232 0.000524
233 0.000524
234 0.000523
235 0.000523
236 0.000522
237 0.000524
238 0.000524
239 0.000523
240 0.000523
241 0.000522
242 0.000522
243 0.000521
244 0.000521
245 0.000520
246 0.000520
247 0.000519
248 0.000519
249 0.000518
250 0.000518
251 0.000518
252 0.000517
253 0.000518
254 0.000516
255 0.000516
256 0.000516
257 0.000515
258 0.000514
259 0.000514
260 0.000513
261 0.000513
262 0.000513
263 0.000512
264 0.000512
265 0.000511
266 0.000511
267 0.000511
268 0.000510
269 0.000510
270 0.000510
271 0.000509
272 0.000509
273 0.000508
274 0.000508
275 0.000508
276 0.000507
277 0.000507
278 0.000507
279 0.000506
280 0.000505
281 0.000505
282 0.000505
283 0.000504
284 0.000504
285 0.000504
286 0.000503
287 0.000503
288 0.000503
289 0.000502
290 0.000502
291 0.000501
292 0.000501
293 0.000501
294 0.000500
295 0.000500
296 0.000500
297 0.000499
298 0.000499
299 0.000498
300 0.000498
301 0.000498
302 0.000498
303 0.000497
304 0.000497
305 0.000497
306 0.000496
307 0.000496
308 0.000495
309 0.000495
310 0.000495
311 0.000494
312 0.000494
313 0.000494
314 0.000493
315 0.000493
316 0.000493
317 0.000492
318 0.000492
319 0.000492
320 0.000491
321 0.000491
322 0.000491
323 0.000490
324 0.000490
325 0.000490
326 0.000490
327 0.000489
328 0.000489
329 0.000488
330 0.000488
331 0.000488
