0 0.354355
1 0.000001
2 0.000531
3 0.000531
4 0.000532
5 0.000531
6 0.000815
7 0.001261
8 0.001298
9 0.001719
10 0.001717
11 0.002057
12 0.002150
13 0.002344
14 0.002560
15 0.002620
16 0.002945
17 0.002936
18 0.003252
19 0.003293
20 0.003479
21 0.003620
22 0.003686
23 0.003917
24 0.003892
25 0.004165
26 0.004157
27 0.004319
28 0.004398
29 0.004459
30 0.004609
31 0.004583
32 0.004794
33 0.004757
34 0.004887
35 0.004911
36 0.004958
37 0.005037
38 0.005013
39 0.005135
40 0.005085
41 0.005174
42 0.005154
43 0.005178
44 0.005199
45 0.005168
46 0.005219
47 0.005158
48 0.005204
49 0.005154
50 0.005154
51 0.005139
52 0.005109
53 0.005116
54 0.005061
55 0.005078
56 0.005024
57 0.005008
58 0.004972
59 0.004932
60 0.004902
61 0.004845
62 0.004816
63 0.004755
64 0.004708
65 0.004649
66 0.004587
67 0.004526
68 0.004458
69 0.004389
70 0.004316
71 0.004241
72 0.004165
73 0.004089
74 0.004014
75 0.003938
76 0.003864
77 0.003788
78 0.003711
79 0.003635
80 0.003594
81 0.003540
82 0.003462
83 0.003384
84 0.003308
85 0.003249
86 0.003176
87 0.003106
88 0.003039
89 0.002982
90 0.002929
91 0.002876
92 0.002829
93 0.002780
94 0.002737
95 0.002693
96 0.002652
97 0.002613
98 0.002573
99 0.002538
100 0.002501
101 0.002468
102 0.002433
103 0.002400
104 0.002368
105 0.002335
106 0.002305
107 0.002275
108 0.002248
109 0.002221
110 0.002196
111 0.002172
112 0.002148
113 0.002126
114 0.002103
115 0.002082
116 0.002061
117 0.002040
118 0.002020
119 0.002000
120 0.001981
121 0.001963
122 0.001946
123 0.001928
124 0.001912
125 0.001895
126 0.001879
127 0.001863
128 0.001847
129 0.001832
130 0.001816
131 0.001801
132 0.001787
133 0.001773
134 0.001759
135 0.001745
136 0.001733
137 0.001721
138 0.001711
139 0.001701
140 0.001691
141 0.001681
142 0.001672
143 0.001663
144 0.001654
145 0.001645
146 0.001637
147 0.001628
148 0.001620
149 0.001613
150 0.001605
151 0.001598
152 0.001590
153 0.001583
154 0.001576
155 0.001570
156 0.001563
157 0.001556
158 0.001551
159 0.001544
160 0.001539
161 0.001532
162 0.001527
163 0.001521
164 0.001516
165 0.001510
166 0.001505
167 0.001500
168 0.001494
169 0.001490
170 0.001484
171 0.001479
172 0.001474
173 0.001469
174 0.001465
175 0.001458
176 0.001455
177 0.001450
178 0.001446
179 0.001442
180 0.001437
181 0.001434
182 0.001429
183 0.001426
184 0.001422
185 0.001419
186 0.001415
187 0.001411
188 0.001408
189 0.001404
190 0.001402
191 0.001421
192 0.001420
193 0.001416
194 0.001413
195 0.001410
196 0.001406
197 0.001404
198 0.001400
199 0.001398
200 0.001394
201 0.001392
202 0.001389
203 0.001386
204 0.001384
205 0.001380
206 0.001378
207 0.001374
208 0.001372
209 0.001370
210 0.001367
211 0.001364
212 0.001361
213 0.001360
214 0.001356
215 0.001354
216 0.001351
217 0.001349
218 0.001347
219 0.001344
220 0.001343
221 0.001339
222 0.001338
223 0.001335
224 0.001333
225 0.001331
226 0.001328
227 0.001327
228 0.001323
229 0.001322
230 0.001319
231 0.001318
232 0.001316
233 0.001314
234 0.001312
235 0.001309
236 0.001309
237 0.001305
238 0.001304
239 0.001302
240 0.001300
241 0.001299
242 0.001296
243 0.001296
244 0.001293
245 0.001292
246 0.001290
247 0.001288
248 0.001287
249 0.001285
250 0.001285
251 0.001281
252 0.001282
253 0.001279
254 0.001278
255 0.001278
256 0.001275
257 0.001276
258 0.001272
259 0.001273
260 0.001270
261 0.001270
262 0.001269
263 0.001268
264 0.001268
265 0.001265
266 0.001267
267 0.001264
268 0.001265
269 0.001264
270 0.001264
271 0.001265
272 0.001266
273 0.001268
274 0.001264
275 0.001266
276 0.001264
277 0.001265
278 0.001264
279 0.001264
280 0.001265
281 0.001262
282 0.001263
283 0.001261
284 0.001261
285 0.001261
286 0.001260
287 0.001262
288 0.001259
289 0.001261
290 0.001258
291 0.001259
292 0.001257
293 0.001257
294 0.001257
295 0.001255
296 0.001257
297 0.001255
298 0.001255
299 0.001254
300 0.001253
301 0.001253
302 0.001251
303 0.001253
304 0.001249
305 0.001252
306 0.001249
307 0.001249
308 0.001249
309 0.001247
310 0.001248
311 0.001244
312 0.001246
313 0.001243
314 0.001245
315 0.001244
316 0.001242
317 0.001242
318 0.001239
319 0.001240
320 0.001237
321 0.001238
322 0.001237
323 0.001236
324 0.001237
325 0.001233
326 0.001235
327 0.001231
328 0.001232
329 0.001230
330 0.001229
331 0.001230
