0 0.355749
1 0.000001
2 0.000172
3 0.000172
4 0.000172
5 0.000172
6 0.000172
7 0.000172
8 0.000172
9 0.000172
10 0.000172
11 0.000171
12 0.000172
13 0.000172
14 0.000172
15 0.000176
16 0.000197
17 0.000197
18 0.000197
19 0.000197
20 0.000197
21 0.000197
22 0.000256
23 0.000433
24 0.000432
25 0.000432
26 0.000432
27 0.000432
28 0.000432
29 0.000437
30 0.000445
31 0.000446
32 0.000445
33 0.000445
34 0.000445
35 0.000446
36 0.000496
37 0.000568
38 0.000568
39 0.000568
40 0.000568
41 0.000568
42 0.000567
43 0.000605
44 0.000643
45 0.000643
46 0.000642
47 0.000642
48 0.000642
49 0.000642
50 0.000681
51 0.000709
52 0.000709
53 0.000708
54 0.000708
55 0.000708
56 0.000707
57 0.000747
58 0.000766
59 0.000766
60 0.000765
61 0.000765
62 0.000765
63 0.000765
64 0.000802
65 0.000815
66 0.000814
67 0.000814
68 0.000813
69 0.000813
70 0.000813
71 0.000848
72 0.000855
73 0.000854
74 0.000855
75 0.000854
76 0.000853
77 0.000853
78 0.000885
79 0.000887
80 0.000887
81 0.000886
82 0.000886
83 0.000886
84 0.000885
85 0.000921
86 0.000920
87 0.000920
88 0.000919
89 0.000919
90 0.000918
91 0.000920
92 0.000936
93 0.000935
94 0.000935
95 0.000935
96 0.000935
97 0.000934
98 0.000936
99 0.000945
100 0.000945
101 0.000945
102 0.000946
103 0.000947
104 0.000947
105 0.000949
106 0.000955
107 0.000956
108 0.000956
109 0.000957
110 0.000957
111 0.000958
112 0.000957
113 0.000953
114 0.000954
115 0.000955
116 0.000955
117 0.000955
118 0.000956
119 0.000952
120 0.000948
121 0.000948
122 0.000948
123 0.000949
124 0.000949
125 0.000950
126 0.000939
127 0.000929
128 0.000929
129 0.000929
130 0.000929
131 0.000930
132 0.000930
133 0.000916
134 0.000905
135 0.000905
136 0.000906
137 0.000906
138 0.000906
139 0.000906
140 0.000881
141 0.000868
142 0.000869
143 0.000869
144 0.000869
145 0.000869
146 0.000869
147 0.000838
148 0.000827
149 0.000828
150 0.000828
151 0.000828
152 0.000828
153 0.000828
154 0.000785
155 0.000776
156 0.000777
157 0.000777
158 0.000777
159 0.000777
160 0.000777
161 0.000723
162 0.000718
163 0.000719
164 0.000718
165 0.000718
166 0.000719
167 0.000718
168 0.000652
169 0.000652
170 0.000652
171 0.000652
172 0.000652
173 0.000652
174 0.000646
175 0.000578
176 0.000578
177 0.000578
178 0.000578
179 0.000578
180 0.000578
181 0.000558
182 0.000457
183 0.000457
184 0.000458
185 0.000457
186 0.000458
187 0.000457
188 0.000448
189 0.000421
190 0.000421
191 0.000421
192 0.000421
193 0.000421
194 0.000421
195 0.000373
196 0.000278
197 0.000279
198 0.000278
199 0.000279
200 0.000278
201 0.000279
202 0.000282
203 0.000287
204 0.000287
205 0.000287
206 0.000287
207 0.000287
208 0.000287
209 0.000292
210 0.000298
211 0.000298
212 0.000297
213 0.000298
214 0.000298
215 0.000298
216 0.000294
217 0.000291
218 0.000291
219 0.000291
220 0.000291
221 0.000291
222 0.000290
223 0.000298
224 0.000302
225 0.000302
226 0.000302
227 0.000302
228 0.000302
229 0.000301
230 0.000310
231 0.000313
232 0.000313
233 0.000313
234 0.000313
235 0.000313
236 0.000312
237 0.000319
238 0.000320
239 0.000319
240 0.000320
241 0.000319
242 0.000320
243 0.000319
244 0.000343
245 0.000344
246 0.000344
247 0.000344
248 0.000344
249 0.000345
250 0.000345
251 0.000355
252 0.000355
253 0.000355
254 0.000355
255 0.000356
256 0.000355
257 0.000356
258 0.000362
259 0.000362
260 0.000361
261 0.000361
262 0.000362
263 0.000362
264 0.000363
265 0.000372
266 0.000372
267 0.000372
268 0.000373
269 0.000372
270 0.000372
271 0.000374
272 0.000383
273 0.000383
274 0.000382
275 0.000382
276 0.000382
277 0.000383
278 0.000387
279 0.000395
280 0.000396
281 0.000396
282 0.000396
283 0.000395
284 0.000395
285 0.000399
286 0.000406
287 0.000405
288 0.000405
289 0.000405
290 0.000405
291 0.000405
292 0.000410
293 0.000414
294 0.000415
295 0.000415
296 0.000414
297 0.000414
298 0.000414
299 0.000417
300 0.000420
301 0.000419
302 0.000419
303 0.000418
304 0.000419
305 0.000418
306 0.000428
307 0.000433
308 0.000433
309 0.000432
310 0.000432
311 0.000431
312 0.000431
313 0.000439
314 0.000440
315 0.000439
316 0.000439
317 0.000440
318 0.000438
319 0.000438
320 0.000443
321 0.000444
322 0.000444
323 0.000443
324 0.000443
325 0.000443
326 0.000443
327 0.000456
328 0.000456
329 0.000456
330 0.000456
331 0.000457
