0 0.361342
1 0.000001
2 0.000125
3 0.000125
4 0.000125
5 0.000125
6 0.000125
7 0.000125
8 0.000138
9 0.000283
10 0.000283
11 0.000283
12 0.000350
13 0.000390
14 0.000390
15 0.000405
16 0.000483
17 0.000482
18 0.000482
19 0.000541
20 0.000566
21 0.000565
22 0.000584
23 0.000640
24 0.000640
25 0.000639
26 0.000692
27 0.000705
28 0.000704
29 0.000723
30 0.000762
31 0.000761
32 0.000760
33 0.000804
34 0.000810
35 0.000809
36 0.000826
37 0.000850
38 0.000848
39 0.000847
40 0.000880
41 0.000880
42 0.000878
43 0.000891
44 0.000903
45 0.000901
46 0.000901
47 0.000919
48 0.000917
49 0.000916
50 0.000921
51 0.000925
52 0.000923
53 0.000922
54 0.000926
55 0.000924
56 0.000922
57 0.000920
58 0.000917
59 0.000916
60 0.000912
61 0.000904
62 0.000903
63 0.000901
64 0.000889
65 0.000884
66 0.000883
67 0.000875
68 0.000860
69 0.000859
70 0.000858
71 0.000835
72 0.000830
73 0.000829
74 0.000817
75 0.000798
76 0.000797
77 0.000796
78 0.000765
79 0.000762
80 0.000761
81 0.000744
82 0.000725
83 0.000724
84 0.000724
85 0.000690
86 0.000689
87 0.000689
88 0.000672
89 0.000660
90 0.000659
91 0.000657
92 0.000643
93 0.000643
94 0.000642
95 0.000634
96 0.000649
97 0.000648
98 0.000651
99 0.000666
100 0.000666
101 0.000665
102 0.000678
103 0.000683
104 0.000683
105 0.000687
106 0.000700
107 0.000699
108 0.000699
109 0.000713
110 0.000716
111 0.000716
112 0.000721
113 0.000732
114 0.000732
115 0.000732
116 0.000746
117 0.000748
118 0.000748
119 0.000754
120 0.000764
121 0.000763
122 0.000763
123 0.000779
124 0.000779
125 0.000779
126 0.000786
127 0.000794
128 0.000794
129 0.000794
130 0.000809
131 0.000809
132 0.000808
133 0.000817
134 0.000824
135 0.000823
136 0.000825
137 0.000838
138 0.000838
139 0.000837
140 0.000847
141 0.000852
142 0.000852
143 0.000854
144 0.000866
145 0.000866
146 0.000865
147 0.000876
148 0.000880
149 0.000879
150 0.000883
151 0.000893
152 0.000893
153 0.000892
154 0.000904
155 0.000906
156 0.000906
157 0.000911
158 0.000920
159 0.000919
160 0.000918
161 0.000931
162 0.000932
163 0.000931
164 0.000937
165 0.000944
166 0.000944
167 0.000943
168 0.000957
169 0.000956
170 0.000956
171 0.000963
172 0.000969
173 0.000968
174 0.000969
175 0.000981
176 0.000980
177 0.000979
178 0.000987
179 0.000992
180 0.000991
181 0.000993
182 0.001003
183 0.001003
184 0.001002
185 0.001011
186 0.001014
187 0.001013
188 0.001016
189 0.001025
190 0.001024
191 0.001024
192 0.001033
193 0.001035
194 0.001035
195 0.001038
196 0.001046
197 0.001045
198 0.001045
199 0.001055
200 0.001055
201 0.001055
202 0.001059
203 0.001066
204 0.001065
205 0.001064
206 0.001075
207 0.001075
208 0.001074
209 0.001079
210 0.001084
211 0.001084
212 0.001084
213 0.001094
214 0.001093
215 0.001092
216 0.001098
217 0.001102
218 0.001101
219 0.001102
220 0.001111
221 0.001110
222 0.001110
223 0.001116
224 0.001119
225 0.001118
226 0.001120
227 0.001128
228 0.001127
229 0.001126
230 0.001133
231 0.001135
232 0.001134
233 0.001137
234 0.001143
235 0.001143
236 0.001142
237 0.001149
238 0.001150
239 0.001150
240 0.001153
241 0.001158
242 0.001157
243 0.001156
244 0.001164
245 0.001164
246 0.001164
247 0.001167
248 0.001172
249 0.001171
250 0.001170
251 0.001178
252 0.001178
253 0.001177
254 0.001181
255 0.001184
256 0.001183
257 0.001183
258 0.001190
259 0.001189
260 0.001189
261 0.001193
262 0.001196
263 0.001195
264 0.001195
265 0.001201
266 0.001200
267 0.001200
268 0.001205
269 0.001206
270 0.001205
271 0.001206
272 0.001211
273 0.001210
274 0.001209
275 0.001214
276 0.001215
277 0.001214
278 0.001216
279 0.001220
280 0.001219
281 0.001218
282 0.001223
283 0.001223
284 0.001222
285 0.001223
286 0.001227
287 0.001226
288 0.001224
289 0.001230
290 0.001229
291 0.001228
292 0.001230
293 0.001232
294 0.001231
295 0.001230
296 0.001235
297 0.001234
298 0.001232
299 0.001235
300 0.001236
301 0.001234
302 0.001234
303 0.001238
304 0.001236
305 0.001234
306 0.001237
307 0.001237
308 0.001236
309 0.001235
310 0.001238
311 0.001236
312 0.001235
313 0.001237
314 0.001236
315 0.001234
316 0.001234
317 0.001235
318 0.001233
319 0.001231
320 0.001233
321 0.001231
322 0.001229
323 0.001228
324 0.001229
325 0.001226
326 0.001223
327 0.001224
328 0.001222
329 0.001218
330 0.001217
331 0.001216
