0 0.361115
1 0.000001
2 0.000354
3 0.000354
4 0.000354
5 0.000514
6 0.000868
7 0.001031
8 0.001217
9 0.001437
10 0.001571
11 0.001849
12 0.001928
13 0.002267
14 0.002323
15 0.002657
16 0.002748
17 0.003028
18 0.003178
19 0.003402
20 0.003613
21 0.003781
22 0.004053
23 0.004164
24 0.004499
25 0.004559
26 0.004941
27 0.005009
28 0.005332
29 0.005462
30 0.005724
31 0.005916
32 0.006116
33 0.006371
34 0.006508
35 0.006828
36 0.006901
37 0.007284
38 0.007334
39 0.007689
40 0.007785
41 0.008074
42 0.008235
43 0.008460
44 0.008687
45 0.008847
46 0.009138
47 0.009231
48 0.009591
49 0.009636
50 0.010024
51 0.010086
52 0.010405
53 0.010532
54 0.010782
55 0.010965
56 0.011158
57 0.012186
58 0.012754
59 0.013966
60 0.014214
61 0.015832
62 0.016080
63 0.017611
64 0.018130
65 0.019438
66 0.020268
67 0.021326
68 0.022462
69 0.023258
70 0.024687
71 0.025208
72 0.026892
73 0.027248
74 0.028926
75 0.029374
76 0.030735
77 0.031401
78 0.032450
79 0.033294
80 0.034034
81 0.034990
82 0.035441
83 0.036532
84 0.036733
85 0.037868
86 0.037998
87 0.038840
88 0.039056
89 0.039619
90 0.039890
91 0.040225
92 0.040490
93 0.040630
94 0.040872
95 0.040860
96 0.041006
97 0.040881
98 0.040842
99 0.040626
100 0.040417
101 0.040056
102 0.039701
103 0.039214
104 0.038820
105 0.038161
106 0.037786
107 0.036920
108 0.036600
109 0.035523
110 0.035114
111 0.034063
112 0.033435
113 0.032489
114 0.031674
115 0.030917
116 0.029919
117 0.029414
118 0.028232
119 0.027971
120 0.026629
121 0.026423
122 0.025254
123 0.024899
124 0.024033
125 0.023524
126 0.022934
127 0.022324
128 0.021945
129 0.021282
130 0.021055
131 0.020395
132 0.020237
133 0.019675
134 0.019475
135 0.019106
136 0.018871
137 0.018648
138 0.018434
139 0.018298
140 0.018125
141 0.018017
142 0.017928
143 0.017842
144 0.017853
145 0.017776
146 0.017824
147 0.017793
148 0.017863
149 0.017883
150 0.017968
151 0.018003
152 0.018109
153 0.018129
154 0.018282
155 0.018237
156 0.018423
157 0.018305
158 0.018453
159 0.018319
160 0.018350
161 0.018222
162 0.018069
163 0.017969
164 0.017565
165 0.017528
166 0.016806
167 0.016875
168 0.015777
169 0.015761
170 0.014694
171 0.014358
172 0.013374
173 0.012670
174 0.011822
175 0.010709
176 0.010052
177 0.008494
178 0.008080
179 0.006053
180 0.005738
181 0.003770
182 0.002995
183 0.001139
184 0.000678
185 0.000068
186 0.000068
187 0.000068
188 0.000068
189 0.000068
190 0.000068
191 0.000068
192 0.000068
193 0.000068
194 0.000068
195 0.000068
196 0.000068
197 0.000067
198 0.000068
199 0.000068
200 0.000068
201 0.000068
202 0.000068
203 0.000068
204 0.000088
205 0.000249
206 0.000249
207 0.000248
208 0.000249
209 0.000248
210 0.000309
211 0.000354
212 0.000353
213 0.000352
214 0.000439
215 0.000449
216 0.000449
217 0.000470
218 0.000557
219 0.000556
220 0.000553
221 0.000599
222 0.000641
223 0.000682
224 0.000701
225 0.000754
226 0.000764
227 0.000829
228 0.000838
229 0.000897
230 0.000916
231 0.000966
232 0.000996
233 0.001037
234 0.001081
235 0.001110
236 0.001168
237 0.001184
238 0.001256
239 0.001265
240 0.001341
241 0.001356
242 0.001420
243 0.001448
244 0.001500
245 0.001544
246 0.001581
247 0.001641
248 0.001664
249 0.001739
250 0.001748
251 0.001840
252 0.001848
253 0.001925
254 0.001951
255 0.002015
256 0.002055
257 0.002102
258 0.002161
259 0.002192
260 0.002269
261 0.002284
262 0.002378
263 0.002387
264 0.002480
265 0.002499
266 0.002576
267 0.002613
268 0.002672
269 0.002729
270 0.002771
271 0.002845
272 0.002870
273 0.002964
274 0.002973
275 0.003081
276 0.003094
277 0.003185
278 0.003236
279 0.003348
280 0.003453
281 0.003562
282 0.003699
283 0.003767
284 0.003932
285 0.003962
286 0.004153
287 0.004170
288 0.004338
289 0.004376
290 0.004507
291 0.004547
292 0.004613
293 0.004705
294 0.004767
295 0.004884
296 0.004916
297 0.005046
298 0.005058
299 0.005208
300 0.005228
301 0.005342
302 0.005391
303 0.005486
304 0.005555
305 0.005623
306 0.005720
307 0.005770
308 0.005882
309 0.005907
310 0.006045
311 0.006068
312 0.006180
313 0.006220
314 0.006316
315 0.006373
316 0.006442
317 0.006517
318 0.006569
319 0.006654
320 0.006684
321 0.006782
322 0.006800
323 0.006894
324 0.006915
325 0.006987
326 0.007019
327 0.007073
328 0.007114
329 0.007149
330 0.007198
331 0.007217
