0 0.351826
1 0.000001
2 0.000218
3 0.000217
4 0.000218
5 0.000217
6 0.000218
7 0.000217
8 0.000222
9 0.000295
10 0.000295
11 0.000294
12 0.000432
13 0.000519
14 0.000519
15 0.000539
16 0.000644
17 0.000642
18 0.000641
19 0.000723
20 0.000756
21 0.000755
22 0.000780
23 0.000859
24 0.000858
25 0.000856
26 0.000932
27 0.000950
28 0.000948
29 0.000976
30 0.001033
31 0.001031
32 0.001029
33 0.001096
34 0.001103
35 0.001101
36 0.001128
37 0.001166
38 0.001164
39 0.001161
40 0.001217
41 0.001217
42 0.001214
43 0.001238
44 0.001261
45 0.001258
46 0.001257
47 0.001297
48 0.001294
49 0.001290
50 0.001309
51 0.001321
52 0.001317
53 0.001317
54 0.001340
55 0.001336
56 0.001333
57 0.001344
58 0.001348
59 0.001344
60 0.001344
61 0.001353
62 0.001349
63 0.001346
64 0.001348
65 0.001347
66 0.001344
67 0.001341
68 0.001339
69 0.001336
70 0.001332
71 0.001326
72 0.001322
73 0.001319
74 0.001312
75 0.001304
76 0.001301
77 0.001297
78 0.001283
79 0.001278
80 0.001275
81 0.001264
82 0.001252
83 0.001249
84 0.001246
85 0.001223
86 0.001220
87 0.001217
88 0.001203
89 0.001190
90 0.001187
91 0.001182
92 0.001160
93 0.001157
94 0.001154
95 0.001137
96 0.001127
97 0.001124
98 0.001117
99 0.001095
100 0.001093
101 0.001090
102 0.001088
103 0.001085
104 0.001083
105 0.001079
106 0.001073
107 0.001071
108 0.001068
109 0.001066
110 0.001064
111 0.001061
112 0.001059
113 0.001056
114 0.001054
115 0.001052
116 0.001049
117 0.001047
118 0.001045
119 0.001045
120 0.001046
121 0.001044
122 0.001042
123 0.001040
124 0.001038
125 0.001036
126 0.001035
127 0.001034
128 0.001032
129 0.001030
130 0.001027
131 0.001026
132 0.001024
133 0.001023
134 0.001021
135 0.001019
136 0.001018
137 0.001017
138 0.001015
139 0.001013
140 0.001012
141 0.001010
142 0.001008
143 0.001007
144 0.001006
145 0.001004
146 0.001003
147 0.001001
148 0.001000
149 0.000998
150 0.000997
151 0.000995
152 0.000994
153 0.000993
154 0.000991
155 0.000990
156 0.000988
157 0.000987
158 0.000986
159 0.000985
160 0.000983
161 0.000982
162 0.000980
163 0.000979
164 0.000978
165 0.000976
166 0.000976
167 0.000974
168 0.000973
169 0.000972
170 0.000970
171 0.000969
172 0.000968
173 0.000967
174 0.000966
175 0.000964
176 0.000963
177 0.000962
178 0.000961
179 0.000960
180 0.000959
181 0.000958
182 0.000957
183 0.000955
184 0.000954
185 0.000953
186 0.000952
187 0.000952
188 0.000950
189 0.000949
190 0.000948
191 0.000947
192 0.000946
193 0.000945
194 0.000944
195 0.000943
196 0.000942
197 0.000941
198 0.000940
199 0.000939
200 0.000938
201 0.000937
202 0.000936
203 0.000935
204 0.000934
205 0.000933
206 0.000932
207 0.000931
208 0.000930
209 0.000929
210 0.000928
211 0.000927
212 0.000927
213 0.000925
214 0.000925
215 0.000924
216 0.000923
217 0.000922
218 0.000921
219 0.000920
220 0.000919
221 0.000918
222 0.000918
223 0.000916
224 0.000915
225 0.000915
226 0.000914
227 0.000913
228 0.000912
229 0.000912
230 0.000910
231 0.000909
232 0.000909
233 0.000908
234 0.000907
235 0.000906
236 0.000906
237 0.000904
238 0.000903
239 0.000903
240 0.000902
241 0.000901
242 0.000900
243 0.000900
244 0.000898
245 0.000898
246 0.000897
247 0.000896
248 0.000895
249 0.000894
250 0.000894
251 0.000892
252 0.000891
253 0.000891
254 0.000889
255 0.000888
256 0.000887
257 0.000887
258 0.000884
259 0.000884
260 0.000883
261 0.000882
262 0.000881
263 0.000881
264 0.000880
265 0.000879
266 0.000878
267 0.000878
268 0.000876
269 0.000875
270 0.000875
271 0.000874
272 0.000873
273 0.000873
274 0.000873
275 0.000871
276 0.000871
277 0.000870
278 0.000869
279 0.000868
280 0.000868
281 0.000867
282 0.000866
283 0.000865
284 0.000865
285 0.000871
286 0.000879
287 0.000879
288 0.000879
289 0.000877
290 0.000876
291 0.000876
292 0.000875
293 0.000874
294 0.000874
295 0.000874
296 0.000872
297 0.000872
298 0.000871
299 0.000870
300 0.000869
301 0.000869
302 0.000868
303 0.000867
304 0.000866
305 0.000866
306 0.000865
307 0.000864
308 0.000864
309 0.000864
310 0.000861
311 0.000861
312 0.000861
313 0.000860
314 0.000859
315 0.000859
316 0.000858
317 0.000857
318 0.000857
319 0.000856
320 0.000854
321 0.000854
322 0.000854
323 0.000853
324 0.000851
325 0.000852
326 0.000851
327 0.000849
328 0.000849
329 0.000849
330 0.000848
331 0.000846
