0 0.361101
1 0.000001
2 0.000100
3 0.000098
4 0.000100
5 0.000100
6 0.000100
7 0.000100
8 0.000100
9 0.000100
10 0.000100
11 0.000100
12 0.000099
13 0.000100
14 0.000099
15 0.000100
16 0.000099
17 0.000100
18 0.000099
19 0.000099
20 0.000099
21 0.000099
22 0.000099
23 0.000099
24 0.000099
25 0.000099
26 0.000099
27 0.000099
28 0.000099
29 0.000099
30 0.000099
31 0.000099
32 0.000099
33 0.000098
34 0.000098
35 0.000193
36 0.000217
37 0.000216
38 0.000217
39 0.000216
40 0.000216
41 0.000216
42 0.000216
43 0.000215
44 0.000213
45 0.000215
46 0.000214
47 0.000214
48 0.000214
49 0.000214
50 0.000214
51 0.000224
52 0.000264
53 0.000264
54 0.000264
55 0.000263
56 0.000263
57 0.000263
58 0.000262
59 0.000262
60 0.000262
61 0.000261
62 0.000265
63 0.000294
64 0.000294
65 0.000293
66 0.000293
67 0.000292
68 0.000292
69 0.000292
70 0.000291
71 0.000291
72 0.000290
73 0.000292
74 0.000316
75 0.000316
76 0.000316
77 0.000315
78 0.000315
79 0.000314
80 0.000314
81 0.000313
82 0.000313
83 0.000312
84 0.000312
85 0.000332
86 0.000329
87 0.000331
88 0.000331
89 0.000330
90 0.000330
91 0.000329
92 0.000329
93 0.000328
94 0.000327
95 0.000327
96 0.000340
97 0.000341
98 0.000340
99 0.000340
100 0.000339
101 0.000339
102 0.000338
103 0.000338
104 0.000337
105 0.000337
106 0.000336
107 0.000343
108 0.000344
109 0.000343
110 0.000343
111 0.000342
112 0.000342
113 0.000341
114 0.000341
115 0.000340
116 0.000340
117 0.000339
118 0.000341
119 0.000342
120 0.000341
121 0.000341
122 0.000340
123 0.000339
124 0.000339
125 0.000338
126 0.000338
127 0.000335
128 0.000337
129 0.000335
130 0.000334
131 0.000333
132 0.000333
133 0.000332
134 0.000332
135 0.000331
136 0.000331
137 0.000330
138 0.000330
139 0.000330
140 0.000324
141 0.000321
142 0.000321
143 0.000320
144 0.000320
145 0.000319
146 0.000319
147 0.000319
148 0.000318
149 0.000318
150 0.000317
151 0.000309
152 0.000304
153 0.000303
154 0.000303
155 0.000303
156 0.000302
157 0.000302
158 0.000302
159 0.000301
160 0.000301
161 0.000300
162 0.000291
163 0.000283
164 0.000283
165 0.000283
166 0.000282
167 0.000282
168 0.000279
169 0.000281
170 0.000281
171 0.000280
172 0.000280
173 0.000272
174 0.000264
175 0.000264
176 0.000263
177 0.000263
178 0.000263
179 0.000263
180 0.000262
181 0.000262
182 0.000261
183 0.000261
184 0.000255
185 0.000247
186 0.000247
187 0.000246
188 0.000246
189 0.000246
190 0.000246
191 0.000245
192 0.000245
193 0.000245
194 0.000244
195 0.000245
196 0.000246
197 0.000246
198 0.000246
199 0.000246
200 0.000245
201 0.000245
202 0.000245
203 0.000245
204 0.000244
205 0.000244
206 0.000244
207 0.000261
208 0.000260
209 0.000258
210 0.000260
211 0.000259
212 0.000263
213 0.000264
214 0.000263
215 0.000263
216 0.000263
217 0.000261
218 0.000255
219 0.000254
220 0.000254
221 0.000254
222 0.000254
223 0.000266
224 0.000273
225 0.000272
226 0.000273
227 0.000272
228 0.000271
229 0.000266
230 0.000265
231 0.000265
232 0.000265
233 0.000265
234 0.000266
235 0.000268
236 0.000268
237 0.000266
238 0.000267
239 0.000267
240 0.000277
241 0.000277
242 0.000276
243 0.000276
244 0.000276
245 0.000278
246 0.000279
247 0.000278
248 0.000278
249 0.000278
250 0.000278
251 0.000287
252 0.000285
253 0.000286
254 0.000286
255 0.000286
256 0.000286
257 0.000287
258 0.000286
259 0.000287
260 0.000287
261 0.000286
262 0.000300
263 0.000301
264 0.000301
265 0.000300
266 0.000300
267 0.000299
268 0.000297
269 0.000298
270 0.000298
271 0.000298
272 0.000297
273 0.000311
274 0.000312
275 0.000312
276 0.000312
277 0.000311
278 0.000312
279 0.000311
280 0.000312
281 0.000312
282 0.000312
283 0.000311
284 0.000323
285 0.000326
286 0.000325
287 0.000325
288 0.000325
289 0.000325
290 0.000324
291 0.000325
292 0.000325
293 0.000325
294 0.000325
295 0.000335
296 0.000338
297 0.000339
298 0.000339
299 0.000338
300 0.000339
301 0.000341
302 0.000339
303 0.000340
304 0.000340
305 0.000340
306 0.000349
307 0.000354
308 0.000354
309 0.000353
310 0.000353
311 0.000352
312 0.000354
313 0.000354
314 0.000353
315 0.000353
316 0.000353
317 0.000360
318 0.000366
319 0.000365
320 0.000365
321 0.000364
322 0.000365
323 0.000372
324 0.000372
325 0.000372
326 0.000371
327 0.000371
328 0.000377
329 0.000381
330 0.000381
331 0.000381
