0 0.360755
1 0.000001
2 0.000020
3 0.000020
4 0.000029
5 0.000059
6 0.000059
7 0.000077
8 0.000098
9 0.000098
10 0.000124
11 0.000136
12 0.000136
13 0.000170
14 0.000172
15 0.000178
16 0.000208
17 0.000208
18 0.000222
19 0.000243
20 0.000243
21 0.000265
22 0.000278
23 0.000278
24 0.000307
25 0.000311
26 0.000314
27 0.000344
28 0.000344
29 0.000354
30 0.000375
31 0.000375
32 0.000393
33 0.000406
34 0.000406
35 0.000430
36 0.000436
37 0.000438
38 0.000466
39 0.000466
40 0.000474
41 0.000494
42 0.000494
43 0.000508
44 0.000522
45 0.000522
46 0.000542
47 0.000549
48 0.000549
49 0.000574
50 0.000575
51 0.000580
52 0.000600
53 0.000601
54 0.000611
55 0.000625
56 0.000625
57 0.000641
58 0.000649
59 0.000649
60 0.000669
61 0.000672
62 0.000675
63 0.000693
64 0.000694
65 0.000702
66 0.000715
67 0.000715
68 0.000727
69 0.000735
70 0.000736
71 0.000752
72 0.000755
73 0.000757
74 0.000774
75 0.000774
76 0.000780
77 0.000792
78 0.000793
79 0.000802
80 0.000810
81 0.000810
82 0.000823
83 0.000827
84 0.000827
85 0.000843
86 0.000844
87 0.000848
88 0.000859
89 0.000860
90 0.000867
91 0.000876
92 0.000877
93 0.000887
94 0.000892
95 0.000893
96 0.000907
97 0.000908
98 0.000911
99 0.000923
100 0.000924
101 0.000930
102 0.000939
103 0.000940
104 0.000949
105 0.000955
106 0.000956
107 0.000968
108 0.000970
109 0.000973
110 0.000985
111 0.000986
112 0.000991
113 0.001000
114 0.001001
115 0.001009
116 0.001015
117 0.001016
118 0.001026
119 0.001029
120 0.001031
121 0.001043
122 0.001044
123 0.001048
124 0.001057
125 0.001058
126 0.001065
127 0.001072
128 0.001073
129 0.001082
130 0.001086
131 0.001087
132 0.001099
133 0.001100
134 0.001103
135 0.001113
136 0.001114
137 0.001120
138 0.001127
139 0.001128
140 0.001136
141 0.001140
142 0.001141
143 0.001152
144 0.001154
145 0.001156
146 0.001166
147 0.001167
148 0.001171
149 0.001179
150 0.001180
151 0.001187
152 0.001192
153 0.001193
154 0.001202
155 0.001205
156 0.001207
157 0.001217
158 0.001219
159 0.001223
160 0.001231
161 0.001233
162 0.001239
163 0.001245
164 0.001247
165 0.001256
166 0.001260
167 0.001262
168 0.001272
169 0.001274
170 0.001278
171 0.001286
172 0.001288
173 0.001294
174 0.001300
175 0.001302
176 0.001310
177 0.001314
178 0.001317
179 0.001326
180 0.001329
181 0.001332
182 0.001340
183 0.001343
184 0.001348
185 0.001355
186 0.001357
187 0.001364
188 0.001369
189 0.001371
190 0.001379
191 0.001383
192 0.001386
193 0.001394
194 0.001397
195 0.001402
196 0.001409
197 0.001411
198 0.001418
199 0.001423
200 0.001426
201 0.001433
202 0.001437
203 0.001441
204 0.001449
205 0.001452
206 0.001456
207 0.001463
208 0.001466
209 0.001472
210 0.001478
211 0.001481
212 0.001488
213 0.001493
214 0.001496
215 0.001504
216 0.001508
217 0.001512
218 0.001519
219 0.001523
220 0.001529
221 0.001535
222 0.001539
223 0.001545
224 0.001550
225 0.001554
226 0.001561
227 0.001566
228 0.001570
229 0.001577
230 0.001582
231 0.001587
232 0.001593
233 0.001598
234 0.001604
235 0.001609
236 0.001614
237 0.001620
238 0.001625
239 0.001630
240 0.001637
241 0.001642
242 0.001647
243 0.001653
244 0.001658
245 0.001664
246 0.001670
247 0.001676
248 0.001682
249 0.001688
250 0.001694
251 0.001700
252 0.001706
253 0.001713
254 0.001719
255 0.001726
256 0.001732
257 0.001739
258 0.001746
259 0.001753
260 0.001760
261 0.001767
262 0.001774
263 0.001782
264 0.001789
265 0.001796
266 0.001804
267 0.001811
268 0.001819
269 0.001827
270 0.001833
271 0.001841
272 0.001848
273 0.001853
274 0.001860
275 0.001866
276 0.001871
277 0.001878
278 0.001883
279 0.001888
280 0.001895
281 0.001899
282 0.001903
283 0.001909
284 0.001911
285 0.001916
286 0.001920
287 0.001921
288 0.001925
289 0.001929
290 0.001930
291 0.001935
292 0.001937
293 0.001939
294 0.001944
295 0.001945
296 0.001948
297 0.001952
298 0.001951
299 0.001956
300 0.001959
301 0.001959
302 0.001963
303 0.001965
304 0.001966
305 0.001971
306 0.001971
307 0.001973
308 0.001978
309 0.001976
310 0.001980
311 0.001984
312 0.001982
313 0.001987
314 0.001988
315 0.001988
316 0.001992
317 0.001991
318 0.001992
319 0.001996
320 0.001993
321 0.001995
322 0.001998
323 0.001994
324 0.001998
325 0.001999
326 0.001996
327 0.002000
328 0.001999
329 0.001999
330 0.002003
331 0.002000
