0 0.361342
1 0.000001
2 0.000375
3 0.000376
4 0.000376
5 0.000376
6 0.000376
7 0.000595
8 0.000845
9 0.000971
10 0.001047
11 0.001188
12 0.001230
13 0.001383
14 0.001407
15 0.001539
16 0.001568
17 0.001664
18 0.001707
19 0.001770
20 0.001819
21 0.001857
22 0.001906
23 0.001925
24 0.001968
25 0.001976
26 0.002004
27 0.002007
28 0.002015
29 0.002013
30 0.002006
31 0.001993
32 0.001980
33 0.001949
34 0.001932
35 0.001879
36 0.001865
37 0.001783
38 0.001768
39 0.001674
40 0.001640
41 0.001548
42 0.001487
43 0.001403
44 0.001306
45 0.001238
46 0.001103
47 0.001054
48 0.000873
49 0.000835
50 0.000505
51 0.000506
52 0.000506
53 0.000323
54 0.000011
55 0.000011
56 0.000012
57 0.000525
58 0.000785
59 0.001203
60 0.001292
61 0.001775
62 0.001847
63 0.002260
64 0.002390
65 0.002715
66 0.002908
67 0.003149
68 0.003401
69 0.003561
70 0.003864
71 0.003949
72 0.004299
73 0.004337
74 0.004678
75 0.004734
76 0.004997
77 0.005103
78 0.005296
79 0.005448
80 0.005576
81 0.005770
82 0.005839
83 0.006071
84 0.006083
85 0.006347
86 0.006355
87 0.006559
88 0.006605
89 0.006753
90 0.006834
91 0.006929
92 0.007040
93 0.007090
94 0.007229
95 0.007240
96 0.007404
97 0.007398
98 0.007550
99 0.007562
100 0.007677
101 0.007721
102 0.007804
103 0.007875
104 0.007929
105 0.008024
106 0.008051
107 0.008164
108 0.008170
109 0.008288
110 0.008291
111 0.008377
112 0.008395
113 0.008460
114 0.008504
115 0.008556
116 0.008622
117 0.008660
118 0.008731
119 0.008750
120 0.008827
121 0.008845
122 0.008918
123 0.008947
124 0.009004
125 0.009037
126 0.009077
127 0.009111
128 0.009138
129 0.009170
130 0.009190
131 0.009217
132 0.009231
133 0.009247
134 0.009257
135 0.009263
136 0.009272
137 0.009284
138 0.009298
139 0.009312
140 0.009313
141 0.009321
142 0.009299
143 0.009302
144 0.009251
145 0.009243
146 0.009181
147 0.009152
148 0.009085
149 0.009031
150 0.008965
151 0.008887
152 0.008826
153 0.008720
154 0.008668
155 0.008532
156 0.008484
157 0.008332
158 0.008269
159 0.008126
160 0.008035
161 0.007907
162 0.007784
163 0.007667
164 0.007500
165 0.007391
166 0.007183
167 0.007091
168 0.006844
169 0.006746
170 0.006520
171 0.006390
172 0.006192
173 0.006033
174 0.005863
175 0.005676
176 0.005541
177 0.005324
178 0.005224
179 0.004978
180 0.004896
181 0.004657
182 0.004562
183 0.004359
184 0.004233
185 0.004067
186 0.003909
187 0.003779
188 0.003588
189 0.003496
190 0.003270
191 0.003213
192 0.002959
193 0.002900
194 0.002685
195 0.002588
196 0.002411
197 0.002276
198 0.002137
199 0.001962
200 0.001864
201 0.001644
202 0.001587
203 0.001323
204 0.001277
205 0.001027
206 0.000950
207 0.000739
208 0.000553
209 0.000298
210 0.000297
211 0.000298
212 0.000075
213 0.000014
214 0.000651
215 0.000754
216 0.001206
217 0.001069
218 0.001090
219 0.001187
220 0.001364
221 0.001496
222 0.001621
223 0.001783
224 0.001859
225 0.002047
226 0.002079
227 0.002289
228 0.002309
229 0.002480
230 0.002523
231 0.002649
232 0.002715
233 0.002801
234 0.002888
235 0.002938
236 0.003041
237 0.003062
238 0.003177
239 0.003181
240 0.003288
241 0.003297
242 0.003375
243 0.003399
244 0.003452
245 0.003489
246 0.003520
247 0.003568
248 0.003583
249 0.003638
250 0.003641
251 0.003700
252 0.003703
253 0.003745
254 0.003756
255 0.003786
256 0.003803
257 0.003824
258 0.003844
259 0.003858
260 0.003877
261 0.003887
262 0.003899
263 0.003907
264 0.003911
265 0.003916
266 0.003913
267 0.003912
268 0.003905
269 0.003893
270 0.003885
271 0.003860
272 0.003854
273 0.003811
274 0.003809
275 0.003748
276 0.003740
277 0.003680
278 0.003655
279 0.003600
280 0.003554
281 0.003506
282 0.003437
283 0.003401
284 0.003305
285 0.003283
286 0.003157
287 0.003137
288 0.003010
289 0.002971
290 0.002858
291 0.002789
292 0.002694
293 0.002593
294 0.002520
295 0.002382
296 0.002333
297 0.002157
298 0.002126
299 0.001926
300 0.001883
301 0.001706
302 0.001624
303 0.001474
304 0.001350
305 0.001232
306 0.001062
307 0.000977
308 0.000759
309 0.000712
310 0.000391
311 0.000350
312 0.000299
313 0.000211
314 0.000007
315 0.000250
316 0.000560
317 0.000778
318 0.000924
319 0.001192
320 0.001281
321 0.001597
322 0.001654
323 0.001973
324 0.002052
325 0.002314
326 0.002444
327 0.002654
328 0.002833
329 0.002994
330 0.003222
331 0.003337
