0 0.360332
1 0.000001
2 0.000013
3 0.000013
4 0.000013
5 0.000013
6 0.000013
7 0.000013
8 0.000013
9 0.000013
10 0.000013
11 0.000013
12 0.000013
13 0.000013
14 0.000013
15 0.000013
16 0.000013
17 0.000013
18 0.000013
19 0.000013
20 0.000013
21 0.000013
22 0.000013
23 0.000013
24 0.000013
25 0.000013
26 0.000013
27 0.000013
28 0.000013
29 0.000013
30 0.000013
31 0.000013
32 0.000013
33 0.000013
34 0.000013
35 0.000013
36 0.000013
37 0.000013
38 0.000013
39 0.000013
40 0.000013
41 0.000013
42 0.000013
43 0.000013
44 0.000013
45 0.000013
46 0.000013
47 0.000013
48 0.000013
49 0.000013
50 0.000013
51 0.000020
52 0.000048
53 0.000048
54 0.000048
55 0.000048
56 0.000048
57 0.000048
58 0.000048
59 0.000048
60 0.000048
61 0.000048
62 0.000051
63 0.000069
64 0.000069
65 0.000069
66 0.000069
67 0.000069
68 0.000069
69 0.000069
70 0.000069
71 0.000069
72 0.000069
73 0.000070
74 0.000087
75 0.000087
76 0.000087
77 0.000087
78 0.000087
79 0.000094
80 0.000100
81 0.000100
82 0.000100
83 0.000100
84 0.000100
85 0.000114
86 0.000114
87 0.000114
88 0.000114
89 0.000114
90 0.000121
91 0.000130
92 0.000130
93 0.000130
94 0.000130
95 0.000130
96 0.000145
97 0.000146
98 0.000146
99 0.000146
100 0.000146
101 0.000152
102 0.000163
103 0.000163
104 0.000163
105 0.000163
106 0.000163
107 0.000178
108 0.000181
109 0.000181
110 0.000181
111 0.000181
112 0.000187
113 0.000199
114 0.000199
115 0.000199
116 0.000199
117 0.000199
118 0.000215
119 0.000219
120 0.000219
121 0.000219
122 0.000219
123 0.000225
124 0.000240
125 0.000240
126 0.000240
127 0.000240
128 0.000240
129 0.000255
130 0.000261
131 0.000261
132 0.000261
133 0.000261
134 0.000266
135 0.000284
136 0.000284
137 0.000283
138 0.000283
139 0.000283
140 0.000299
141 0.000307
142 0.000307
143 0.000307
144 0.000307
145 0.000310
146 0.000331
147 0.000331
148 0.000331
149 0.000331
150 0.000331
151 0.000346
152 0.000356
153 0.000356
154 0.000355
155 0.000355
156 0.000357
157 0.000381
158 0.000381
159 0.000381
160 0.000381
161 0.000381
162 0.000403
163 0.000422
164 0.000422
165 0.000422
166 0.000422
167 0.000422
168 0.000477
169 0.000477
170 0.000477
171 0.000477
172 0.000476
173 0.000502
174 0.000530
175 0.000530
176 0.000530
177 0.000530
178 0.000529
179 0.000578
180 0.000582
181 0.000581
182 0.000581
183 0.000581
184 0.000601
185 0.000632
186 0.000632
187 0.000631
188 0.000631
189 0.000631
190 0.000674
191 0.000680
192 0.000680
193 0.000679
194 0.000679
195 0.000695
196 0.000727
197 0.000727
198 0.000727
199 0.000726
200 0.000726
201 0.000763
202 0.000773
203 0.000772
204 0.000772
205 0.000771
206 0.000783
207 0.000817
208 0.000816
209 0.000816
210 0.000815
211 0.000815
212 0.000847
213 0.000859
214 0.000858
215 0.000858
216 0.000857
217 0.000865
218 0.000900
219 0.000899
220 0.000899
221 0.000898
222 0.000897
223 0.000925
224 0.000938
225 0.000938
226 0.000937
227 0.000937
228 0.000942
229 0.000976
230 0.000976
231 0.000975
232 0.000975
233 0.000974
234 0.000997
235 0.001012
236 0.001011
237 0.001011
238 0.001010
239 0.001012
240 0.001047
241 0.001046
242 0.001046
243 0.001045
244 0.001044
245 0.001063
246 0.001080
247 0.001079
248 0.001078
249 0.001077
250 0.001077
251 0.001111
252 0.001111
253 0.001110
254 0.001109
255 0.001108
256 0.001123
257 0.001141
258 0.001140
259 0.001139
260 0.001138
261 0.001137
262 0.001167
263 0.001169
264 0.001168
265 0.001167
266 0.001166
267 0.001178
268 0.001196
269 0.001195
270 0.001194
271 0.001193
272 0.001192
273 0.001217
274 0.001220
275 0.001220
276 0.001218
277 0.001217
278 0.001226
279 0.001245
280 0.001244
281 0.001242
282 0.001241
283 0.001240
284 0.001262
285 0.001266
286 0.001265
287 0.001264
288 0.001263
289 0.001269
290 0.001288
291 0.001286
292 0.001285
293 0.001284
294 0.001283
295 0.001301
296 0.001306
297 0.001306
298 0.001304
299 0.001303
300 0.001307
301 0.001325
302 0.001324
303 0.001323
304 0.001322
305 0.001321
306 0.001335
307 0.001341
308 0.001340
309 0.001339
310 0.001338
311 0.001340
312 0.001358
313 0.001356
314 0.001355
315 0.001354
316 0.001353
317 0.001364
318 0.001371
319 0.001370
320 0.001369
321 0.001368
322 0.001368
323 0.001385
324 0.001384
325 0.001383
326 0.001382
327 0.001380
328 0.001389
329 0.001396
330 0.001395
331 0.001394
