0 0.361340
1 0.000001
2 0.000067
3 0.000067
4 0.000067
5 0.000067
6 0.000102
7 0.000158
8 0.000162
9 0.000213
10 0.000213
11 0.000252
12 0.000263
13 0.000284
14 0.000308
15 0.000315
16 0.000349
17 0.000349
18 0.000380
19 0.000385
20 0.000402
21 0.000416
22 0.000422
23 0.000442
24 0.000442
25 0.000462
26 0.000463
27 0.000474
28 0.000480
29 0.000482
30 0.000486
31 0.000487
32 0.000493
33 0.000493
34 0.000495
35 0.000495
36 0.000493
37 0.000491
38 0.000490
39 0.000484
40 0.000484
41 0.000474
42 0.000472
43 0.000463
44 0.000455
45 0.000451
46 0.000436
47 0.000436
48 0.000414
49 0.000411
50 0.000396
51 0.000385
52 0.000378
53 0.000358
54 0.000358
55 0.000332
56 0.000332
57 0.000316
58 0.000309
59 0.000304
60 0.000298
61 0.000297
62 0.000295
63 0.000295
64 0.000292
65 0.000297
66 0.000306
67 0.000318
68 0.000323
69 0.000349
70 0.000350
71 0.000385
72 0.000390
73 0.000413
74 0.000431
75 0.000440
76 0.000472
77 0.000471
78 0.000508
79 0.000510
80 0.000535
81 0.000551
82 0.000561
83 0.000589
84 0.000589
85 0.000627
86 0.000627
87 0.000653
88 0.000664
89 0.000679
90 0.000702
91 0.000705
92 0.000739
93 0.000738
94 0.000767
95 0.000775
96 0.000792
97 0.000810
98 0.000816
99 0.000846
100 0.000846
101 0.000876
102 0.000880
103 0.000899
104 0.000916
105 0.000923
106 0.000949
107 0.000949
108 0.000981
109 0.000982
110 0.001004
111 0.001015
112 0.001026
113 0.001049
114 0.001050
115 0.001082
116 0.001082
117 0.001105
118 0.001115
119 0.001128
120 0.001148
121 0.001152
122 0.001180
123 0.001182
124 0.001205
125 0.001211
126 0.001228
127 0.001244
128 0.001251
129 0.001278
130 0.001277
131 0.001307
132 0.001311
133 0.001329
134 0.001344
135 0.001353
136 0.001376
137 0.001378
138 0.001408
139 0.001411
140 0.001432
141 0.001443
142 0.001455
143 0.001475
144 0.001479
145 0.001508
146 0.001510
147 0.001533
148 0.001543
149 0.001556
150 0.001575
151 0.001580
152 0.001606
153 0.001608
154 0.001634
155 0.001642
156 0.001658
157 0.001673
158 0.001682
159 0.001705
160 0.001708
161 0.001735
162 0.001740
163 0.001759
164 0.001772
165 0.001783
166 0.001804
167 0.001806
168 0.001835
169 0.001838
170 0.001858
171 0.001868
172 0.001880
173 0.001898
174 0.001903
175 0.001928
176 0.001930
177 0.001952
178 0.001959
179 0.001973
180 0.001987
181 0.001993
182 0.002014
183 0.002015
184 0.002036
185 0.002040
186 0.002053
187 0.002063
188 0.002068
189 0.002083
190 0.002082
191 0.002101
192 0.002100
193 0.002113
194 0.002119
195 0.002124
196 0.002137
197 0.002135
198 0.002153
199 0.002152
200 0.002164
201 0.002167
202 0.002173
203 0.002183
204 0.002182
205 0.002197
206 0.002194
207 0.002207
208 0.002208
209 0.002214
210 0.002220
211 0.002221
212 0.002232
213 0.002229
214 0.002241
215 0.002240
216 0.002246
217 0.002250
218 0.002251
219 0.002259
220 0.002255
221 0.002267
222 0.002263
223 0.002269
224 0.002270
225 0.002272
226 0.002277
227 0.002273
228 0.002282
229 0.002278
230 0.002283
231 0.002281
232 0.002282
233 0.002284
234 0.002280
235 0.002285
236 0.002278
237 0.002282
238 0.002277
239 0.002277
240 0.002275
241 0.002269
242 0.002270
243 0.002262
244 0.002263
245 0.002255
246 0.002253
247 0.002248
248 0.002243
249 0.002243
250 0.002236
251 0.002239
252 0.002233
253 0.002234
254 0.002233
255 0.002236
256 0.002241
257 0.002243
258 0.002252
259 0.002253
260 0.002260
261 0.002263
262 0.002268
263 0.002273
264 0.002275
265 0.002282
266 0.002283
267 0.002291
268 0.002293
269 0.002298
270 0.002302
271 0.002304
272 0.002310
273 0.002311
274 0.002319
275 0.002319
276 0.002325
277 0.002327
278 0.002331
279 0.002336
280 0.002337
281 0.002343
282 0.002345
283 0.002349
284 0.002352
285 0.002354
286 0.002359
287 0.002361
288 0.002366
289 0.002367
290 0.002371
291 0.002373
292 0.002377
293 0.002379
294 0.002381
295 0.002386
296 0.002386
297 0.002391
298 0.002392
299 0.002395
300 0.002397
301 0.002400
302 0.002402
303 0.002404
304 0.002408
305 0.002408
306 0.002411
307 0.002414
308 0.002415
309 0.002418
310 0.002419
311 0.002422
312 0.002423
313 0.002425
314 0.002427
315 0.002429
316 0.002430
317 0.002433
318 0.002434
319 0.002436
320 0.002437
321 0.002438
322 0.002440
323 0.002441
324 0.002443
325 0.002444
326 0.002446
327 0.002446
328 0.002448
329 0.002449
330 0.002450
331 0.002451
