0 0.361342
1 0.000001
2 0.000188
3 0.000188
4 0.000188
5 0.000188
6 0.000279
7 0.000425
8 0.000438
9 0.000586
10 0.000585
11 0.000693
12 0.000724
13 0.000783
14 0.000849
15 0.000867
16 0.000961
17 0.000959
18 0.001045
19 0.001058
20 0.001106
21 0.001143
22 0.001160
23 0.001216
24 0.001213
25 0.001272
26 0.001273
27 0.001304
28 0.001320
29 0.001331
30 0.001355
31 0.001353
32 0.001378
33 0.001375
34 0.001385
35 0.001387
36 0.001386
37 0.001388
38 0.001384
39 0.001378
40 0.001375
41 0.001361
42 0.001355
43 0.001341
44 0.001327
45 0.001318
46 0.001290
47 0.001288
48 0.001251
49 0.001245
50 0.001217
51 0.001197
52 0.001181
53 0.001144
54 0.001142
55 0.001090
56 0.001087
57 0.001051
58 0.001035
59 0.001016
60 0.000990
61 0.000987
62 0.000965
63 0.000964
64 0.000956
65 0.000973
66 0.000984
67 0.000999
68 0.001002
69 0.001025
70 0.001024
71 0.001046
72 0.001049
73 0.001062
74 0.001074
75 0.001079
76 0.001099
77 0.001098
78 0.001121
79 0.001122
80 0.001137
81 0.001146
82 0.001152
83 0.001169
84 0.001168
85 0.001192
86 0.001191
87 0.001207
88 0.001214
89 0.001222
90 0.001236
91 0.001237
92 0.001258
93 0.001257
94 0.001274
95 0.001278
96 0.001288
97 0.001299
98 0.001302
99 0.001320
100 0.001319
101 0.001338
102 0.001339
103 0.001351
104 0.001360
105 0.001364
106 0.001379
107 0.001378
108 0.001397
109 0.001398
110 0.001410
111 0.001417
112 0.001422
113 0.001435
114 0.001435
115 0.001454
116 0.001452
117 0.001466
118 0.001470
119 0.001477
120 0.001488
121 0.001489
122 0.001505
123 0.001504
124 0.001518
125 0.001521
126 0.001529
127 0.001537
128 0.001540
129 0.001554
130 0.001552
131 0.001567
132 0.001568
133 0.001577
134 0.001584
135 0.001587
136 0.001599
137 0.001597
138 0.001613
139 0.001612
140 0.001622
141 0.001626
142 0.001631
143 0.001641
144 0.001640
145 0.001654
146 0.001653
147 0.001664
148 0.001666
149 0.001672
150 0.001679
151 0.001680
152 0.001692
153 0.001690
154 0.001702
155 0.001703
156 0.001709
157 0.001715
158 0.001717
159 0.001727
160 0.001725
161 0.001737
162 0.001736
163 0.001743
164 0.001747
165 0.001750
166 0.001758
167 0.001756
168 0.001768
169 0.001766
170 0.001774
171 0.001776
172 0.001779
173 0.001785
174 0.001785
175 0.001795
176 0.001793
177 0.001800
178 0.001801
179 0.001805
180 0.001810
181 0.001809
182 0.001817
183 0.001815
184 0.001823
185 0.001822
186 0.001826
187 0.001829
188 0.001829
189 0.001835
190 0.001833
191 0.001840
192 0.001838
193 0.001843
194 0.001844
195 0.001845
196 0.001849
197 0.001847
198 0.001853
199 0.001850
200 0.001854
201 0.001853
202 0.001853
203 0.001855
204 0.001853
205 0.001857
206 0.001854
207 0.001857
208 0.001855
209 0.001854
210 0.001854
211 0.001851
212 0.001852
213 0.001847
214 0.001849
215 0.001844
216 0.001843
217 0.001840
218 0.001836
219 0.001834
220 0.001826
221 0.001826
222 0.001819
223 0.001816
224 0.001811
225 0.001806
226 0.001803
227 0.001797
228 0.001796
229 0.001789
230 0.001787
231 0.001782
232 0.001778
233 0.001774
234 0.001769
235 0.001767
236 0.001761
237 0.001759
238 0.001754
239 0.001751
240 0.001747
241 0.001742
242 0.001740
243 0.001735
244 0.001733
245 0.001728
246 0.001725
247 0.001721
248 0.001717
249 0.001715
250 0.001710
251 0.001708
252 0.001703
253 0.001700
254 0.001696
255 0.001693
256 0.001690
257 0.001686
258 0.001684
259 0.001679
260 0.001677
261 0.001673
262 0.001670
263 0.001666
264 0.001662
265 0.001660
266 0.001656
267 0.001653
268 0.001649
269 0.001646
270 0.001643
271 0.001640
272 0.001637
273 0.001633
274 0.001631
275 0.001628
276 0.001625
277 0.001622
278 0.001618
279 0.001616
280 0.001612
281 0.001609
282 0.001606
283 0.001603
284 0.001600
285 0.001597
286 0.001595
287 0.001592
288 0.001589
289 0.001586
290 0.001583
291 0.001580
292 0.001578
293 0.001575
294 0.001572
295 0.001569
296 0.001566
297 0.001563
298 0.001561
299 0.001558
300 0.001556
301 0.001553
302 0.001550
303 0.001548
304 0.001545
305 0.001543
306 0.001540
307 0.001537
308 0.001534
309 0.001531
310 0.001529
311 0.001526
312 0.001524
313 0.001521
314 0.001519
315 0.001517
316 0.001514
317 0.001512
318 0.001509
319 0.001507
320 0.001504
321 0.001502
322 0.001499
323 0.001497
324 0.001495
325 0.001491
326 0.001491
327 0.001486
328 0.001485
329 0.001482
330 0.001480
331 0.001478
