0 0.361342
1 0.000001
2 0.000124
3 0.000125
4 0.000125
5 0.000125
6 0.000125
7 0.000125
8 0.000125
9 0.000125
10 0.000125
11 0.000125
12 0.000125
13 0.000125
14 0.000125
15 0.000125
16 0.000125
17 0.000125
18 0.000188
19 0.000282
20 0.000282
21 0.000282
22 0.000282
23 0.000282
24 0.000340
25 0.000349
26 0.000349
27 0.000349
28 0.000349
29 0.000368
30 0.000410
31 0.000410
32 0.000410
33 0.000410
34 0.000410
35 0.000454
36 0.000465
37 0.000465
38 0.000465
39 0.000465
40 0.000478
41 0.000513
42 0.000513
43 0.000513
44 0.000512
45 0.000513
46 0.000544
47 0.000555
48 0.000555
49 0.000555
50 0.000555
51 0.000562
52 0.000590
53 0.000590
54 0.000590
55 0.000590
56 0.000591
57 0.000610
58 0.000620
59 0.000619
60 0.000620
61 0.000620
62 0.000623
63 0.000642
64 0.000642
65 0.000641
66 0.000642
67 0.000642
68 0.000652
69 0.000659
70 0.000659
71 0.000659
72 0.000659
73 0.000659
74 0.000669
75 0.000668
76 0.000669
77 0.000669
78 0.000669
79 0.000671
80 0.000672
81 0.000672
82 0.000672
83 0.000672
84 0.000672
85 0.000669
86 0.000668
87 0.000670
88 0.000669
89 0.000670
90 0.000665
91 0.000660
92 0.000660
93 0.000660
94 0.000660
95 0.000660
96 0.000646
97 0.000644
98 0.000644
99 0.000645
100 0.000645
101 0.000636
102 0.000622
103 0.000622
104 0.000623
105 0.000621
106 0.000623
107 0.000597
108 0.000593
109 0.000594
110 0.000594
111 0.000594
112 0.000582
113 0.000558
114 0.000558
115 0.000558
116 0.000558
117 0.000558
118 0.000525
119 0.000516
120 0.000516
121 0.000516
122 0.000516
123 0.000503
124 0.000468
125 0.000468
126 0.000468
127 0.000468
128 0.000467
129 0.000427
130 0.000413
131 0.000413
132 0.000413
133 0.000413
134 0.000400
135 0.000351
136 0.000352
137 0.000352
138 0.000351
139 0.000351
140 0.000306
141 0.000283
142 0.000284
143 0.000284
144 0.000284
145 0.000268
146 0.000168
147 0.000169
148 0.000169
149 0.000169
150 0.000169
151 0.000169
152 0.000169
153 0.000169
154 0.000169
155 0.000169
156 0.000157
157 0.000004
158 0.000004
159 0.000004
160 0.000004
161 0.000004
162 0.000004
163 0.000004
164 0.000004
165 0.000004
166 0.000005
167 0.000004
168 0.000262
169 0.000261
170 0.000261
171 0.000261
172 0.000261
173 0.000340
174 0.000431
175 0.000430
176 0.000430
177 0.000430
178 0.000430
179 0.000584
180 0.000594
181 0.000594
182 0.000593
183 0.000593
184 0.000657
185 0.000752
186 0.000752
187 0.000751
188 0.000750
189 0.000750
190 0.000884
191 0.000904
192 0.000903
193 0.000902
194 0.000901
195 0.000950
196 0.001049
197 0.001048
198 0.001047
199 0.001045
200 0.001044
201 0.001159
202 0.001186
203 0.001184
204 0.001183
205 0.001181
206 0.001217
207 0.001318
208 0.001315
209 0.001313
210 0.001311
211 0.001309
212 0.001406
213 0.001439
214 0.001437
215 0.001434
216 0.001431
217 0.001454
218 0.001555
219 0.001552
220 0.001549
221 0.001546
222 0.001543
223 0.001623
224 0.001661
225 0.001658
226 0.001654
227 0.001651
228 0.001663
229 0.001763
230 0.001759
231 0.001756
232 0.001752
233 0.001748
234 0.001813
235 0.001855
236 0.001851
237 0.001848
238 0.001844
239 0.001847
240 0.001945
241 0.001942
242 0.001938
243 0.001934
244 0.001930
245 0.001982
246 0.002026
247 0.002022
248 0.002018
249 0.002014
250 0.002010
251 0.002105
252 0.002101
253 0.002097
254 0.002093
255 0.002088
256 0.002129
257 0.002174
258 0.002170
259 0.002166
260 0.002162
261 0.002157
262 0.002237
263 0.002238
264 0.002234
265 0.002229
266 0.002225
267 0.002255
268 0.002301
269 0.002296
270 0.002292
271 0.002287
272 0.002282
273 0.002347
274 0.002353
275 0.002348
276 0.002344
277 0.002339
278 0.002360
279 0.002406
280 0.002401
281 0.002397
282 0.002392
283 0.002388
284 0.002441
285 0.002451
286 0.002446
287 0.002442
288 0.002438
289 0.002452
290 0.002497
291 0.002493
292 0.002489
293 0.002485
294 0.002481
295 0.002524
296 0.002537
297 0.002534
298 0.002530
299 0.002527
300 0.002536
301 0.002580
302 0.002577
303 0.002574
304 0.002571
305 0.002569
306 0.002603
307 0.002620
308 0.002617
309 0.002615
310 0.002612
311 0.002617
312 0.002660
313 0.002658
314 0.002656
315 0.002654
316 0.002652
317 0.002679
318 0.002697
319 0.002695
320 0.002693
321 0.002691
322 0.002692
323 0.002733
324 0.002731
325 0.002728
326 0.002726
327 0.002724
328 0.002744
329 0.002762
330 0.002759
331 0.002757
