0 0.361342
1 0.000001
2 0.000250
3 0.000251
4 0.000250
5 0.000251
6 0.000251
7 0.000251
8 0.000251
9 0.000251
10 0.000469
11 0.000563
12 0.000563
13 0.000689
14 0.000698
15 0.000717
16 0.000820
17 0.000820
18 0.000864
19 0.000930
20 0.000929
21 0.000990
22 0.001026
23 0.001025
24 0.001098
25 0.001110
26 0.001117
27 0.001180
28 0.001181
29 0.001200
30 0.001239
31 0.001239
32 0.001265
33 0.001283
34 0.001284
35 0.001310
36 0.001317
37 0.001318
38 0.001337
39 0.001337
40 0.001339
41 0.001344
42 0.001344
43 0.001341
44 0.001337
45 0.001339
46 0.001325
47 0.001320
48 0.001320
49 0.001290
50 0.001289
51 0.001280
52 0.001244
53 0.001243
54 0.001220
55 0.001187
56 0.001187
57 0.001140
58 0.001116
59 0.001116
60 0.001041
61 0.001032
62 0.001019
63 0.000935
64 0.000936
65 0.000894
66 0.000826
67 0.000826
68 0.000752
69 0.000703
70 0.000703
71 0.000590
72 0.000567
73 0.000552
74 0.000336
75 0.000337
76 0.000338
77 0.000337
78 0.000337
79 0.000155
80 0.000008
81 0.000008
82 0.000008
83 0.000008
84 0.000008
85 0.000523
86 0.000523
87 0.000602
88 0.000862
89 0.000861
90 0.001014
91 0.001189
92 0.001188
93 0.001411
94 0.001505
95 0.001502
96 0.001790
97 0.001807
98 0.001853
99 0.002100
100 0.002095
101 0.002206
102 0.002375
103 0.002368
104 0.002539
105 0.002634
106 0.002625
107 0.002851
108 0.002876
109 0.002891
110 0.003115
111 0.003102
112 0.003173
113 0.003327
114 0.003313
115 0.003435
116 0.003524
117 0.003510
118 0.003679
119 0.003710
120 0.003702
121 0.003899
122 0.003884
123 0.003924
124 0.004062
125 0.004046
126 0.004129
127 0.004212
128 0.004196
129 0.004319
130 0.004352
131 0.004335
132 0.004492
133 0.004480
134 0.004497
135 0.004615
136 0.004596
137 0.004648
138 0.004721
139 0.004703
140 0.004786
141 0.004819
142 0.004801
143 0.004914
144 0.004910
145 0.004912
146 0.005013
147 0.004997
148 0.005029
149 0.005096
150 0.005082
151 0.005142
152 0.005178
153 0.005167
154 0.005251
155 0.005260
156 0.005258
157 0.005348
158 0.005339
159 0.005361
160 0.005423
161 0.005415
162 0.005456
163 0.005491
164 0.005482
165 0.005538
166 0.005549
167 0.005540
168 0.005609
169 0.005604
170 0.005616
171 0.005667
172 0.005667
173 0.005698
174 0.005734
175 0.005735
176 0.005776
177 0.005794
178 0.005794
179 0.005843
180 0.005848
181 0.005859
182 0.005901
183 0.005907
184 0.005928
185 0.005957
186 0.005963
187 0.005989
188 0.006006
189 0.006012
190 0.006038
191 0.006046
192 0.006053
193 0.006074
194 0.006080
195 0.006089
196 0.006101
197 0.006107
198 0.006114
199 0.006120
200 0.006124
201 0.006126
202 0.006130
203 0.006135
204 0.006133
205 0.006144
206 0.006151
207 0.006150
208 0.006162
209 0.006161
210 0.006159
211 0.006168
212 0.006153
213 0.006150
214 0.006155
215 0.006121
216 0.006121
217 0.006114
218 0.006076
219 0.006075
220 0.006049
221 0.006015
222 0.006010
223 0.005964
224 0.005938
225 0.005930
226 0.005862
227 0.005847
228 0.005828
229 0.005755
230 0.005745
231 0.005704
232 0.005642
233 0.005630
234 0.005566
235 0.005518
236 0.005504
237 0.005413
238 0.005383
239 0.005361
240 0.005254
241 0.005238
242 0.005190
243 0.005101
244 0.005080
245 0.004999
246 0.004924
247 0.004899
248 0.004784
249 0.004730
250 0.004701
251 0.004553
252 0.004523
253 0.004464
254 0.004340
255 0.004309
256 0.004219
257 0.004123
258 0.004093
259 0.003973
260 0.003905
261 0.003877
262 0.003726
263 0.003691
264 0.003643
265 0.003504
266 0.003481
267 0.003401
268 0.003296
269 0.003274
270 0.003164
271 0.003093
272 0.003075
273 0.002932
274 0.002896
275 0.002865
276 0.002717
277 0.002703
278 0.002638
279 0.002525
280 0.002512
281 0.002413
282 0.002335
283 0.002324
284 0.002189
285 0.002149
286 0.002135
287 0.001972
288 0.001965
289 0.001915
290 0.001789
291 0.001783
292 0.001694
293 0.001607
294 0.001602
295 0.001473
296 0.001424
297 0.001421
298 0.001250
299 0.001242
300 0.001204
301 0.001059
302 0.001058
303 0.000977
304 0.000873
305 0.000872
306 0.000747
307 0.000684
308 0.000684
309 0.000512
310 0.000492
311 0.000453
312 0.000199
313 0.000198
314 0.000198
315 0.000198
316 0.000198
317 0.000077
318 0.000009
319 0.000009
320 0.000407
321 0.000489
322 0.000510
323 0.000805
324 0.000803
325 0.000688
326 0.000727
327 0.000726
328 0.000825
329 0.000910
330 0.000908
331 0.001043
