0 0.361125
1 0.000001
2 0.000250
3 0.000250
4 0.000250
5 0.000250
6 0.000250
7 0.000250
8 0.000250
9 0.000249
10 0.000250
11 0.000250
12 0.000250
13 0.000250
14 0.000249
15 0.000250
16 0.000249
17 0.000250
18 0.000339
19 0.000488
20 0.000487
21 0.000487
22 0.000488
23 0.000487
24 0.000592
25 0.000607
26 0.000607
27 0.000607
28 0.000608
29 0.000626
30 0.000668
31 0.000669
32 0.000668
33 0.000668
34 0.000668
35 0.000755
36 0.000776
37 0.000777
38 0.000776
39 0.000776
40 0.000798
41 0.000859
42 0.000859
43 0.000859
44 0.000860
45 0.000859
46 0.000931
47 0.000957
48 0.000958
49 0.000958
50 0.000958
51 0.000990
52 0.001125
53 0.001126
54 0.001126
55 0.001126
56 0.001126
57 0.001179
58 0.001204
59 0.001205
60 0.001206
61 0.001207
62 0.001218
63 0.001281
64 0.001283
65 0.001283
66 0.001285
67 0.001287
68 0.001329
69 0.001358
70 0.001361
71 0.001363
72 0.001365
73 0.001374
74 0.001482
75 0.001485
76 0.001487
77 0.001490
78 0.001491
79 0.001526
80 0.001557
81 0.001560
82 0.001563
83 0.001564
84 0.001569
85 0.001627
86 0.001629
87 0.001633
88 0.001635
89 0.001638
90 0.001683
91 0.001733
92 0.001737
93 0.001740
94 0.001743
95 0.001744
96 0.001791
97 0.001798
98 0.001802
99 0.001803
100 0.001808
101 0.001826
102 0.001856
103 0.001860
104 0.001861
105 0.001867
106 0.001868
107 0.001931
108 0.001943
109 0.001946
110 0.001948
111 0.001950
112 0.001965
113 0.001990
114 0.001992
115 0.001995
116 0.001997
117 0.001999
118 0.002046
119 0.002059
120 0.002064
121 0.002066
122 0.002070
123 0.002080
124 0.002102
125 0.002106
126 0.002110
127 0.002111
128 0.002112
129 0.002145
130 0.002157
131 0.002157
132 0.002158
133 0.002158
134 0.002161
135 0.002170
136 0.002171
137 0.002171
138 0.002171
139 0.002171
140 0.002190
141 0.002200
142 0.002199
143 0.002198
144 0.002197
145 0.002197
146 0.002200
147 0.002198
148 0.002200
149 0.002200
150 0.002201
151 0.002212
152 0.002221
153 0.002223
154 0.002225
155 0.002228
156 0.002229
157 0.002228
158 0.002230
159 0.002233
160 0.002235
161 0.002241
162 0.002243
163 0.002246
164 0.002250
165 0.002254
166 0.002258
167 0.002261
168 0.002255
169 0.002258
170 0.002263
171 0.002265
172 0.002269
173 0.002274
174 0.002280
175 0.002282
176 0.002285
177 0.002288
178 0.002289
179 0.002283
180 0.002283
181 0.002287
182 0.002286
183 0.002289
184 0.002290
185 0.002293
186 0.002294
187 0.002294
188 0.002296
189 0.002295
190 0.002288
191 0.002287
192 0.002286
193 0.002285
194 0.002285
195 0.002284
196 0.002279
197 0.002278
198 0.002276
199 0.002275
200 0.002272
201 0.002263
202 0.002257
203 0.002256
204 0.002252
205 0.002250
206 0.002246
207 0.002240
208 0.002237
209 0.002234
210 0.002229
211 0.002225
212 0.002215
213 0.002207
214 0.002200
215 0.002195
216 0.002188
217 0.002178
218 0.002167
219 0.002160
220 0.002152
221 0.002146
222 0.002138
223 0.002125
224 0.002116
225 0.002107
226 0.002100
227 0.002092
228 0.002082
229 0.002065
230 0.002058
231 0.002049
232 0.002041
233 0.002034
234 0.002020
235 0.002010
236 0.002002
237 0.001992
238 0.001985
239 0.001975
240 0.001947
241 0.001939
242 0.001930
243 0.001922
244 0.001913
245 0.001902
246 0.001893
247 0.001884
248 0.001876
249 0.001868
250 0.001859
251 0.001836
252 0.001827
253 0.001819
254 0.001813
255 0.001803
256 0.001795
257 0.001786
258 0.001777
259 0.001771
260 0.001762
261 0.001755
262 0.001732
263 0.001723
264 0.001716
265 0.001708
266 0.001702
267 0.001694
268 0.001687
269 0.001681
270 0.001673
271 0.001668
272 0.001660
273 0.001638
274 0.001630
275 0.001624
276 0.001618
277 0.001612
278 0.001606
279 0.001604
280 0.001596
281 0.001593
282 0.001585
283 0.001580
284 0.001561
285 0.001552
286 0.001546
287 0.001541
288 0.001536
289 0.001533
290 0.001532
291 0.001528
292 0.001522
293 0.001516
294 0.001512
295 0.001495
296 0.001486
297 0.001480
298 0.001476
299 0.001471
300 0.001467
301 0.001471
302 0.001467
303 0.001461
304 0.001456
305 0.001452
306 0.001437
307 0.001427
308 0.001424
309 0.001418
310 0.001413
311 0.001412
312 0.001417
313 0.001413
314 0.001409
315 0.001404
316 0.001400
317 0.001383
318 0.001369
319 0.001366
320 0.001362
321 0.001359
322 0.001355
323 0.001364
324 0.001361
325 0.001356
326 0.001352
327 0.001350
328 0.001353
329 0.001355
330 0.001351
331 0.001348
