0 0.355749
1 0.000001
2 0.000515
3 0.000516
4 0.000516
5 0.000515
6 0.000544
7 0.000591
8 0.000649
9 0.001297
10 0.001296
11 0.001328
12 0.001335
13 0.001510
14 0.001704
15 0.001740
16 0.001928
17 0.001926
18 0.002098
19 0.002124
20 0.002220
21 0.002296
22 0.002332
23 0.002443
24 0.002440
25 0.002557
26 0.002562
27 0.002624
28 0.002658
29 0.002691
30 0.002759
31 0.002757
32 0.002806
33 0.002804
34 0.002828
35 0.002840
36 0.002854
37 0.002872
38 0.002874
39 0.002864
40 0.002868
41 0.002850
42 0.002848
43 0.002819
44 0.002789
45 0.002777
46 0.002717
47 0.002719
48 0.002619
49 0.002607
50 0.002535
51 0.002484
52 0.002441
53 0.002331
54 0.002331
55 0.002160
56 0.002155
57 0.002022
58 0.001956
59 0.001875
60 0.001733
61 0.001713
62 0.001372
63 0.001372
64 0.001288
65 0.001262
66 0.001069
67 0.000836
68 0.000839
69 0.000861
70 0.000860
71 0.000888
72 0.000893
73 0.000881
74 0.000872
75 0.000879
76 0.000905
77 0.000905
78 0.000935
79 0.000938
80 0.000950
81 0.000957
82 0.000980
83 0.001032
84 0.001033
85 0.001064
86 0.001064
87 0.001078
88 0.001083
89 0.001095
90 0.001116
91 0.001116
92 0.001147
93 0.001145
94 0.001176
95 0.001184
96 0.001198
97 0.001213
98 0.001217
99 0.001241
100 0.001239
101 0.001253
102 0.001253
103 0.001276
104 0.001293
105 0.001298
106 0.001315
107 0.001313
108 0.001327
109 0.001326
110 0.001352
111 0.001365
112 0.001372
113 0.001390
114 0.001390
115 0.001404
116 0.001404
117 0.001432
118 0.001442
119 0.001453
120 0.001468
121 0.001468
122 0.001481
123 0.001480
124 0.001512
125 0.001519
126 0.001531
127 0.001544
128 0.001549
129 0.001570
130 0.001570
131 0.001590
132 0.001592
133 0.001608
134 0.001619
135 0.001628
136 0.001652
137 0.001652
138 0.001676
139 0.001677
140 0.001690
141 0.001696
142 0.001704
143 0.001719
144 0.001721
145 0.001750
146 0.001749
147 0.001766
148 0.001770
149 0.001775
150 0.001784
151 0.001785
152 0.001803
153 0.001800
154 0.001822
155 0.001825
156 0.001833
157 0.001840
158 0.001841
159 0.001851
160 0.001846
161 0.001862
162 0.001859
163 0.001871
164 0.001875
165 0.001876
166 0.001884
167 0.001877
168 0.001888
169 0.001880
170 0.001886
171 0.001883
172 0.001885
173 0.001890
174 0.001883
175 0.001890
176 0.001879
177 0.001880
178 0.001872
179 0.001869
180 0.001867
181 0.001858
182 0.001863
183 0.001851
184 0.001852
185 0.001841
186 0.001839
187 0.001835
188 0.001824
189 0.001817
190 0.001806
191 0.001815
192 0.001812
193 0.001822
194 0.001827
195 0.001833
196 0.001845
197 0.001846
198 0.001860
199 0.001859
200 0.001866
201 0.001869
202 0.001874
203 0.001882
204 0.001884
205 0.001898
206 0.001898
207 0.001909
208 0.001912
209 0.001919
210 0.001927
211 0.001929
212 0.001933
213 0.001932
214 0.001946
215 0.001947
216 0.001955
217 0.001961
218 0.001965
219 0.001975
220 0.001976
221 0.001988
222 0.001990
223 0.001993
224 0.001995
225 0.002001
226 0.002009
227 0.002010
228 0.002023
229 0.002024
230 0.002033
231 0.002037
232 0.002043
233 0.002050
234 0.002053
235 0.002063
236 0.002064
237 0.002068
238 0.002068
239 0.002076
240 0.002081
241 0.002084
242 0.002093
243 0.002093
244 0.002104
245 0.002105
246 0.002112
247 0.002116
248 0.002120
249 0.002126
250 0.002127
251 0.002128
252 0.002129
253 0.002135
254 0.002138
255 0.002141
256 0.002147
257 0.002149
258 0.002157
259 0.002158
260 0.002164
261 0.002167
262 0.002170
263 0.002175
264 0.002176
265 0.002183
266 0.002183
267 0.002182
268 0.002182
269 0.002186
270 0.002190
271 0.002192
272 0.002197
273 0.002198
274 0.002204
275 0.002206
276 0.002210
277 0.002213
278 0.002216
279 0.002221
280 0.002222
281 0.002228
282 0.002228
283 0.002233
284 0.002236
285 0.002235
286 0.002234
287 0.002236
288 0.002240
289 0.002242
290 0.002246
291 0.002249
292 0.002253
293 0.002256
294 0.002258
295 0.002263
296 0.002266
297 0.002270
298 0.002272
299 0.002275
300 0.002279
301 0.002282
302 0.002285
303 0.002288
304 0.002291
305 0.002293
306 0.002291
307 0.002291
308 0.002294
309 0.002297
310 0.002299
311 0.002303
312 0.002305
313 0.002308
314 0.002311
315 0.002314
316 0.002317
317 0.002320
318 0.002323
319 0.002326
320 0.002329
321 0.002331
322 0.002334
323 0.002338
324 0.002340
325 0.002343
326 0.002346
327 0.002348
328 0.002352
329 0.002348
330 0.002347
331 0.002350
