0 0.361342
1 0.000001
2 0.000102
3 0.000102
4 0.000102
5 0.000102
6 0.000102
7 0.000102
8 0.000102
9 0.000102
10 0.000102
11 0.000102
12 0.000102
13 0.000102
14 0.000102
15 0.000102
16 0.000170
17 0.000383
18 0.000383
19 0.000383
20 0.000487
21 0.000571
22 0.000570
23 0.000571
24 0.000712
25 0.000737
26 0.000856
27 0.000879
28 0.000986
29 0.001033
30 0.001126
31 0.001199
32 0.001275
33 0.001377
34 0.001432
35 0.001566
36 0.001599
37 0.001767
38 0.001795
39 0.001959
40 0.002010
41 0.002152
42 0.002236
43 0.002352
44 0.002474
45 0.002561
46 0.002722
47 0.002778
48 0.002981
49 0.003014
50 0.003240
51 0.003286
52 0.003480
53 0.003567
54 0.003728
55 0.004018
56 0.004293
57 0.004860
58 0.005137
59 0.005801
60 0.005933
61 0.006680
62 0.006777
63 0.007396
64 0.007575
65 0.008043
66 0.008303
67 0.008633
68 0.008964
69 0.009169
70 0.009558
71 0.009654
72 0.010087
73 0.010117
74 0.010516
75 0.010558
76 0.010844
77 0.010935
78 0.011122
79 0.011251
80 0.011355
81 0.011512
82 0.011547
83 0.011723
84 0.011704
85 0.011888
86 0.011864
87 0.011989
88 0.011966
89 0.012002
90 0.011986
91 0.011982
92 0.011971
93 0.011933
94 0.011897
95 0.011807
96 0.011728
97 0.011617
98 0.011489
99 0.011326
100 0.011149
101 0.010978
102 0.010802
103 0.010618
104 0.010448
105 0.010240
106 0.010088
107 0.009853
108 0.009725
109 0.009463
110 0.009335
111 0.009090
112 0.008935
113 0.008714
114 0.008523
115 0.008333
116 0.008100
117 0.007946
118 0.007663
119 0.007552
120 0.007212
121 0.007115
122 0.006784
123 0.006651
124 0.006361
125 0.006172
126 0.005929
127 0.005677
128 0.005488
129 0.005165
130 0.005035
131 0.004636
132 0.004551
133 0.004108
134 0.004001
135 0.003614
136 0.003429
137 0.003106
138 0.002837
139 0.002582
140 0.002222
141 0.002041
142 0.001583
143 0.001483
144 0.000627
145 0.000607
146 0.000607
147 0.000431
148 0.000004
149 0.000004
150 0.000004
151 0.000241
152 0.000399
153 0.000516
154 0.000554
155 0.000693
156 0.000716
157 0.000855
158 0.000888
159 0.001001
160 0.001056
161 0.001145
162 0.001220
163 0.001286
164 0.001381
165 0.001424
166 0.001538
167 0.001559
168 0.001691
169 0.001712
170 0.001821
171 0.001861
172 0.001949
173 0.002007
174 0.002073
175 0.002149
176 0.002196
177 0.002288
178 0.002315
179 0.002423
180 0.002442
181 0.002545
182 0.002574
183 0.002657
184 0.002702
185 0.002767
186 0.002826
187 0.002874
188 0.002947
189 0.002979
190 0.003065
191 0.003083
192 0.003178
193 0.003197
194 0.003275
195 0.003308
196 0.003370
197 0.003415
198 0.003463
199 0.003519
200 0.003553
201 0.003620
202 0.003640
203 0.003718
204 0.003734
205 0.003804
206 0.003827
207 0.003883
208 0.003917
209 0.003961
210 0.004003
211 0.004036
212 0.004086
213 0.004108
214 0.004166
215 0.004181
216 0.004240
217 0.004257
218 0.004306
219 0.004330
220 0.004368
221 0.004399
222 0.004429
223 0.004465
224 0.004487
225 0.004528
226 0.004542
227 0.004587
228 0.004600
229 0.004638
230 0.004656
231 0.004687
232 0.004708
233 0.004732
234 0.004756
235 0.004775
236 0.004800
237 0.004813
238 0.004839
239 0.004850
240 0.004873
241 0.004884
242 0.004903
243 0.004916
244 0.004931
245 0.004943
246 0.004956
247 0.004967
248 0.004978
249 0.004987
250 0.004997
251 0.005003
252 0.005012
253 0.005016
254 0.005023
255 0.005027
256 0.005030
257 0.005034
258 0.005034
259 0.005037
260 0.005031
261 0.005036
262 0.005023
263 0.005028
264 0.005012
265 0.005013
266 0.004998
267 0.004991
268 0.004975
269 0.004959
270 0.004947
271 0.004922
272 0.004914
273 0.004879
274 0.004875
275 0.004830
276 0.004823
277 0.004782
278 0.004764
279 0.004728
280 0.004700
281 0.004671
282 0.004631
283 0.004609
284 0.004557
285 0.004543
286 0.004477
287 0.004465
288 0.004400
289 0.004378
290 0.004322
291 0.004288
292 0.004242
293 0.004194
294 0.004159
295 0.004096
296 0.004072
297 0.003993
298 0.003978
299 0.003890
300 0.003870
301 0.003794
302 0.003758
303 0.003695
304 0.003643
305 0.003593
306 0.003523
307 0.003487
308 0.003399
309 0.003380
310 0.003271
311 0.003253
312 0.003155
313 0.003121
314 0.003038
315 0.002985
316 0.002919
317 0.002845
318 0.002796
319 0.002701
320 0.002672
321 0.002553
322 0.002533
323 0.002410
324 0.002380
325 0.002275
326 0.002223
327 0.002138
328 0.002063
329 0.001998
330 0.001899
331 0.001855
