0 0.354355
1 0.000001
2 0.000354
3 0.000354
4 0.000354
5 0.000354
6 0.000355
7 0.000354
8 0.000394
9 0.000842
10 0.000841
11 0.000840
12 0.001032
13 0.001146
14 0.001145
15 0.001193
16 0.001438
17 0.001435
18 0.001433
19 0.001630
20 0.001709
21 0.001706
22 0.001770
23 0.001966
24 0.001962
25 0.001958
26 0.002154
27 0.002202
28 0.002196
29 0.002271
30 0.002423
31 0.002415
32 0.002407
33 0.002595
34 0.002613
35 0.002602
36 0.002678
37 0.002790
38 0.002778
39 0.002768
40 0.002945
41 0.002940
42 0.002927
43 0.003005
44 0.003082
45 0.003067
46 0.003060
47 0.003207
48 0.003190
49 0.003174
50 0.003248
51 0.003295
52 0.003277
53 0.003276
54 0.003381
55 0.003361
56 0.003341
57 0.003406
58 0.003426
59 0.003404
60 0.003406
61 0.003475
62 0.003451
63 0.003428
64 0.003481
65 0.003482
66 0.003456
67 0.003457
68 0.003496
69 0.003469
70 0.003442
71 0.003482
72 0.003468
73 0.003440
74 0.003438
75 0.003455
76 0.003430
77 0.003405
78 0.003435
79 0.003414
80 0.003389
81 0.003387
82 0.003390
83 0.003365
84 0.003340
85 0.003356
86 0.003330
87 0.003305
88 0.003297
89 0.003284
90 0.003258
91 0.003234
92 0.003227
93 0.003200
94 0.003173
95 0.003154
96 0.003131
97 0.003102
98 0.003074
99 0.003050
100 0.003020
101 0.002990
102 0.002960
103 0.002929
104 0.002897
105 0.002863
106 0.002830
107 0.002796
108 0.002762
109 0.002728
110 0.002695
111 0.002662
112 0.002628
113 0.002595
114 0.002561
115 0.002527
116 0.002493
117 0.002459
118 0.002425
119 0.002407
120 0.002396
121 0.002362
122 0.002328
123 0.002293
124 0.002258
125 0.002224
126 0.002196
127 0.002168
128 0.002135
129 0.002103
130 0.002072
131 0.002042
132 0.002014
133 0.001991
134 0.001967
135 0.001942
136 0.001919
137 0.001899
138 0.001876
139 0.001855
140 0.001836
141 0.001817
142 0.001797
143 0.001778
144 0.001762
145 0.001743
146 0.001725
147 0.001710
148 0.001694
149 0.001677
150 0.001661
151 0.001647
152 0.001631
153 0.001616
154 0.001602
155 0.001587
156 0.001572
157 0.001558
158 0.001545
159 0.001531
160 0.001517
161 0.001506
162 0.001494
163 0.001482
164 0.001471
165 0.001460
166 0.001449
167 0.001438
168 0.001429
169 0.001418
170 0.001408
171 0.001398
172 0.001389
173 0.001379
174 0.001370
175 0.001361
176 0.001352
177 0.001343
178 0.001335
179 0.001326
180 0.001318
181 0.001309
182 0.001302
183 0.001294
184 0.001286
185 0.001279
186 0.001272
187 0.001264
188 0.001257
189 0.001250
190 0.001243
191 0.001236
192 0.001229
193 0.001222
194 0.001215
195 0.001208
196 0.001202
197 0.001195
198 0.001189
199 0.001182
200 0.001176
201 0.001170
202 0.001164
203 0.001159
204 0.001153
205 0.001148
206 0.001144
207 0.001139
208 0.001135
209 0.001130
210 0.001126
211 0.001122
212 0.001118
213 0.001113
214 0.001109
215 0.001105
216 0.001101
217 0.001097
218 0.001094
219 0.001090
220 0.001086
221 0.001083
222 0.001079
223 0.001076
224 0.001072
225 0.001069
226 0.001066
227 0.001062
228 0.001059
229 0.001056
230 0.001053
231 0.001050
232 0.001047
233 0.001044
234 0.001041
235 0.001038
236 0.001036
237 0.001033
238 0.001030
239 0.001027
240 0.001025
241 0.001022
242 0.001020
243 0.001017
244 0.001014
245 0.001012
246 0.001010
247 0.001007
248 0.001005
249 0.001003
250 0.001001
251 0.000998
252 0.000996
253 0.000994
254 0.000991
255 0.000989
256 0.000987
257 0.000985
258 0.000982
259 0.000980
260 0.000978
261 0.000975
262 0.000973
263 0.000971
264 0.000969
265 0.000967
266 0.000965
267 0.000964
268 0.000961
269 0.000959
270 0.000958
271 0.000956
272 0.000954
273 0.000953
274 0.000951
275 0.000949
276 0.000947
277 0.000946
278 0.000945
279 0.000942
280 0.000941
281 0.000940
282 0.000938
283 0.000937
284 0.000936
285 0.000941
286 0.000948
287 0.000947
288 0.000947
289 0.000944
290 0.000943
291 0.000942
292 0.000940
293 0.000939
294 0.000938
295 0.000937
296 0.000934
297 0.000933
298 0.000932
299 0.000931
300 0.000929
301 0.000928
302 0.000927
303 0.000925
304 0.000924
305 0.000923
306 0.000922
307 0.000920
308 0.000919
309 0.000919
310 0.000916
311 0.000915
312 0.000915
313 0.000913
314 0.000912
315 0.000911
316 0.000910
317 0.000908
318 0.000908
319 0.000907
320 0.000905
321 0.000904
322 0.000903
323 0.000902
324 0.000900
325 0.000900
326 0.000899
327 0.000897
328 0.000896
329 0.000896
330 0.000895
331 0.000893
