0 0.359428
1 0.000001
2 0.000160
3 0.000160
4 0.000160
5 0.000160
6 0.000160
7 0.000160
8 0.000179
9 0.000393
10 0.000392
11 0.000392
12 0.000484
13 0.000538
14 0.000538
15 0.000561
16 0.000678
17 0.000677
18 0.000676
19 0.000771
20 0.000809
21 0.000808
22 0.000839
23 0.000934
24 0.000932
25 0.000931
26 0.001026
27 0.001049
28 0.001047
29 0.001084
30 0.001159
31 0.001156
32 0.001154
33 0.001247
34 0.001257
35 0.001254
36 0.001294
37 0.001351
38 0.001347
39 0.001344
40 0.001433
41 0.001433
42 0.001429
43 0.001471
44 0.001512
45 0.001507
46 0.001507
47 0.001583
48 0.001579
49 0.001574
50 0.001615
51 0.001643
52 0.001638
53 0.001642
54 0.001699
55 0.001694
56 0.001688
57 0.001727
58 0.001743
59 0.001737
60 0.001743
61 0.001785
62 0.001779
63 0.001773
64 0.001807
65 0.001814
66 0.001808
67 0.001815
68 0.001843
69 0.001836
70 0.001828
71 0.001857
72 0.001856
73 0.001849
74 0.001855
75 0.001871
76 0.001863
77 0.001856
78 0.001878
79 0.001873
80 0.001865
81 0.001871
82 0.001878
83 0.001871
84 0.001864
85 0.001879
86 0.001872
87 0.001865
88 0.001868
89 0.001869
90 0.001863
91 0.001857
92 0.001863
93 0.001856
94 0.001850
95 0.001849
96 0.001847
97 0.001841
98 0.001836
99 0.001834
100 0.001828
101 0.001823
102 0.001818
103 0.001813
104 0.001808
105 0.001803
106 0.001798
107 0.001794
108 0.001789
109 0.001784
110 0.001780
111 0.001776
112 0.001772
113 0.001767
114 0.001763
115 0.001760
116 0.001755
117 0.001751
118 0.001748
119 0.001744
120 0.001740
121 0.001737
122 0.001734
123 0.001730
124 0.001727
125 0.001724
126 0.001719
127 0.001714
128 0.001711
129 0.001708
130 0.001704
131 0.001702
132 0.001699
133 0.001696
134 0.001693
135 0.001690
136 0.001687
137 0.001683
138 0.001681
139 0.001678
140 0.001675
141 0.001673
142 0.001670
143 0.001668
144 0.001665
145 0.001662
146 0.001660
147 0.001657
148 0.001654
149 0.001652
150 0.001650
151 0.001647
152 0.001645
153 0.001643
154 0.001639
155 0.001637
156 0.001635
157 0.001633
158 0.001630
159 0.001628
160 0.001627
161 0.001623
162 0.001622
163 0.001620
164 0.001618
165 0.001615
166 0.001614
167 0.001612
168 0.001609
169 0.001607
170 0.001606
171 0.001603
172 0.001601
173 0.001600
174 0.001598
175 0.001595
176 0.001594
177 0.001592
178 0.001590
179 0.001588
180 0.001587
181 0.001585
182 0.001582
183 0.001581
184 0.001580
185 0.001577
186 0.001575
187 0.001574
188 0.001573
189 0.001570
190 0.001569
191 0.001568
192 0.001565
193 0.001564
194 0.001562
195 0.001561
196 0.001558
197 0.001557
198 0.001556
199 0.001553
200 0.001552
201 0.001551
202 0.001549
203 0.001547
204 0.001546
205 0.001545
206 0.001541
207 0.001540
208 0.001539
209 0.001537
210 0.001535
211 0.001534
212 0.001533
213 0.001530
214 0.001529
215 0.001528
216 0.001526
217 0.001524
218 0.001523
219 0.001522
220 0.001519
221 0.001518
222 0.001517
223 0.001514
224 0.001512
225 0.001511
226 0.001510
227 0.001507
228 0.001506
229 0.001505
230 0.001502
231 0.001501
232 0.001500
233 0.001498
234 0.001495
235 0.001494
236 0.001493
237 0.001490
238 0.001489
239 0.001488
240 0.001486
241 0.001483
242 0.001482
243 0.001481
244 0.001478
245 0.001477
246 0.001476
247 0.001474
248 0.001471
249 0.001470
250 0.001469
251 0.001465
252 0.001464
253 0.001463
254 0.001461
255 0.001459
256 0.001458
257 0.001456
258 0.001453
259 0.001452
260 0.001451
261 0.001448
262 0.001445
263 0.001444
264 0.001443
265 0.001439
266 0.001438
267 0.001437
268 0.001433
269 0.001431
270 0.001430
271 0.001428
272 0.001425
273 0.001424
274 0.001423
275 0.001419
276 0.001417
277 0.001416
278 0.001414
279 0.001410
280 0.001409
281 0.001408
282 0.001404
283 0.001403
284 0.001402
285 0.001399
286 0.001396
287 0.001395
288 0.001394
289 0.001389
290 0.001388
291 0.001387
292 0.001384
293 0.001382
294 0.001380
295 0.001379
296 0.001375
297 0.001373
298 0.001372
299 0.001369
300 0.001367
301 0.001366
302 0.001364
303 0.001360
304 0.001359
305 0.001358
306 0.001354
307 0.001352
308 0.001351
309 0.001349
310 0.001345
311 0.001344
312 0.001343
313 0.001340
314 0.001338
315 0.001337
316 0.001335
317 0.001331
318 0.001330
319 0.001329
320 0.001325
321 0.001323
322 0.001322
323 0.001320
324 0.001316
325 0.001315
326 0.001314
327 0.001310
328 0.001308
329 0.001307
330 0.001305
331 0.001301
