1 0.000239
2 0.000000
3 0.005189
4 0.000212
5 0.000002
6 0.004968
7 0.000135
8 0.005101
9 0.000003
10 0.000135
11 0.005043
12 0.000135
13 0.000003
14 0.005217
15 0.000223
16 0.000003
17 0.005244
18 0.000154
19 0.005240
20 0.000002
21 0.000148
22 0.005724
23 0.000002
24 0.000208
25 0.005890
26 0.000175
27 0.000003
28 0.005652
29 0.000122
30 0.005333
31 0.000003
32 0.000109
33 0.005374
34 0.000003
35 0.000271
36 0.006361
37 0.000137
38 0.000002
39 0.006542
40 0.000036
41 0.000003
42 0.006706
43 0.000017
44 0.006671
45 0.000003
46 0.000017
47 0.005974
48 0.000029
49 0.000004
50 0.006316
51 0.000025
52 0.000004
53 0.006378
54 0.000027
55 0.005241
56 0.000002
57 0.000021
58 0.005669
59 0.000015
60 0.000004
61 0.005854
62 0.000022
63 0.000003
64 0.004327
65 0.000029
66 0.004008
67 0.000003
68 0.000029
69 0.003843
70 0.000003
71 0.000030
72 0.003888
73 0.000031
74 0.000002
75 0.004528
76 0.000034
77 0.004562
78 0.000003
79 0.000032
80 0.003567
81 0.000004
82 0.000031
83 0.002606
84 0.000038
85 0.000004
86 0.002142
87 0.000031
88 0.000004
89 0.002012
90 0.000033
91 0.002013
92 0.000004
93 0.000035
94 0.002186
95 0.000030
96 0.000004
97 0.001965
98 0.000031
99 0.000003
100 0.001569
101 0.000034
102 0.001650
103 0.000003
104 0.000032
105 0.002194
106 0.000003
107 0.000033
108 0.002649
109 0.000037
110 0.000002
111 0.002379
112 0.000032
113 0.001818
114 0.000003
115 0.000035
116 0.001594
117 0.000003
118 0.000038
119 0.001325
120 0.000038
121 0.000005
122 0.001179
123 0.000039
124 0.000004
125 0.001501
126 0.000037
127 0.001797
128 0.000002
129 0.000037
130 0.001972
131 0.000036
132 0.000004
133 0.001981
134 0.000038
135 0.000003
136 0.001948
137 0.000036
138 0.001765
139 0.000003
140 0.000034
141 0.001805
142 0.000038
143 0.000003
144 0.001976
145 0.000035
146 0.000001
147 0.001872
148 0.000034
149 0.001819
150 0.000003
151 0.000037
152 0.001619
153 0.000004
154 0.000037
155 0.001499
156 0.000034
157 0.000003
158 0.001476
159 0.000036
160 0.001597
161 0.000003
162 0.000035
163 0.001649
164 0.000003
165 0.000037
166 0.001658
167 0.000038
168 0.000004
169 0.001634
170 0.000033
171 0.000002
172 0.001634
173 0.000036
174 0.001721
175 0.000003
176 0.000037
177 0.001762
178 0.000037
179 0.000003
180 0.001692
181 0.000035
182 0.000002
183 0.001689
184 0.000034
185 0.001679
186 0.000002
187 0.000035
188 0.001696
189 0.000003
190 0.000035
191 0.001725
192 0.000042
193 0.000003
194 0.001790
195 0.000042
196 0.001824
197 0.000004
198 0.000041
199 0.001801
200 0.000003
201 0.000049
202 0.001733
203 0.000043
204 0.000004
205 0.001747
206 0.000045
207 0.000003
208 0.001724
209 0.000052
210 0.001836
211 0.000002
212 0.000050
213 0.001939
214 0.000047
215 0.000002
216 0.002045
217 0.000052
218 0.000002
219 0.002113
220 0.000048
221 0.002412
222 0.000003
223 0.000049
224 0.002296
225 0.000050
226 0.000002
227 0.002409
228 0.000046
229 0.000003
230 0.002395
231 0.000046
232 0.002339
233 0.000003
234 0.000049
235 0.002335
236 0.000003
237 0.000052
238 0.002363
239 0.000049
240 0.000004
241 0.002335
242 0.000051
243 0.002361
244 0.000002
245 0.000052
246 0.002361
247 0.000003
248 0.000049
249 0.002353
250 0.000062
251 0.000000
252 0.002389
253 0.000042
254 0.000004
255 0.002445
256 0.000043
257 0.002473
258 0.000003
259 0.000045
260 0.002530
261 0.000041
262 0.000004
263 0.002573
264 0.000042
265 0.000003
266 0.002618
267 0.000046
268 0.002665
269 0.000003
270 0.000037
271 0.002629
272 0.000003
273 0.000038
274 0.002608
275 0.000045
276 0.000003
277 0.002629
278 0.000042
279 0.002595
280 0.000003
281 0.000044
282 0.002538
283 0.000003
284 0.000045
285 0.002546
286 0.000043
287 0.000004
288 0.002544
289 0.000044
290 0.000004
291 0.002549
292 0.000045
293 0.002490
294 0.000002
295 0.000049
296 0.002477
297 0.000043
298 0.000004
299 0.002463
300 0.000047
301 0.000004
302 0.002439
303 0.000049
304 0.002396
305 0.000004
306 0.000054
307 0.002331
308 0.000047
309 0.000003
310 0.002275
311 0.000052
312 0.000002
313 0.002195
314 0.000048
315 0.002182
316 0.000003
317 0.000052
318 0.002121
319 0.000003
320 0.000048
321 0.002074
322 0.000047
323 0.000003
324 0.001980
325 0.000051
326 0.001964
327 0.000002
328 0.000045
329 0.001921
330 0.000003
331 0.000044
332 0.002124
333 0.000046
334 0.000004
335 0.001995
336 0.000044
337 0.000003
338 0.001902
339 0.000046
340 0.001927
341 0.000003
342 0.000049
343 0.001951
344 0.000045
345 0.000003
346 0.001800
347 0.000045
348 0.000002
349 0.001800
350 0.000048
351 0.001796
352 0.000003
353 0.000046
354 0.001744
355 0.000004
356 0.000045
357 0.001767
358 0.000050
359 0.000004
360 0.001791
361 0.000048
362 0.001800
363 0.000003
364 0.000041
365 0.001810
366 0.000003
367 0.000049
368 0.001788
369 0.000039
370 0.000003
371 0.001847
372 0.000038
373 0.000003
374 0.001855
375 0.000046
376 0.001826
377 0.000003
378 0.000046
379 0.001874
380 0.000045
381 0.000003
382 0.001846
383 0.000051
384 0.000002
385 0.001876
386 0.000048
387 0.001919
388 0.000002
389 0.000049
390 0.001894
391 0.000052
392 0.000002
393 0.001884
394 0.000047
395 0.000003
396 0.001927
397 0.000047
398 0.001852
399 0.000004
400 0.000052
401 0.001867
402 0.000002
403 0.000046
404 0.000044
405 0.001834
406 0.000002
407 0.000046
408 0.001846
409 0.000050
410 0.000003
411 0.001866
412 0.000053
413 0.000003
414 0.001850
415 0.000052
416 0.001836
417 0.000002
418 0.000050
419 0.001864
420 0.000003
421 0.000054
422 0.001893
423 0.000048
424 0.000002
425 0.001917
426 0.000049
427 0.001853
428 0.000003
429 0.000048
430 0.001805
431 0.000003
432 0.000045
433 0.001775
434 0.000045
435 0.000003
436 0.001679
437 0.000049
438 0.000004
439 0.001657
440 0.000045
441 0.001671
442 0.000003
443 0.000044
444 0.001720
445 0.000048
446 0.000003
447 0.001650
448 0.000045
449 0.000002
450 0.001610
451 0.000044
452 0.001568
453 0.000002
454 0.000045
455 0.001562
456 0.000002
457 0.000042
458 0.001506
459 0.000038
460 0.000002
461 0.001449
462 0.000044
463 0.001440
464 0.000002
465 0.000048
466 0.001397
467 0.000002
468 0.000047
469 0.001336
470 0.000054
471 0.000004
472 0.001313
473 0.000050
474 0.001338
475 0.000003
476 0.000048
477 0.001350
478 0.000003
479 0.000053
480 0.001444
481 0.000050
482 0.000003
483 0.001506
484 0.000049
485 0.000002
486 0.001535
487 0.000049
488 0.001785
489 0.000002
490 0.000270
491 0.001616
492 0.000215
493 0.000002
494 0.001575
495 0.000190
496 0.000003
497 0.001383
498 0.000143
499 0.001490
500 0.000013
501 0.000129
502 0.001444
503 0.000002
504 0.000132
505 0.001387
506 0.000092
507 0.000002
508 0.001383
509 0.000052
510 0.001389
511 0.000002
512 0.000049
513 0.001361
514 0.000003
515 0.000045
516 0.001337
517 0.000046
518 0.000002
519 0.001276
520 0.000051
521 0.000005
522 0.001225
523 0.000046
524 0.001221
525 0.000005
526 0.000045
527 0.001210
528 0.000048
529 0.000004
530 0.001165
531 0.000050
532 0.000004
533 0.001138
534 0.000053
535 0.001171
536 0.000003
537 0.000050
538 0.001167
539 0.000003
540 0.000047
541 0.001169
542 0.000045
543 0.000002
544 0.001171
545 0.000049
546 0.001179
547 0.000003
548 0.000047
549 0.001177
550 0.000003
551 0.000049
552 0.001162
553 0.000049
554 0.000003
555 0.001172
556 0.000048
557 0.001130
558 0.000003
559 0.000048
560 0.001068
561 0.000005
562 0.000048
563 0.001020
564 0.000047
565 0.000006
566 0.001058
567 0.000042
568 0.000004
569 0.001010
570 0.000041
571 0.001002
572 0.000003
573 0.000040
574 0.001056
575 0.000038
576 0.000004
577 0.001102
578 0.000041
579 0.000003
580 0.001123
581 0.000036
582 0.001129
583 0.000003
584 0.000036
585 0.001098
586 0.000003
587 0.000033
588 0.001059
589 0.000029
590 0.000002
591 0.001062
592 0.000032
593 0.001071
594 0.000004
595 0.000031
596 0.001049
597 0.000004
598 0.000026
599 0.001098
600 0.000025
601 0.000003
602 0.001140
603 0.000022
604 0.000004
605 0.001170
606 0.000017
607 0.001195
608 0.000003
609 0.000017
610 0.001249
611 0.000018
612 0.000003
613 0.001273
614 0.000017
615 0.000002
616 0.001271
617 0.000017
618 0.001272
619 0.000003
620 0.000023
621 0.001301
622 0.000003
623 0.000022
624 0.001313
625 0.000024
626 0.000002
627 0.001318
628 0.000028
629 0.001333
630 0.000003
631 0.000026
632 0.001368
633 0.000003
634 0.000025
635 0.001388
636 0.000029
637 0.000006
638 0.001432
639 0.000027
640 0.001440
641 0.000004
642 0.000026
643 0.001439
644 0.000003
645 0.000030
646 0.001429
647 0.000029
648 0.000004
649 0.001463
650 0.000028
651 0.000003
652 0.001448
653 0.000027
654 0.001436
655 0.000002
656 0.000029
657 0.001433
658 0.000029
659 0.000002
660 0.001421
661 0.000025
662 0.000002
663 0.001391
