1 0.002885
2 0.000002
3 0.000254
4 0.003181
5 0.000003
6 0.000240
7 0.003301
8 0.000202
9 0.000004
10 0.003333
11 0.000208
12 0.003401
13 0.000005
14 0.000240
15 0.003311
16 0.000004
17 0.000227
18 0.003170
19 0.000212
20 0.000004
21 0.003253
22 0.000164
23 0.000004
24 0.003117
25 0.000132
26 0.003097
27 0.000003
28 0.000130
29 0.003086
30 0.000122
31 0.000003
32 0.003027
33 0.000120
34 0.000002
35 0.003026
36 0.000115
37 0.002905
38 0.000005
39 0.000122
40 0.002854
41 0.000006
42 0.000106
43 0.002808
44 0.000111
45 0.000004
46 0.002859
47 0.000087
48 0.002705
49 0.000004
50 0.000038
51 0.002689
52 0.000005
53 0.000043
54 0.002677
55 0.000042
56 0.000005
57 0.002678
58 0.000055
59 0.002571
60 0.000004
61 0.000039
62 0.001423
63 0.000004
64 0.000043
65 0.002779
66 0.000038
67 0.000004
68 0.003527
69 0.000041
70 0.000003
71 0.003714
72 0.000041
73 0.003231
74 0.000004
75 0.000037
76 0.002703
77 0.000037
78 0.000003
79 0.002466
80 0.000037
81 0.000006
82 0.001876
83 0.000033
84 0.001962
85 0.000005
86 0.000033
87 0.003018
88 0.000004
89 0.000035
90 0.003161
91 0.000031
92 0.000006
93 0.002571
94 0.000031
95 0.002322
96 0.000004
97 0.000034
98 0.002143
99 0.000003
100 0.000032
101 0.001906
102 0.000031
103 0.000003
104 0.002561
105 0.000034
106 0.000003
107 0.003527
108 0.000031
109 0.003752
110 0.000004
111 0.000032
112 0.003298
113 0.000032
114 0.000003
115 0.003000
116 0.000028
117 0.000004
118 0.002523
119 0.000028
120 0.001950
121 0.000005
122 0.000031
123 0.001580
124 0.000004
125 0.000031
126 0.001751
127 0.000029
128 0.000005
129 0.002970
130 0.000033
131 0.003603
132 0.000003
133 0.000028
134 0.003473
135 0.000003
136 0.000029
137 0.002866
138 0.000030
139 0.000004
140 0.002278
141 0.000027
142 0.001908
143 0.000003
144 0.000024
145 0.001603
146 0.000004
147 0.000024
148 0.001631
149 0.000023
150 0.000003
151 0.002032
152 0.000025
153 0.000006
154 0.002542
155 0.000024
156 0.002840
157 0.000005
158 0.000022
159 0.002959
160 0.000023
161 0.000005
162 0.002622
163 0.000023
164 0.000006
165 0.002548
166 0.000020
167 0.002350
168 0.000004
169 0.000020
170 0.002254
171 0.000003
172 0.000022
173 0.002199
174 0.000021
175 0.000003
176 0.002135
177 0.000019
178 0.002091
179 0.000003
180 0.000021
181 0.002013
182 0.000003
183 0.000016
184 0.001965
185 0.000018
186 0.000003
187 0.002000
188 0.000020
189 0.000004
190 0.002123
191 0.000017
192 0.002353
193 0.000003
194 0.000017
195 0.002428
196 0.000022
197 0.000005
198 0.002453
199 0.000016
200 0.000003
201 0.002495
202 0.000019
203 0.002486
204 0.000003
205 0.000020
206 0.002445
207 0.000003
208 0.000020
209 0.002419
210 0.000021
211 0.000003
212 0.002439
213 0.000022
214 0.002493
215 0.000003
216 0.000020
217 0.002599
218 0.000003
219 0.000020
220 0.002662
221 0.000020
222 0.000002
223 0.002768
224 0.000024
225 0.002888
226 0.000003
227 0.000024
228 0.002923
229 0.000003
230 0.000027
231 0.002987
232 0.000025
233 0.000002
234 0.003046
235 0.000025
236 0.000003
237 0.003041
238 0.000028
239 0.003066
240 0.000002
241 0.000024
242 0.003110
243 0.000025
244 0.000003
245 0.003077
246 0.000028
247 0.000002
248 0.003070
249 0.000021
250 0.003140
251 0.000000
252 0.000020
253 0.003196
254 0.000003
255 0.000024
256 0.003185
257 0.000016
258 0.000003
259 0.003202
260 0.000019
261 0.003100
262 0.000003
263 0.000026
264 0.003204
265 0.000002
266 0.000024
267 0.003262
268 0.000025
269 0.000002
270 0.003302
271 0.000026
272 0.000003
273 0.003199
274 0.000022
275 0.003124
276 0.000003
277 0.000021
278 0.003083
279 0.000020
280 0.000002
281 0.003035
282 0.000022
283 0.000003
284 0.003022
285 0.000021
286 0.003010
287 0.000002
288 0.000018
289 0.003143
290 0.000003
291 0.000018
292 0.003163
293 0.000021
294 0.000003
295 0.003207
296 0.000016
297 0.003230
298 0.000002
299 0.000015
300 0.003171
301 0.000003
302 0.000023
303 0.003148
304 0.000018
305 0.000002
306 0.003083
307 0.000018
308 0.003053
309 0.000002
310 0.000022
311 0.003001
312 0.000002
313 0.000017
314 0.002971
315 0.000016
316 0.000002
317 0.002964
318 0.000021
319 0.000004
320 0.003019
321 0.000017
322 0.002883
323 0.000003
324 0.000017
325 0.002796
326 0.000021
327 0.000003
328 0.002758
329 0.000017
330 0.000003
331 0.002658
332 0.000018
333 0.002620
334 0.000002
335 0.000020
336 0.002484
337 0.000002
338 0.000019
339 0.002463
340 0.000020
341 0.000002
342 0.002444
343 0.000022
344 0.002451
345 0.000002
346 0.000021
347 0.002439
348 0.000002
349 0.000019
350 0.002436
351 0.000021
352 0.000002
353 0.002394
354 0.000020
355 0.000003
356 0.002351
357 0.000020
358 0.002303
359 0.000003
360 0.000022
361 0.002278
362 0.000019
363 0.000002
364 0.002194
365 0.000021
366 0.000003
367 0.002181
368 0.000024
369 0.002090
370 0.000002
371 0.000023
372 0.002048
373 0.000002
374 0.000023
375 0.001996
376 0.000025
377 0.000002
378 0.001897
379 0.000021
380 0.001857
381 0.000003
382 0.000024
383 0.000024
384 0.000003
385 0.001811
386 0.000022
387 0.001804
388 0.000002
389 0.000025
390 0.001690
391 0.000022
392 0.000002
393 0.001658
394 0.000021
395 0.000004
396 0.001602
397 0.000024
398 0.001554
399 0.000004
400 0.000022
401 0.001539
402 0.000003
403 0.000023
404 0.001478
405 0.000019
406 0.000005
407 0.001465
408 0.000021
409 0.001445
410 0.000004
411 0.000025
412 0.001434
413 0.000003
414 0.000026
415 0.001382
416 0.000023
417 0.000003
418 0.001382
419 0.000023
420 0.000002
421 0.001368
422 0.000025
423 0.001362
424 0.000003
425 0.000024
426 0.001374
427 0.000025
428 0.000002
429 0.001361
430 0.000025
431 0.000005
432 0.001358
433 0.000025
434 0.001369
435 0.000004
436 0.000023
437 0.001361
438 0.000003
439 0.000028
440 0.001359
441 0.000024
442 0.000004
443 0.001350
444 0.000024
445 0.001335
446 0.000002
447 0.000025
448 0.001340
449 0.000003
450 0.000023
451 0.001352
452 0.000025
453 0.000003
454 0.001336
455 0.000026
456 0.000003
457 0.001309
458 0.000023
459 0.001301
460 0.000003
461 0.000023
462 0.001260
463 0.000026
464 0.000002
465 0.001273
466 0.000024
467 0.000004
468 0.001267
469 0.000024
470 0.001283
471 0.000004
472 0.000025
473 0.001283
474 0.000025
475 0.000004
476 0.001296
477 0.000024
478 0.000004
479 0.001280
480 0.000028
481 0.001291
482 0.000003
483 0.000028
484 0.001303
485 0.000003
486 0.000028
487 0.001527
488 0.000091
489 0.000003
490 0.001355
491 0.000082
492 0.001380
493 0.000002
494 0.000077
495 0.001358
496 0.000003
497 0.000106
498 0.001386
499 0.000066
500 0.000013
501 0.001439
502 0.000093
503 0.000003
504 0.001409
505 0.000068
506 0.001275
507 0.000002
508 0.000033
509 0.001188
510 0.000033
511 0.000003
512 0.001296
513 0.000038
514 0.000002
515 0.001327
516 0.000032
517 0.001337
518 0.000003
519 0.000033
520 0.001353
521 0.000005
522 0.000036
523 0.001346
524 0.000034
525 0.000004
526 0.001337
527 0.000033
528 0.001311
529 0.000003
530 0.000036
531 0.001317
532 0.000004
533 0.000037
534 0.001314
535 0.000033
536 0.000004
537 0.001296
538 0.000033
539 0.000003
540 0.001276
541 0.000032
542 0.001298
543 0.000003
544 0.000031
545 0.001346
546 0.000031
547 0.000003
548 0.001352
549 0.000029
550 0.000002
551 0.001418
552 0.000027
553 0.001395
554 0.000002
555 0.000025
556 0.001393
557 0.000024
558 0.000002
559 0.001418
560 0.000023
561 0.000005
562 0.001400
563 0.000025
564 0.001394
565 0.000005
566 0.000024
567 0.001404
568 0.000003
569 0.000026
570 0.001407
571 0.000025
572 0.000005
573 0.001420
574 0.000026
575 0.001446
576 0.000004
577 0.000026
578 0.001457
579 0.000003
580 0.000025
581 0.001462
582 0.000021
583 0.000003
584 0.001500
585 0.000021
586 0.000002
587 0.001535
588 0.000023
589 0.001542
590 0.000003
591 0.000021
592 0.001518
593 0.000022
594 0.000003
595 0.001551
596 0.000022
597 0.000005
598 0.001552
599 0.000020
600 0.001590
601 0.000003
602 0.000019
603 0.001613
604 0.000004
605 0.000027
606 0.001791
607 0.000021
608 0.000004
609 0.001761
610 0.000016
611 0.001851
612 0.000002
613 0.000020
614 0.001998
615 0.000003
616 0.000018
617 0.001840
618 0.000020
619 0.000003
620 0.000008
621 0.000005
622 0.000003
623 0.000004
624 0.002306
625 0.000738
626 0.000002
627 0.005333
628 0.002539
629 0.000588
630 0.000002
631 0.002430
632 0.000524
633 0.000006
634 0.002466
635 0.000587
636 0.002553
637 0.000005
638 0.000514
639 0.002637
640 0.000515
641 0.000005
642 0.002620
643 0.000503
644 0.000005
645 0.002593
646 0.000481
647 0.002586
648 0.000004
649 0.000500
650 0.002530
651 0.000003
652 0.000412
653 0.002500
654 0.000339
655 0.000004
656 0.002327
657 0.000527
658 0.004317
659 0.000002
660 0.000370
661 0.005050
662 0.000001
663 0.000270
