1 0.000003
2 0.000001
3 0.002071
4 0.000006
5 0.000004
6 0.002128
7 0.000006
8 0.002079
9 0.000004
10 0.000006
11 0.002065
12 0.000006
13 0.000003
14 0.002056
15 0.000005
16 0.000002
17 0.002103
18 0.000005
19 0.002160
20 0.000002
21 0.000009
22 0.002150
23 0.000002
24 0.000005
25 0.002202
26 0.000005
27 0.000003
28 0.002127
29 0.000007
30 0.001102
31 0.000002
32 0.000006
33 0.001087
34 0.000002
35 0.000005
36 0.001043
37 0.000008
38 0.000003
39 0.001053
40 0.000005
41 0.000003
42 0.001001
43 0.000005
44 0.001008
45 0.000002
46 0.000007
47 0.000986
48 0.000005
49 0.000003
50 0.001011
51 0.000005
52 0.000002
53 0.001086
54 0.000006
55 0.002220
56 0.000002
57 0.000007
58 0.002160
59 0.000006
60 0.000003
61 0.002253
62 0.000006
63 0.000002
64 0.002220
65 0.000008
66 0.002299
67 0.000002
68 0.000005
69 0.002401
70 0.000002
71 0.000008
72 0.002322
73 0.000009
74 0.000002
75 0.002335
76 0.000006
77 0.002383
78 0.000002
79 0.000008
80 0.002161
81 0.000005
82 0.000007
83 0.001944
84 0.000006
85 0.000003
86 0.001905
87 0.000007
88 0.000003
89 0.001825
90 0.000008
91 0.001723
92 0.000002
93 0.000008
94 0.001732
95 0.000007
96 0.000003
97 0.001556
98 0.000006
99 0.000003
100 0.000740
101 0.000008
102 0.000703
103 0.000003
104 0.000007
105 0.000719
106 0.000002
107 0.000007
108 0.000693
109 0.000008
110 0.000003
111 0.000720
112 0.000006
113 0.000714
114 0.000002
115 0.000007
116 0.000722
117 0.000003
118 0.000007
119 0.000770
120 0.000007
121 0.000003
122 0.001232
123 0.000006
124 0.000003
125 0.001266
126 0.000006
127 0.001110
128 0.000002
129 0.000008
130 0.001038
131 0.000007
132 0.000003
133 0.001101
134 0.000006
135 0.000003
136 0.001119
137 0.000009
138 0.001081
139 0.000003
140 0.000006
141 0.001149
142 0.000005
143 0.000003
144 0.001065
145 0.000011
146 0.000002
147 0.001154
148 0.000006
149 0.001825
150 0.000002
151 0.000008
152 0.001561
153 0.000006
154 0.000011
155 0.001573
156 0.000009
157 0.000005
158 0.001624
159 0.000008
160 0.001718
161 0.000004
162 0.000012
163 0.002133
164 0.000003
165 0.000655
166 0.001537
167 0.000456
168 0.000004
169 0.001779
170 0.000519
171 0.000004
172 0.002153
173 0.000498
174 0.001906
175 0.000003
176 0.000393
177 0.001838
178 0.000258
179 0.000004
180 0.001500
181 0.000403
182 0.000003
183 0.001427
184 0.000421
185 0.001505
186 0.000003
187 0.000231
188 0.001894
189 0.000005
190 0.000385
191 0.001828
192 0.000224
193 0.000006
194 0.001753
195 0.000037
196 0.001619
197 0.000006
198 0.000028
199 0.001540
200 0.000004
201 0.000027
202 0.001451
203 0.000024
204 0.000006
205 0.001412
206 0.000022
207 0.000004
208 0.001371
209 0.000020
210 0.001342
211 0.000004
212 0.000020
213 0.001295
214 0.000015
215 0.000004
216 0.001273
217 0.000016
218 0.000003
219 0.001242
220 0.000017
221 0.001207
222 0.000004
223 0.000027
224 0.001173
225 0.000017
226 0.000004
227 0.001156
228 0.000012
229 0.000006
230 0.001138
231 0.000010
232 0.001095
233 0.000006
234 0.000017
235 0.001077
236 0.000004
237 0.000009
238 0.000005
239 0.002077
240 0.000004
241 0.000487
242 0.000004
243 0.000005
244 0.000004
245 0.000006
246 0.004413
247 0.000003
248 0.003341
249 0.002897
250 0.003687
251 0.000000
252 0.003453
253 0.003640
254 0.000003
255 0.003501
256 0.003452
257 0.000006
258 0.000004
259 0.003181
260 0.003353
261 0.003877
262 0.000004
263 0.002885
264 0.000007
265 0.000003
266 0.002922
267 0.002196
268 0.002428
269 0.000003
270 0.003452
271 0.003712
272 0.000004
273 0.003646
274 0.003504
275 0.001746
276 0.000004
277 0.001286
278 0.001441
279 0.000836
280 0.000004
281 0.001169
282 0.000539
283 0.000004
284 0.000833
285 0.000235
286 0.000432
287 0.000004
288 0.000257
289 0.000526
290 0.000004
291 0.000402
292 0.000658
293 0.000556
294 0.000004
295 0.000777
296 0.000501
297 0.000750
298 0.000004
299 0.000546
300 0.000773
301 0.000007
302 0.000456
303 0.000314
304 0.000049
305 0.000005
306 0.000321
307 0.000049
308 0.000357
309 0.000006
310 0.000052
311 0.000294
312 0.000006
313 0.000045
314 0.000175
315 0.000031
316 0.000004
317 0.000192
318 0.000047
319 0.000008
320 0.000176
321 0.000039
322 0.000005
323 0.000005
324 0.000003
325 0.000007
326 0.000004
327 0.000003
328 0.000003
329 0.000003
330 0.000003
331 0.000338
332 0.000004
333 0.000033
334 0.000003
335 0.000333
336 0.000093
337 0.000003
338 0.000038
339 0.000077
340 0.000037
341 0.000003
342 0.000067
343 0.000006
344 0.000034
345 0.000003
346 0.000095
347 0.000104
348 0.000004
349 0.000038
350 0.000074
351 0.000034
352 0.000004
353 0.000007
354 0.000088
355 0.000008
356 0.000033
357 0.000120
358 0.000072
359 0.000006
360 0.000029
361 0.000070
362 0.000027
363 0.000006
364 0.000066
365 0.000024
366 0.000004
367 0.000051
368 0.000023
369 0.000052
370 0.000004
371 0.000026
372 0.000084
373 0.000005
374 0.000038
375 0.000080
376 0.000040
377 0.000004
378 0.000005
379 0.000075
380 0.000027
381 0.000005
382 0.000104
383 0.000102
384 0.000004
385 0.000044
386 0.000080
387 0.000035
388 0.000004
389 0.000073
390 0.000025
391 0.000056
392 0.000003
393 0.000018
394 0.000006
395 0.000007
396 0.000076
397 0.000027
398 0.000099
399 0.000005
400 0.000064
401 0.000023
402 0.000004
403 0.000062
404 0.000024
405 0.000050
406 0.000004
407 0.000019
408 0.000061
409 0.000019
410 0.000004
411 0.000070
412 0.000020
413 0.000004
414 0.000062
415 0.000020
416 0.000042
417 0.000005
418 0.000012
419 0.000038
420 0.000004
421 0.000011
422 0.000064
423 0.000014
424 0.000004
425 0.000057
426 0.000015
427 0.000058
428 0.000004
429 0.000013
430 0.000062
431 0.000007
432 0.000012
433 0.000055
434 0.000009
435 0.000005
436 0.000058
437 0.000009
438 0.000004
439 0.000082
440 0.000009
441 0.000049
442 0.000003
443 0.000016
444 0.000004
445 0.000054
446 0.000002
447 0.000017
448 0.000069
449 0.000003
450 0.000065
451 0.000016
452 0.000067
453 0.000003
454 0.000004
455 0.000018
456 0.000004
457 0.000071
458 0.000062
459 0.000021
460 0.000003
461 0.000052
462 0.000015
463 0.000042
464 0.000004
465 0.000012
466 0.000068
467 0.000005
468 0.000011
469 0.000005
470 0.000065
471 0.000007
472 0.000012
473 0.000043
474 0.000041
475 0.000005
476 0.000011
477 0.000051
478 0.000003
479 0.000013
480 0.000005
481 0.000054
482 0.000004
483 0.000017
484 0.000077
485 0.000003
486 0.000069
487 0.000007
488 0.000010
489 0.000003
490 0.000048
491 0.000103
492 0.000012
493 0.000004
494 0.000090
495 0.000009
496 0.000003
497 0.000050
498 0.000009
499 0.000048
500 0.000022
501 0.000005
502 0.000004
503 0.000001
504 0.000048
505 0.000014
506 0.000103
507 0.000002
508 0.001116
509 0.000007
510 0.000008
511 0.000002
512 0.001098
513 0.001186
514 0.000003
515 0.000008
516 0.002057
517 0.000009
518 0.000003
519 0.000006
520 0.001677
521 0.000005
522 0.000013
523 0.002149
524 0.001976
525 0.000006
526 0.000013
527 0.002122
528 0.000007
529 0.000005
530 0.000010
531 0.002469
532 0.000004
533 0.002550
534 0.000016
535 0.002582
536 0.000004
537 0.000013
538 0.000005
539 0.000003
540 0.002653
541 0.000013
542 0.002757
543 0.000003
544 0.002753
545 0.000006
546 0.000010
547 0.000002
548 0.002720
549 0.002767
550 0.000004
551 0.000014
552 0.002761
553 0.000006
554 0.000003
555 0.000010
556 0.002584
557 0.002467
558 0.000004
559 0.000014
560 0.002271
561 0.000004
562 0.000004
563 0.000009
564 0.002185
565 0.000005
566 0.002095
567 0.000010
568 0.000004
569 0.002054
570 0.000005
571 0.000010
572 0.000004
573 0.002003
574 0.002018
575 0.000015
576 0.000005
577 0.002626
578 0.000005
579 0.000003
580 0.000632
581 0.002309
582 0.001747
583 0.000004
584 0.000717
585 0.002503
586 0.000004
587 0.000454
588 0.002202
589 0.000252
590 0.000003
591 0.002057
592 0.000214
593 0.002160
594 0.000003
595 0.000005
596 0.000344
597 0.000005
598 0.002045
599 0.002151
600 0.000056
601 0.000003
602 0.001950
603 0.000266
604 0.000005
605 0.001970
606 0.000034
607 0.000006
608 0.000005
609 0.001829
610 0.000021
611 0.001809
612 0.000003
613 0.001746
614 0.000016
615 0.000003
616 0.001704
617 0.000017
618 0.001784
619 0.000004
620 0.000015
621 0.001711
622 0.000003
623 0.000006
624 0.000014
625 0.001698
626 0.000003
627 0.001668
628 0.000012
629 0.001626
630 0.000004
631 0.000011
632 0.001581
633 0.000006
634 0.000014
635 0.001555
636 0.000008
637 0.000006
638 0.000010
639 0.001519
640 0.001523
641 0.000008
642 0.000014
643 0.001484
644 0.000005
645 0.000014
646 0.001453
647 0.000011
648 0.000005
649 0.001465
650 0.000016
651 0.000005
652 0.001444
653 0.000016
654 0.001443
655 0.000003
656 0.000012
657 0.000011
658 0.001395
659 0.000003
660 0.000011
661 0.000006
662 0.000003
663 0.002186
