1 0.003217
2 0.000003
3 0.000601
4 0.002803
5 0.000003
6 0.000116
7 0.001773
8 0.000705
9 0.000005
10 0.000006
11 0.002197
12 0.000842
13 0.000003
14 0.002861
15 0.002391
16 0.000003
17 0.000416
18 0.002693
19 0.000004
20 0.000004
21 0.000333
22 0.003067
23 0.000003
24 0.003293
25 0.000160
26 0.003512
27 0.000003
28 0.000283
29 0.003706
30 0.000005
31 0.000003
32 0.000330
33 0.003178
34 0.000004
35 0.003345
36 0.000254
37 0.003382
38 0.000004
39 0.000223
40 0.003258
41 0.000005
42 0.000005
43 0.000147
44 0.003492
45 0.000003
46 0.003641
47 0.000182
48 0.003681
49 0.000003
50 0.000204
51 0.003732
52 0.000004
53 0.000143
54 0.003822
55 0.000040
56 0.000003
57 0.003832
58 0.000038
59 0.003880
60 0.000003
61 0.000031
62 0.000005
63 0.000002
64 0.003816
65 0.000028
66 0.000006
67 0.000002
68 0.003613
69 0.003353
70 0.000003
71 0.003252
72 0.000027
73 0.003137
74 0.000003
75 0.000022
76 0.003003
77 0.000024
78 0.000002
79 0.000005
80 0.000005
81 0.000003
82 0.003002
83 0.000025
84 0.005448
85 0.000004
86 0.000028
87 0.002797
88 0.000004
89 0.000032
90 0.002747
91 0.000037
92 0.000004
93 0.002661
94 0.000044
95 0.002607
96 0.000004
97 0.000040
98 0.002507
99 0.000004
100 0.000036
101 0.002435
102 0.000036
103 0.000003
104 0.002364
105 0.000031
106 0.000003
107 0.002242
108 0.000029
109 0.002200
110 0.000004
111 0.000031
112 0.002099
113 0.000027
114 0.000004
115 0.002044
116 0.000023
117 0.000004
118 0.001963
119 0.000023
120 0.001877
121 0.000004
122 0.000019
123 0.001802
124 0.000004
125 0.000023
126 0.001765
127 0.000020
128 0.000004
129 0.001622
130 0.000018
131 0.001546
132 0.000004
133 0.000018
134 0.001482
135 0.000004
136 0.000022
137 0.001381
138 0.000018
139 0.000004
140 0.001280
141 0.000021
142 0.001239
143 0.000004
144 0.000023
145 0.001127
146 0.000004
147 0.000020
148 0.001010
149 0.000019
150 0.000003
151 0.000965
152 0.000023
153 0.000009
154 0.000871
155 0.000017
156 0.000875
157 0.000008
158 0.000020
159 0.000782
160 0.000023
161 0.000006
162 0.000780
163 0.000018
164 0.000006
165 0.000668
166 0.000020
167 0.000714
168 0.000005
169 0.000021
170 0.000717
171 0.000003
172 0.000018
173 0.000632
174 0.000018
175 0.000005
176 0.000608
177 0.000021
178 0.000505
179 0.000004
180 0.000021
181 0.000441
182 0.000007
183 0.000020
184 0.000423
185 0.000025
186 0.000006
187 0.000007
188 0.000459
189 0.000008
190 0.000026
191 0.000436
192 0.000423
193 0.000007
194 0.000025
195 0.000393
196 0.000025
197 0.000013
198 0.000330
199 0.000025
200 0.000005
201 0.000013
202 0.000256
203 0.000028
204 0.000006
205 0.000277
206 0.000266
207 0.000006
208 0.000025
209 0.000259
210 0.000007
211 0.000004
212 0.000025
213 0.000266
214 0.000274
215 0.000005
216 0.000027
217 0.000215
218 0.000006
219 0.000028
220 0.000190
221 0.000030
222 0.000004
223 0.000162
224 0.000007
225 0.000029
226 0.000005
227 0.000151
228 0.000152
229 0.000006
230 0.000025
231 0.000106
232 0.000021
233 0.000005
234 0.000006
235 0.000097
236 0.000003
237 0.000025
238 0.000107
239 0.000083
240 0.000003
241 0.000024
242 0.000077
243 0.000022
244 0.000003
245 0.000075
246 0.000018
247 0.000004
248 0.000063
249 0.000015
250 0.000170
251 0.000000
252 0.000015
253 0.000551
254 0.000002
255 0.000006
256 0.000020
257 0.001425
258 0.000006
259 0.001542
260 0.000020
261 0.000017
262 0.000005
263 0.001571
264 0.000005
265 0.000003
266 0.000016
267 0.001587
268 0.001592
269 0.000003
270 0.000005
271 0.000016
272 0.000003
273 0.001598
274 0.001600
275 0.000006
276 0.000003
277 0.000018
278 0.001600
279 0.001600
280 0.000004
281 0.000022
282 0.001622
283 0.000005
284 0.000019
285 0.001605
286 0.000021
287 0.000010
288 0.001594
289 0.000017
290 0.000005
291 0.001600
292 0.000018
293 0.001578
294 0.000004
295 0.000026
296 0.001403
297 0.000018
298 0.000006
299 0.001350
300 0.000023
301 0.000006
302 0.001302
303 0.000029
304 0.001250
305 0.000005
306 0.000021
307 0.001221
308 0.000019
309 0.000007
310 0.001192
311 0.000026
312 0.000005
313 0.001176
314 0.000022
315 0.001124
316 0.000006
317 0.000022
318 0.001081
319 0.000011
320 0.000023
321 0.001062
322 0.000021
323 0.000009
324 0.000990
325 0.000021
326 0.000962
327 0.000007
328 0.000023
329 0.000897
330 0.000006
331 0.000028
332 0.000907
333 0.000019
334 0.000005
335 0.000879
336 0.000021
337 0.000006
338 0.000878
339 0.000023
340 0.000885
341 0.000004
342 0.000019
343 0.001064
344 0.000024
345 0.000004
346 0.001139
347 0.000021
348 0.000004
349 0.001411
350 0.000017
351 0.001703
352 0.000004
353 0.000023
354 0.001955
355 0.000005
356 0.000017
357 0.002223
358 0.000017
359 0.000005
360 0.002502
361 0.000020
362 0.002824
363 0.000004
364 0.000015
365 0.003137
366 0.000003
367 0.000014
368 0.000005
369 0.003432
370 0.000004
371 0.000016
372 0.003670
373 0.000003
374 0.003839
375 0.000015
376 0.004079
377 0.000004
378 0.000019
379 0.004318
380 0.000015
381 0.000003
382 0.000005
383 0.004522
384 0.000003
385 0.000016
386 0.004680
387 0.004826
388 0.000003
389 0.000015
390 0.005053
391 0.000014
392 0.000003
393 0.005356
394 0.000117
395 0.000004
396 0.005238
397 0.000039
398 0.005087
399 0.000004
400 0.000173
401 0.005376
402 0.000003
403 0.000006
404 0.000115
405 0.005363
406 0.000003
407 0.005211
408 0.000088
409 0.004985
410 0.000003
411 0.000095
412 0.004879
413 0.000002
414 0.000084
415 0.004820
416 0.000037
417 0.000003
418 0.004714
419 0.000092
420 0.000002
421 0.004548
422 0.000025
423 0.004390
424 0.000002
425 0.000021
426 0.000005
427 0.004514
428 0.000003
429 0.000107
430 0.002461
431 0.000004
432 0.002706
433 0.000443
434 0.002762
435 0.000003
436 0.000573
437 0.002886
438 0.000003
439 0.000603
440 0.002928
441 0.000446
442 0.000003
443 0.002759
444 0.000264
445 0.002630
446 0.000002
447 0.000295
448 0.002604
449 0.000003
450 0.000258
451 0.002528
452 0.000377
453 0.000003
454 0.002540
455 0.000530
456 0.000003
457 0.002704
458 0.000579
459 0.002551
460 0.000003
461 0.000549
462 0.002375
463 0.000482
464 0.000003
465 0.002361
466 0.000357
467 0.000004
468 0.002087
469 0.000184
470 0.002092
471 0.000005
472 0.000152
473 0.002096
474 0.000165
475 0.000003
476 0.002127
477 0.000193
478 0.000004
479 0.002144
480 0.000217
481 0.002140
482 0.000003
483 0.000194
484 0.002032
485 0.000003
486 0.000158
487 0.001981
488 0.000107
489 0.000004
490 0.001957
491 0.000058
492 0.001930
493 0.000003
494 0.000033
495 0.001874
496 0.000003
497 0.000057
498 0.001855
499 0.000055
500 0.000015
501 0.001853
502 0.000053
503 0.000003
504 0.001824
505 0.000094
506 0.001810
507 0.000003
508 0.000122
509 0.001794
510 0.000140
511 0.000004
512 0.001671
513 0.000153
514 0.000003
515 0.001528
516 0.000145
517 0.001440
518 0.000003
519 0.000125
520 0.001318
521 0.000008
522 0.000011
523 0.001243
524 0.000008
525 0.000005
526 0.001185
527 0.000007
528 0.001123
529 0.000004
530 0.000010
531 0.001066
532 0.000004
533 0.000012
534 0.001012
535 0.000006
536 0.000004
537 0.000962
538 0.000007
539 0.000004
540 0.000907
541 0.000010
542 0.000859
543 0.000003
544 0.000006
545 0.000810
546 0.000011
547 0.000005
548 0.000773
549 0.000010
550 0.000004
551 0.000725
552 0.000008
553 0.000691
554 0.000003
555 0.000011
556 0.000700
557 0.000010
558 0.000003
559 0.001190
560 0.000007
561 0.000008
562 0.001186
563 0.000012
564 0.001179
565 0.000008
566 0.000008
567 0.001153
568 0.000004
569 0.000011
570 0.001142
571 0.000008
572 0.000006
573 0.001149
574 0.000008
575 0.001106
576 0.000005
577 0.000011
578 0.001067
579 0.000004
580 0.000011
581 0.001024
582 0.000008
583 0.000005
584 0.000956
585 0.000012
586 0.000004
587 0.000868
588 0.000010
589 0.000768
590 0.000004
591 0.000009
592 0.000767
593 0.000012
594 0.000005
595 0.000754
596 0.000016
597 0.000009
598 0.000872
599 0.000010
600 0.000857
601 0.000007
602 0.000011
603 0.000827
604 0.000006
605 0.000013
606 0.000812
607 0.000010
608 0.000006
609 0.000824
610 0.000007
611 0.000794
612 0.000004
613 0.000009
614 0.001041
615 0.000004
616 0.000008
617 0.001138
618 0.000007
619 0.000004
620 0.001178
621 0.000008
622 0.000003
623 0.001156
624 0.000009
625 0.001021
626 0.000003
627 0.000008
628 0.001021
629 0.000009
630 0.000003
631 0.001050
632 0.000008
633 0.000007
634 0.001105
635 0.000008
636 0.001176
637 0.000007
638 0.000005
639 0.001384
640 0.000009
641 0.000005
642 0.001533
643 0.000005
644 0.000005
645 0.001604
646 0.000006
647 0.001663
648 0.000004
649 0.000011
650 0.001721
651 0.000003
652 0.000006
653 0.001781
654 0.000005
655 0.000003
656 0.001842
657 0.000010
658 0.001903
659 0.000003
660 0.000006
661 0.001956
662 0.000002
663 0.000005
