0 0.361342
1 0.000001
2 0.000004
3 0.000004
4 0.000004
5 0.000004
6 0.000004
7 0.000004
8 0.000005
9 0.000013
10 0.000013
11 0.000013
12 0.000013
13 0.000013
14 0.000013
15 0.000014
16 0.000021
17 0.000022
18 0.000021
19 0.000021
20 0.000021
21 0.000022
22 0.000023
23 0.000030
24 0.000030
25 0.000030
26 0.000030
27 0.000030
28 0.000030
29 0.000033
30 0.000039
31 0.000038
32 0.000038
33 0.000038
34 0.000038
35 0.000038
36 0.000042
37 0.000047
38 0.000047
39 0.000047
40 0.000047
41 0.000047
42 0.000047
43 0.000051
44 0.000055
45 0.000055
46 0.000055
47 0.000055
48 0.000055
49 0.000055
50 0.000060
51 0.000063
52 0.000063
53 0.000063
54 0.000063
55 0.000063
56 0.000063
57 0.000069
58 0.000071
59 0.000071
60 0.000071
61 0.000071
62 0.000071
63 0.000071
64 0.000077
65 0.000079
66 0.000079
67 0.000079
68 0.000079
69 0.000079
70 0.000079
71 0.000086
72 0.000087
73 0.000087
74 0.000087
75 0.000087
76 0.000087
77 0.000087
78 0.000095
79 0.000095
80 0.000095
81 0.000095
82 0.000095
83 0.000095
84 0.000095
85 0.000103
86 0.000103
87 0.000103
88 0.000103
89 0.000103
90 0.000103
91 0.000104
92 0.000111
93 0.000111
94 0.000111
95 0.000111
96 0.000111
97 0.000111
98 0.000112
99 0.000119
100 0.000119
101 0.000119
102 0.000119
103 0.000119
104 0.000119
105 0.000120
106 0.000126
107 0.000126
108 0.000126
109 0.000126
110 0.000126
111 0.000126
112 0.000129
113 0.000134
114 0.000134
115 0.000134
116 0.000134
117 0.000134
118 0.000134
119 0.000137
120 0.000141
121 0.000141
122 0.000141
123 0.000141
124 0.000141
125 0.000141
126 0.000145
127 0.000149
128 0.000149
129 0.000149
130 0.000149
131 0.000149
132 0.000149
133 0.000153
134 0.000156
135 0.000156
136 0.000156
137 0.000156
138 0.000156
139 0.000156
140 0.000161
141 0.000163
142 0.000163
143 0.000163
144 0.000163
145 0.000163
146 0.000163
147 0.000169
148 0.000171
149 0.000171
150 0.000171
151 0.000171
152 0.000171
153 0.000171
154 0.000177
155 0.000178
156 0.000178
157 0.000178
158 0.000178
159 0.000178
160 0.000178
161 0.000184
162 0.000185
163 0.000185
164 0.000185
165 0.000185
166 0.000185
167 0.000185
168 0.000192
169 0.000192
170 0.000192
171 0.000192
172 0.000192
173 0.000192
174 0.000192
175 0.000199
176 0.000199
177 0.000199
178 0.000199
179 0.000199
180 0.000199
181 0.000200
182 0.000206
183 0.000206
184 0.000206
185 0.000206
186 0.000206
187 0.000206
188 0.000207
189 0.000213
190 0.000212
191 0.000213
192 0.000212
193 0.000212
194 0.000212
195 0.000215
196 0.000219
197 0.000219
198 0.000219
199 0.000219
200 0.000219
201 0.000219
202 0.000222
203 0.000226
204 0.000226
205 0.000226
206 0.000226
207 0.000226
208 0.000226
209 0.000229
210 0.000232
211 0.000232
212 0.000232
213 0.000232
214 0.000232
215 0.000232
216 0.000236
217 0.000239
218 0.000239
219 0.000239
220 0.000239
221 0.000239
222 0.000239
223 0.000243
224 0.000245
225 0.000245
226 0.000245
227 0.000245
228 0.000245
229 0.000245
230 0.000250
231 0.000252
232 0.000252
233 0.000252
234 0.000252
235 0.000252
236 0.000252
237 0.000257
238 0.000258
239 0.000258
240 0.000258
241 0.000258
242 0.000258
243 0.000258
244 0.000263
245 0.000264
246 0.000264
247 0.000264
248 0.000264
249 0.000264
250 0.000264
251 0.000270
252 0.000270
253 0.000270
254 0.000270
255 0.000270
256 0.000270
257 0.000271
258 0.000276
259 0.000276
260 0.000276
261 0.000276
262 0.000276
263 0.000276
264 0.000277
265 0.000282
266 0.000282
267 0.000282
268 0.000282
269 0.000282
270 0.000282
271 0.000283
272 0.000288
273 0.000288
274 0.000288
275 0.000288
276 0.000288
277 0.000288
278 0.000290
279 0.000294
280 0.000294
281 0.000294
282 0.000294
283 0.000294
284 0.000294
285 0.000296
286 0.000299
287 0.000299
288 0.000299
289 0.000299
290 0.000299
291 0.000299
292 0.000302
293 0.000305
294 0.000305
295 0.000305
296 0.000305
297 0.000305
298 0.000305
299 0.000308
300 0.000311
301 0.000311
302 0.000310
303 0.000310
304 0.000310
305 0.000311
306 0.000314
307 0.000316
308 0.000316
309 0.000316
310 0.000316
311 0.000316
312 0.000316
313 0.000320
314 0.000321
315 0.000321
316 0.000321
317 0.000321
318 0.000321
319 0.000321
320 0.000326
321 0.000327
322 0.000327
323 0.000327
324 0.000327
325 0.000327
326 0.000327
327 0.000332
328 0.000332
329 0.000332
330 0.000332
331 0.000332
