0 0.361342
1 0.000001
2 0.000024
3 0.000024
4 0.000025
5 0.000025
6 0.000024
7 0.000024
8 0.000025
9 0.000025
10 0.000025
11 0.000025
12 0.000025
13 0.000024
14 0.000025
15 0.000025
16 0.000025
17 0.000025
18 0.000025
19 0.000024
20 0.000024
21 0.000025
22 0.000024
23 0.000024
24 0.000025
25 0.000024
26 0.000024
27 0.000024
28 0.000024
29 0.000037
30 0.000061
31 0.000061
32 0.000061
33 0.000061
34 0.000061
35 0.000061
36 0.000061
37 0.000061
38 0.000061
39 0.000061
40 0.000061
41 0.000061
42 0.000061
43 0.000070
44 0.000078
45 0.000078
46 0.000078
47 0.000078
48 0.000078
49 0.000078
50 0.000085
51 0.000090
52 0.000090
53 0.000090
54 0.000090
55 0.000090
56 0.000090
57 0.000098
58 0.000102
59 0.000102
60 0.000102
61 0.000102
62 0.000102
63 0.000102
64 0.000110
65 0.000113
66 0.000113
67 0.000113
68 0.000113
69 0.000113
70 0.000113
71 0.000123
72 0.000125
73 0.000124
74 0.000124
75 0.000124
76 0.000124
77 0.000124
78 0.000135
79 0.000136
80 0.000136
81 0.000136
82 0.000136
83 0.000136
84 0.000136
85 0.000147
86 0.000147
87 0.000147
88 0.000147
89 0.000147
90 0.000147
91 0.000148
92 0.000158
93 0.000158
94 0.000158
95 0.000158
96 0.000158
97 0.000158
98 0.000160
99 0.000169
100 0.000169
101 0.000169
102 0.000169
103 0.000169
104 0.000169
105 0.000172
106 0.000180
107 0.000180
108 0.000180
109 0.000180
110 0.000180
111 0.000180
112 0.000183
113 0.000190
114 0.000190
115 0.000190
116 0.000190
117 0.000190
118 0.000190
119 0.000195
120 0.000201
121 0.000201
122 0.000201
123 0.000201
124 0.000201
125 0.000201
126 0.000206
127 0.000211
128 0.000212
129 0.000211
130 0.000212
131 0.000211
132 0.000211
133 0.000218
134 0.000222
135 0.000222
136 0.000222
137 0.000222
138 0.000222
139 0.000222
140 0.000229
141 0.000232
142 0.000232
143 0.000232
144 0.000232
145 0.000232
146 0.000232
147 0.000240
148 0.000242
149 0.000242
150 0.000242
151 0.000242
152 0.000242
153 0.000242
154 0.000251
155 0.000252
156 0.000252
157 0.000252
158 0.000252
159 0.000252
160 0.000252
161 0.000262
162 0.000262
163 0.000262
164 0.000262
165 0.000262
166 0.000262
167 0.000262
168 0.000272
169 0.000272
170 0.000272
171 0.000272
172 0.000272
173 0.000272
174 0.000273
175 0.000282
176 0.000282
177 0.000282
178 0.000282
179 0.000282
180 0.000282
181 0.000283
182 0.000292
183 0.000292
184 0.000292
185 0.000291
186 0.000291
187 0.000291
188 0.000294
189 0.000301
190 0.000301
191 0.000301
192 0.000301
193 0.000301
194 0.000301
195 0.000304
196 0.000310
197 0.000310
198 0.000310
199 0.000310
200 0.000310
201 0.000310
202 0.000314
203 0.000320
204 0.000320
205 0.000320
206 0.000320
207 0.000320
208 0.000320
209 0.000324
210 0.000329
211 0.000329
212 0.000329
213 0.000329
214 0.000329
215 0.000329
216 0.000334
217 0.000338
218 0.000338
219 0.000338
220 0.000338
221 0.000338
222 0.000338
223 0.000344
224 0.000347
225 0.000347
226 0.000347
227 0.000347
228 0.000347
229 0.000347
230 0.000354
231 0.000355
232 0.000356
233 0.000356
234 0.000355
235 0.000356
236 0.000355
237 0.000363
238 0.000365
239 0.000364
240 0.000365
241 0.000364
242 0.000364
243 0.000364
244 0.000372
245 0.000373
246 0.000373
247 0.000373
248 0.000373
249 0.000373
250 0.000373
251 0.000382
252 0.000382
253 0.000382
254 0.000382
255 0.000382
256 0.000382
257 0.000382
258 0.000390
259 0.000390
260 0.000390
261 0.000390
262 0.000390
263 0.000390
264 0.000391
265 0.000398
266 0.000398
267 0.000398
268 0.000398
269 0.000398
270 0.000398
271 0.000400
272 0.000407
273 0.000407
274 0.000407
275 0.000407
276 0.000407
277 0.000406
278 0.000409
279 0.000415
280 0.000415
281 0.000415
282 0.000414
283 0.000415
284 0.000415
285 0.000418
286 0.000423
287 0.000423
288 0.000423
289 0.000423
290 0.000423
291 0.000423
292 0.000427
293 0.000430
294 0.000430
295 0.000431
296 0.000430
297 0.000430
298 0.000430
299 0.000435
300 0.000438
301 0.000438
302 0.000438
303 0.000438
304 0.000438
305 0.000438
306 0.000443
307 0.000446
308 0.000446
309 0.000446
310 0.000446
311 0.000446
312 0.000446
313 0.000452
314 0.000454
315 0.000454
316 0.000453
317 0.000454
318 0.000453
319 0.000453
320 0.000460
321 0.000461
322 0.000461
323 0.000461
324 0.000461
325 0.000461
326 0.000461
327 0.000468
328 0.000468
329 0.000468
330 0.000468
331 0.000468
