0 0.361342
1 0.000001
2 0.000013
3 0.000013
4 0.000031
5 0.000039
6 0.000049
7 0.000064
8 0.000066
9 0.000090
10 0.000090
11 0.000110
12 0.000115
13 0.000127
14 0.000140
15 0.000144
16 0.000165
17 0.000165
18 0.000186
19 0.000190
20 0.000203
21 0.000214
22 0.000220
23 0.000238
24 0.000238
25 0.000261
26 0.000262
27 0.000277
28 0.000286
29 0.000294
30 0.000309
31 0.000310
32 0.000333
33 0.000333
34 0.000349
35 0.000356
36 0.000366
37 0.000379
38 0.000381
39 0.000402
40 0.000402
41 0.000420
42 0.000424
43 0.000435
44 0.000446
45 0.000451
46 0.000468
47 0.000469
48 0.000488
49 0.000490
50 0.000503
51 0.000512
52 0.000518
53 0.000533
54 0.000533
55 0.000554
56 0.000555
57 0.000569
58 0.000576
59 0.000583
60 0.000596
61 0.000598
62 0.000617
63 0.000617
64 0.000632
65 0.000637
66 0.000646
67 0.000657
68 0.000660
69 0.000677
70 0.000677
71 0.000694
72 0.000697
73 0.000707
74 0.000716
75 0.000721
76 0.000736
77 0.000736
78 0.000753
79 0.000755
80 0.000766
81 0.000773
82 0.000779
83 0.000792
84 0.000792
85 0.000810
86 0.000810
87 0.000823
88 0.000828
89 0.000835
90 0.000846
91 0.000847
92 0.000864
93 0.000863
94 0.000877
95 0.000881
96 0.000889
97 0.000898
98 0.000901
99 0.000915
100 0.000915
101 0.000929
102 0.000931
103 0.000941
104 0.000948
105 0.000952
106 0.000964
107 0.000964
108 0.000979
109 0.000980
110 0.000990
111 0.000996
112 0.001001
113 0.001011
114 0.001011
115 0.001026
116 0.001026
117 0.001037
118 0.001041
119 0.001047
120 0.001056
121 0.001058
122 0.001071
123 0.001071
124 0.001082
125 0.001085
126 0.001092
127 0.001099
128 0.001102
129 0.001113
130 0.001113
131 0.001126
132 0.001127
133 0.001135
134 0.001140
135 0.001144
136 0.001154
137 0.001154
138 0.001167
139 0.001167
140 0.001175
141 0.001180
142 0.001184
143 0.001192
144 0.001193
145 0.001205
146 0.001204
147 0.001214
148 0.001216
149 0.001222
150 0.001228
151 0.001230
152 0.001240
153 0.001240
154 0.001249
155 0.001251
156 0.001257
157 0.001262
158 0.001264
159 0.001273
160 0.001273
161 0.001283
162 0.001283
163 0.001290
164 0.001294
165 0.001297
166 0.001304
167 0.001304
168 0.001314
169 0.001314
170 0.001321
171 0.001323
172 0.001327
173 0.001333
174 0.001333
175 0.001342
176 0.001342
177 0.001349
178 0.001351
179 0.001355
180 0.001360
181 0.001361
182 0.001369
183 0.001368
184 0.001376
185 0.001377
186 0.001381
187 0.001385
188 0.001387
189 0.001393
190 0.001393
191 0.001401
192 0.001401
193 0.001406
194 0.001408
195 0.001411
196 0.001416
197 0.001416
198 0.001423
199 0.001423
200 0.001428
201 0.001430
202 0.001433
203 0.001437
204 0.001437
205 0.001444
206 0.001443
207 0.001449
208 0.001450
209 0.001453
210 0.001456
211 0.001457
212 0.001462
213 0.001462
214 0.001467
215 0.001468
216 0.001471
217 0.001473
218 0.001475
219 0.001479
220 0.001478
221 0.001484
222 0.001484
223 0.001487
224 0.001489
225 0.001490
226 0.001494
227 0.001494
228 0.001498
229 0.001498
230 0.001502
231 0.001503
232 0.001505
233 0.001507
234 0.001507
235 0.001511
236 0.001511
237 0.001514
238 0.001515
239 0.001517
240 0.001519
241 0.001519
242 0.001523
243 0.001522
244 0.001526
245 0.001526
246 0.001528
247 0.001529
248 0.001530
249 0.001533
250 0.001533
251 0.001536
252 0.001536
253 0.001538
254 0.001539
255 0.001540
256 0.001541
257 0.001541
258 0.001544
259 0.001544
260 0.001546
261 0.001546
262 0.001547
263 0.001548
264 0.001549
265 0.001550
266 0.001551
267 0.001552
268 0.001553
269 0.001553
270 0.001554
271 0.001555
272 0.001556
273 0.001556
274 0.001557
275 0.001558
276 0.001559
277 0.001559
278 0.001559
279 0.001560
280 0.001560
281 0.001561
282 0.001561
283 0.001562
284 0.001562
285 0.001563
286 0.001563
287 0.001563
288 0.001564
289 0.001564
290 0.001564
291 0.001564
292 0.001564
293 0.001565
294 0.001565
295 0.001565
296 0.001565
297 0.001565
298 0.001565
299 0.001565
300 0.001564
301 0.001564
302 0.001564
303 0.001564
304 0.001563
305 0.001564
306 0.001563
307 0.001563
308 0.001562
309 0.001562
310 0.001562
311 0.001561
312 0.001561
313 0.001560
314 0.001560
315 0.001559
316 0.001558
317 0.001558
318 0.001556
319 0.001557
320 0.001555
321 0.001555
322 0.001554
323 0.001553
324 0.001553
325 0.001551
326 0.001551
327 0.001549
328 0.001549
329 0.001548
330 0.001547
331 0.001546
