0 0.361342
1 0.000001
2 0.000068
3 0.000068
4 0.000068
5 0.000068
6 0.000068
7 0.000068
8 0.000068
9 0.000068
10 0.000068
11 0.000068
12 0.000068
13 0.000068
14 0.000068
15 0.000068
16 0.000069
17 0.000068
18 0.000068
19 0.000068
20 0.000068
21 0.000068
22 0.000068
23 0.000068
24 0.000068
25 0.000068
26 0.000068
27 0.000068
28 0.000068
29 0.000068
30 0.000068
31 0.000068
32 0.000068
33 0.000068
34 0.000068
35 0.000068
36 0.000105
37 0.000158
38 0.000158
39 0.000158
40 0.000158
41 0.000158
42 0.000158
43 0.000158
44 0.000158
45 0.000158
46 0.000158
47 0.000158
48 0.000158
49 0.000158
50 0.000188
51 0.000209
52 0.000209
53 0.000209
54 0.000209
55 0.000209
56 0.000209
57 0.000209
58 0.000209
59 0.000209
60 0.000209
61 0.000209
62 0.000210
63 0.000210
64 0.000238
65 0.000247
66 0.000247
67 0.000247
68 0.000248
69 0.000247
70 0.000247
71 0.000269
72 0.000274
73 0.000274
74 0.000274
75 0.000274
76 0.000274
77 0.000274
78 0.000296
79 0.000299
80 0.000299
81 0.000299
82 0.000299
83 0.000299
84 0.000299
85 0.000323
86 0.000323
87 0.000323
88 0.000324
89 0.000324
90 0.000323
91 0.000326
92 0.000348
93 0.000348
94 0.000348
95 0.000348
96 0.000348
97 0.000348
98 0.000353
99 0.000374
100 0.000374
101 0.000374
102 0.000374
103 0.000374
104 0.000374
105 0.000380
106 0.000398
107 0.000398
108 0.000398
109 0.000399
110 0.000399
111 0.000399
112 0.000407
113 0.000423
114 0.000423
115 0.000423
116 0.000423
117 0.000424
118 0.000423
119 0.000434
120 0.000448
121 0.000448
122 0.000449
123 0.000449
124 0.000449
125 0.000449
126 0.000461
127 0.000473
128 0.000473
129 0.000473
130 0.000473
131 0.000473
132 0.000473
133 0.000487
134 0.000497
135 0.000497
136 0.000497
137 0.000497
138 0.000498
139 0.000498
140 0.000514
141 0.000522
142 0.000522
143 0.000522
144 0.000523
145 0.000523
146 0.000523
147 0.000541
148 0.000546
149 0.000547
150 0.000547
151 0.000547
152 0.000547
153 0.000548
154 0.000566
155 0.000571
156 0.000571
157 0.000571
158 0.000571
159 0.000571
160 0.000571
161 0.000593
162 0.000595
163 0.000596
164 0.000595
165 0.000596
166 0.000596
167 0.000596
168 0.000619
169 0.000619
170 0.000620
171 0.000620
172 0.000620
173 0.000620
174 0.000622
175 0.000643
176 0.000644
177 0.000644
178 0.000644
179 0.000645
180 0.000645
181 0.000649
182 0.000667
183 0.000668
184 0.000667
185 0.000668
186 0.000668
187 0.000669
188 0.000675
189 0.000692
190 0.000692
191 0.000692
192 0.000693
193 0.000693
194 0.000693
195 0.000701
196 0.000715
197 0.000716
198 0.000716
199 0.000716
200 0.000716
201 0.000717
202 0.000726
203 0.000739
204 0.000740
205 0.000740
206 0.000740
207 0.000740
208 0.000741
209 0.000751
210 0.000762
211 0.000763
212 0.000763
213 0.000763
214 0.000764
215 0.000764
216 0.000777
217 0.000786
218 0.000786
219 0.000786
220 0.000786
221 0.000787
222 0.000787
223 0.000801
224 0.000808
225 0.000808
226 0.000809
227 0.000809
228 0.000809
229 0.000809
230 0.000826
231 0.000831
232 0.000831
233 0.000831
234 0.000832
235 0.000831
236 0.000831
237 0.000849
238 0.000852
239 0.000852
240 0.000853
241 0.000852
242 0.000852
243 0.000853
244 0.000872
245 0.000874
246 0.000874
247 0.000873
248 0.000873
249 0.000873
250 0.000873
251 0.000894
252 0.000893
253 0.000893
254 0.000893
255 0.000893
256 0.000893
257 0.000894
258 0.000913
259 0.000913
260 0.000912
261 0.000912
262 0.000912
263 0.000912
264 0.000915
265 0.000931
266 0.000930
267 0.000930
268 0.000930
269 0.000930
270 0.000929
271 0.000934
272 0.000948
273 0.000948
274 0.000948
275 0.000947
276 0.000947
277 0.000946
278 0.000952
279 0.000964
280 0.000964
281 0.000964
282 0.000963
283 0.000962
284 0.000962
285 0.000970
286 0.000981
287 0.000980
288 0.000980
289 0.000980
290 0.000980
291 0.000979
292 0.000988
293 0.000997
294 0.000997
295 0.000997
296 0.000996
297 0.000996
298 0.000995
299 0.001005
300 0.001012
301 0.001012
302 0.001011
303 0.001010
304 0.001009
305 0.001009
306 0.001020
307 0.001026
308 0.001025
309 0.001025
310 0.001024
311 0.001024
312 0.001024
313 0.001037
314 0.001041
315 0.001040
316 0.001040
317 0.001040
318 0.001039
319 0.001039
320 0.001053
321 0.001056
322 0.001055
323 0.001055
324 0.001054
325 0.001053
326 0.001053
327 0.001068
328 0.001069
329 0.001068
330 0.001065
331 0.001065
