0 0.361342
1 0.000001
2 0.000026
3 0.000026
4 0.000026
5 0.000026
6 0.000026
7 0.000026
8 0.000026
9 0.000026
10 0.000026
11 0.000026
12 0.000026
13 0.000026
14 0.000026
15 0.000026
16 0.000026
17 0.000026
18 0.000026
19 0.000026
20 0.000026
21 0.000026
22 0.000026
23 0.000026
24 0.000026
25 0.000025
26 0.000026
27 0.000026
28 0.000026
29 0.000038
30 0.000063
31 0.000063
32 0.000063
33 0.000063
34 0.000063
35 0.000063
36 0.000063
37 0.000063
38 0.000063
39 0.000063
40 0.000063
41 0.000063
42 0.000063
43 0.000073
44 0.000083
45 0.000083
46 0.000083
47 0.000083
48 0.000083
49 0.000083
50 0.000083
51 0.000083
52 0.000083
53 0.000085
54 0.000098
55 0.000098
56 0.000098
57 0.000098
58 0.000098
59 0.000098
60 0.000100
61 0.000109
62 0.000109
63 0.000109
64 0.000109
65 0.000109
66 0.000109
67 0.000112
68 0.000120
69 0.000120
70 0.000120
71 0.000120
72 0.000120
73 0.000120
74 0.000124
75 0.000131
76 0.000131
77 0.000131
78 0.000131
79 0.000131
80 0.000131
81 0.000136
82 0.000141
83 0.000141
84 0.000141
85 0.000141
86 0.000141
87 0.000141
88 0.000147
89 0.000152
90 0.000152
91 0.000152
92 0.000151
93 0.000151
94 0.000151
95 0.000158
96 0.000162
97 0.000162
98 0.000162
99 0.000161
100 0.000162
101 0.000162
102 0.000169
103 0.000171
104 0.000171
105 0.000171
106 0.000171
107 0.000171
108 0.000171
109 0.000177
110 0.000179
111 0.000179
112 0.000180
113 0.000183
114 0.000183
115 0.000183
116 0.000187
117 0.000188
118 0.000188
119 0.000190
120 0.000193
121 0.000193
122 0.000193
123 0.000197
124 0.000197
125 0.000197
126 0.000200
127 0.000202
128 0.000202
129 0.000202
130 0.000206
131 0.000206
132 0.000206
133 0.000209
134 0.000210
135 0.000210
136 0.000211
137 0.000215
138 0.000215
139 0.000215
140 0.000218
141 0.000219
142 0.000219
143 0.000220
144 0.000223
145 0.000223
146 0.000224
147 0.000226
148 0.000228
149 0.000228
150 0.000229
151 0.000232
152 0.000232
153 0.000232
154 0.000235
155 0.000236
156 0.000236
157 0.000237
158 0.000240
159 0.000240
160 0.000240
161 0.000243
162 0.000244
163 0.000244
164 0.000245
165 0.000248
166 0.000247
167 0.000247
168 0.000251
169 0.000251
170 0.000251
171 0.000253
172 0.000255
173 0.000255
174 0.000255
175 0.000259
176 0.000259
177 0.000259
178 0.000261
179 0.000262
180 0.000262
181 0.000263
182 0.000266
183 0.000266
184 0.000266
185 0.000268
186 0.000269
187 0.000269
188 0.000270
189 0.000273
190 0.000273
191 0.000273
192 0.000275
193 0.000276
194 0.000276
195 0.000278
196 0.000280
197 0.000279
198 0.000280
199 0.000282
200 0.000283
201 0.000283
202 0.000285
203 0.000286
204 0.000286
205 0.000287
206 0.000289
207 0.000289
208 0.000290
209 0.000290
210 0.000292
211 0.000292
212 0.000293
213 0.000296
214 0.000295
215 0.000295
216 0.000297
217 0.000298
218 0.000298
219 0.000299
220 0.000301
221 0.000301
222 0.000301
223 0.000303
224 0.000304
225 0.000304
226 0.000305
227 0.000307
228 0.000307
229 0.000307
230 0.000309
231 0.000310
232 0.000310
233 0.000311
234 0.000313
235 0.000313
236 0.000312
237 0.000315
238 0.000315
239 0.000315
240 0.000316
241 0.000318
242 0.000318
243 0.000318
244 0.000320
245 0.000320
246 0.000320
247 0.000322
248 0.000323
249 0.000323
250 0.000323
251 0.000325
252 0.000325
253 0.000325
254 0.000327
255 0.000328
256 0.000328
257 0.000328
258 0.000330
259 0.000330
260 0.000330
261 0.000332
262 0.000333
263 0.000332
264 0.000333
265 0.000335
266 0.000335
267 0.000335
268 0.000336
269 0.000337
270 0.000337
271 0.000337
272 0.000339
273 0.000339
274 0.000339
275 0.000341
276 0.000341
277 0.000341
278 0.000342
279 0.000343
280 0.000343
281 0.000343
282 0.000345
283 0.000345
284 0.000345
285 0.000346
286 0.000347
287 0.000347
288 0.000347
289 0.000349
290 0.000349
291 0.000349
292 0.000350
293 0.000351
294 0.000351
295 0.000351
296 0.000353
297 0.000353
298 0.000353
299 0.000354
300 0.000354
301 0.000354
302 0.000355
303 0.000356
304 0.000356
305 0.000356
306 0.000357
307 0.000358
308 0.000358
309 0.000358
310 0.000359
311 0.000359
312 0.000359
313 0.000360
314 0.000361
315 0.000361
316 0.000361
317 0.000362
318 0.000362
319 0.000362
320 0.000363
321 0.000364
322 0.000364
323 0.000364
324 0.000365
325 0.000365
326 0.000365
327 0.000366
328 0.000367
329 0.000366
330 0.000367
331 0.000368
