0 0.361342
1 0.000001
2 0.000061
3 0.000061
4 0.000061
5 0.000061
6 0.000061
7 0.000061
8 0.000061
9 0.000061
10 0.000061
11 0.000061
12 0.000061
13 0.000061
14 0.000061
15 0.000061
16 0.000061
17 0.000061
18 0.000061
19 0.000116
20 0.000139
21 0.000139
22 0.000139
23 0.000139
24 0.000139
25 0.000139
26 0.000174
27 0.000184
28 0.000184
29 0.000184
30 0.000184
31 0.000184
32 0.000183
33 0.000212
34 0.000217
35 0.000217
36 0.000226
37 0.000238
38 0.000238
39 0.000238
40 0.000259
41 0.000260
42 0.000260
43 0.000271
44 0.000281
45 0.000281
46 0.000282
47 0.000302
48 0.000303
49 0.000303
50 0.000315
51 0.000324
52 0.000324
53 0.000326
54 0.000344
55 0.000344
56 0.000345
57 0.000359
58 0.000365
59 0.000365
60 0.000370
61 0.000387
62 0.000387
63 0.000387
64 0.000402
65 0.000407
66 0.000407
67 0.000413
68 0.000427
69 0.000427
70 0.000427
71 0.000444
72 0.000447
73 0.000447
74 0.000454
75 0.000467
76 0.000467
77 0.000467
78 0.000485
79 0.000486
80 0.000486
81 0.000495
82 0.000506
83 0.000506
84 0.000506
85 0.000526
86 0.000526
87 0.000526
88 0.000536
89 0.000545
90 0.000545
91 0.000546
92 0.000563
93 0.000564
94 0.000564
95 0.000575
96 0.000582
97 0.000583
98 0.000586
99 0.000601
100 0.000601
101 0.000601
102 0.000614
103 0.000619
104 0.000620
105 0.000624
106 0.000638
107 0.000638
108 0.000638
109 0.000653
110 0.000656
111 0.000657
112 0.000663
113 0.000674
114 0.000675
115 0.000675
116 0.000690
117 0.000692
118 0.000693
119 0.000700
120 0.000710
121 0.000710
122 0.000711
123 0.000727
124 0.000728
125 0.000728
126 0.000737
127 0.000746
128 0.000746
129 0.000747
130 0.000763
131 0.000763
132 0.000763
133 0.000773
134 0.000780
135 0.000780
136 0.000783
137 0.000797
138 0.000797
139 0.000798
140 0.000809
141 0.000815
142 0.000815
143 0.000818
144 0.000831
145 0.000831
146 0.000832
147 0.000844
148 0.000848
149 0.000848
150 0.000853
151 0.000864
152 0.000864
153 0.000865
154 0.000878
155 0.000881
156 0.000881
157 0.000887
158 0.000897
159 0.000897
160 0.000897
161 0.000911
162 0.000913
163 0.000913
164 0.000920
165 0.000929
166 0.000929
167 0.000929
168 0.000945
169 0.000945
170 0.000946
171 0.000954
172 0.000961
173 0.000961
174 0.000963
175 0.000976
176 0.000976
177 0.000977
178 0.000986
179 0.000992
180 0.000992
181 0.000995
182 0.001007
183 0.001008
184 0.001008
185 0.001018
186 0.001023
187 0.001023
188 0.001027
189 0.001037
190 0.001038
191 0.001038
192 0.001049
193 0.001053
194 0.001053
195 0.001058
196 0.001068
197 0.001068
198 0.001069
199 0.001080
200 0.001083
201 0.001083
202 0.001089
203 0.001097
204 0.001098
205 0.001098
206 0.001111
207 0.001112
208 0.001113
209 0.001120
210 0.001126
211 0.001127
212 0.001128
213 0.001140
214 0.001141
215 0.001142
216 0.001150
217 0.001156
218 0.001156
219 0.001158
220 0.001169
221 0.001170
222 0.001171
223 0.001179
224 0.001184
225 0.001185
226 0.001188
227 0.001198
228 0.001198
229 0.001199
230 0.001208
231 0.001212
232 0.001213
233 0.001216
234 0.001225
235 0.001226
236 0.001226
237 0.001236
238 0.001239
239 0.001240
240 0.001244
241 0.001252
242 0.001252
243 0.001253
244 0.001264
245 0.001265
246 0.001266
247 0.001272
248 0.001279
249 0.001279
250 0.001280
251 0.001292
252 0.001293
253 0.001293
254 0.001300
255 0.001306
256 0.001307
257 0.001308
258 0.001319
259 0.001320
260 0.001321
261 0.001328
262 0.001333
263 0.001334
264 0.001337
265 0.001346
266 0.001347
267 0.001348
268 0.001356
269 0.001360
270 0.001361
271 0.001364
272 0.001372
273 0.001373
274 0.001374
275 0.001382
276 0.001385
277 0.001386
278 0.001390
279 0.001398
280 0.001398
281 0.001399
282 0.001408
283 0.001410
284 0.001411
285 0.001416
286 0.001422
287 0.001423
288 0.001424
289 0.001434
290 0.001435
291 0.001436
292 0.001441
293 0.001446
294 0.001447
295 0.001448
296 0.001456
297 0.001457
298 0.001458
299 0.001463
300 0.001467
301 0.001468
302 0.001469
303 0.001476
304 0.001476
305 0.001476
306 0.001482
307 0.001484
308 0.001484
309 0.001485
310 0.001491
311 0.001491
312 0.001491
313 0.001498
314 0.001501
315 0.001503
316 0.001506
317 0.001511
318 0.001512
319 0.001512
320 0.001518
321 0.001519
322 0.001519
323 0.001521
324 0.001525
325 0.001524
326 0.001523
327 0.001528
328 0.001527
329 0.001527
330 0.001528
331 0.001530
