0 0.361342
1 0.000001
2 0.000035
3 0.000034
4 0.000034
5 0.000034
6 0.000035
7 0.000034
8 0.000034
9 0.000034
10 0.000034
11 0.000034
12 0.000034
13 0.000034
14 0.000034
15 0.000034
16 0.000034
17 0.000034
18 0.000034
19 0.000034
20 0.000034
21 0.000034
22 0.000034
23 0.000035
24 0.000034
25 0.000034
26 0.000034
27 0.000034
28 0.000035
29 0.000034
30 0.000034
31 0.000034
32 0.000034
33 0.000034
34 0.000034
35 0.000034
36 0.000054
37 0.000081
38 0.000081
39 0.000081
40 0.000081
41 0.000081
42 0.000081
43 0.000082
44 0.000081
45 0.000081
46 0.000081
47 0.000081
48 0.000081
49 0.000081
50 0.000096
51 0.000107
52 0.000108
53 0.000107
54 0.000107
55 0.000108
56 0.000107
57 0.000107
58 0.000108
59 0.000108
60 0.000107
61 0.000107
62 0.000108
63 0.000107
64 0.000122
65 0.000126
66 0.000127
67 0.000127
68 0.000126
69 0.000127
70 0.000127
71 0.000137
72 0.000140
73 0.000139
74 0.000140
75 0.000140
76 0.000139
77 0.000140
78 0.000151
79 0.000152
80 0.000152
81 0.000152
82 0.000152
83 0.000152
84 0.000152
85 0.000164
86 0.000164
87 0.000165
88 0.000165
89 0.000164
90 0.000165
91 0.000166
92 0.000177
93 0.000177
94 0.000177
95 0.000177
96 0.000177
97 0.000177
98 0.000179
99 0.000190
100 0.000189
101 0.000189
102 0.000189
103 0.000190
104 0.000189
105 0.000193
106 0.000202
107 0.000202
108 0.000202
109 0.000201
110 0.000202
111 0.000202
112 0.000205
113 0.000214
114 0.000213
115 0.000214
116 0.000214
117 0.000214
118 0.000213
119 0.000219
120 0.000226
121 0.000226
122 0.000225
123 0.000226
124 0.000225
125 0.000226
126 0.000231
127 0.000237
128 0.000237
129 0.000238
130 0.000238
131 0.000238
132 0.000237
133 0.000244
134 0.000249
135 0.000249
136 0.000249
137 0.000249
138 0.000249
139 0.000249
140 0.000257
141 0.000261
142 0.000261
143 0.000261
144 0.000261
145 0.000261
146 0.000261
147 0.000270
148 0.000272
149 0.000272
150 0.000272
151 0.000273
152 0.000272
153 0.000272
154 0.000282
155 0.000284
156 0.000284
157 0.000284
158 0.000284
159 0.000284
160 0.000283
161 0.000294
162 0.000295
163 0.000295
164 0.000295
165 0.000295
166 0.000295
167 0.000295
168 0.000306
169 0.000306
170 0.000306
171 0.000306
172 0.000306
173 0.000306
174 0.000307
175 0.000318
176 0.000317
177 0.000317
178 0.000317
179 0.000317
180 0.000317
181 0.000320
182 0.000328
183 0.000328
184 0.000328
185 0.000329
186 0.000329
187 0.000328
188 0.000331
189 0.000339
190 0.000339
191 0.000339
192 0.000339
193 0.000340
194 0.000338
195 0.000343
196 0.000350
197 0.000350
198 0.000350
199 0.000350
200 0.000350
201 0.000350
202 0.000355
203 0.000361
204 0.000361
205 0.000361
206 0.000361
207 0.000361
208 0.000361
209 0.000366
210 0.000371
211 0.000371
212 0.000371
213 0.000371
214 0.000371
215 0.000371
216 0.000377
217 0.000381
218 0.000382
219 0.000381
220 0.000382
221 0.000381
222 0.000381
223 0.000388
224 0.000391
225 0.000392
226 0.000392
227 0.000392
228 0.000392
229 0.000392
230 0.000400
231 0.000402
232 0.000402
233 0.000402
234 0.000402
235 0.000402
236 0.000402
237 0.000410
238 0.000412
239 0.000411
240 0.000412
241 0.000412
242 0.000412
243 0.000412
244 0.000421
245 0.000422
246 0.000422
247 0.000422
248 0.000422
249 0.000422
250 0.000422
251 0.000432
252 0.000432
253 0.000431
254 0.000431
255 0.000432
256 0.000432
257 0.000432
258 0.000442
259 0.000441
260 0.000441
261 0.000441
262 0.000441
263 0.000441
264 0.000443
265 0.000451
266 0.000451
267 0.000451
268 0.000450
269 0.000451
270 0.000451
271 0.000454
272 0.000461
273 0.000460
274 0.000460
275 0.000460
276 0.000460
277 0.000460
278 0.000463
279 0.000470
280 0.000470
281 0.000470
282 0.000470
283 0.000470
284 0.000470
285 0.000474
286 0.000480
287 0.000479
288 0.000479
289 0.000479
290 0.000479
291 0.000479
292 0.000484
293 0.000489
294 0.000488
295 0.000489
296 0.000488
297 0.000489
298 0.000489
299 0.000493
300 0.000497
301 0.000497
302 0.000498
303 0.000497
304 0.000497
305 0.000497
306 0.000504
307 0.000506
308 0.000507
309 0.000507
310 0.000507
311 0.000506
312 0.000506
313 0.000513
314 0.000515
315 0.000515
316 0.000516
317 0.000515
318 0.000516
319 0.000515
320 0.000523
321 0.000524
322 0.000524
323 0.000524
324 0.000524
325 0.000524
326 0.000524
327 0.000532
328 0.000533
329 0.000533
330 0.000533
331 0.000533
