0 0.361342
1 0.000001
2 0.000137
3 0.000136
4 0.000137
5 0.000136
6 0.000137
7 0.000136
8 0.000137
9 0.000136
10 0.000136
11 0.000137
12 0.000137
13 0.000137
14 0.000137
15 0.000137
16 0.000137
17 0.000137
18 0.000137
19 0.000263
20 0.000316
21 0.000316
22 0.000316
23 0.000316
24 0.000316
25 0.000316
26 0.000397
27 0.000418
28 0.000418
29 0.000418
30 0.000418
31 0.000419
32 0.000419
33 0.000485
34 0.000495
35 0.000495
36 0.000516
37 0.000547
38 0.000547
39 0.000547
40 0.000595
41 0.000597
42 0.000597
43 0.000622
44 0.000646
45 0.000647
46 0.000649
47 0.000696
48 0.000696
49 0.000696
50 0.000726
51 0.000747
52 0.000748
53 0.000754
54 0.000796
55 0.000797
56 0.000797
57 0.000829
58 0.000846
59 0.000846
60 0.000857
61 0.000896
62 0.000896
63 0.000897
64 0.000933
65 0.000945
66 0.000946
67 0.000960
68 0.000993
69 0.000994
70 0.000995
71 0.001035
72 0.001044
73 0.001045
74 0.001063
75 0.001092
76 0.001093
77 0.001094
78 0.001136
79 0.001140
80 0.001141
81 0.001163
82 0.001190
83 0.001190
84 0.001191
85 0.001237
86 0.001238
87 0.001239
88 0.001264
89 0.001287
90 0.001287
91 0.001292
92 0.001334
93 0.001334
94 0.001336
95 0.001365
96 0.001383
97 0.001384
98 0.001392
99 0.001429
100 0.001430
101 0.001432
102 0.001464
103 0.001478
104 0.001479
105 0.001490
106 0.001523
107 0.001524
108 0.001525
109 0.001560
110 0.001570
111 0.001571
112 0.001586
113 0.001614
114 0.001615
115 0.001616
116 0.001653
117 0.001660
118 0.001660
119 0.001677
120 0.001702
121 0.001702
122 0.001702
123 0.001742
124 0.001744
125 0.001744
126 0.001764
127 0.001783
128 0.001783
129 0.001784
130 0.001822
131 0.001822
132 0.001820
133 0.001842
134 0.001857
135 0.001856
136 0.001859
137 0.001892
138 0.001890
139 0.001889
140 0.001912
141 0.001924
142 0.001921
143 0.001928
144 0.001957
145 0.001956
146 0.001955
147 0.001981
148 0.001989
149 0.001987
150 0.001995
151 0.002019
152 0.002016
153 0.002014
154 0.002041
155 0.002045
156 0.002044
157 0.002055
158 0.002077
159 0.002075
160 0.002074
161 0.002104
162 0.002105
163 0.002102
164 0.002115
165 0.002131
166 0.002125
167 0.002120
168 0.002147
169 0.002140
170 0.002133
171 0.002145
172 0.002154
173 0.002147
174 0.002143
175 0.002166
176 0.002158
177 0.002152
178 0.002164
179 0.002169
180 0.002161
181 0.002158
182 0.002175
183 0.002167
184 0.002159
185 0.002171
186 0.002171
187 0.002162
188 0.002161
189 0.002174
190 0.002166
191 0.002157
192 0.002171
193 0.002171
194 0.002166
195 0.002170
196 0.002184
197 0.002180
198 0.002176
199 0.002197
200 0.002199
201 0.002198
202 0.002210
203 0.002228
204 0.002229
205 0.002231
206 0.002257
207 0.002258
208 0.002258
209 0.002271
210 0.002282
211 0.002281
212 0.002279
213 0.002301
214 0.002299
215 0.002297
216 0.002310
217 0.002319
218 0.002317
219 0.002319
220 0.002340
221 0.002339
222 0.002339
223 0.002355
224 0.002363
225 0.002362
226 0.002368
227 0.002387
228 0.002387
229 0.002388
230 0.002406
231 0.002413
232 0.002414
233 0.002422
234 0.002440
235 0.002441
236 0.002443
237 0.002463
238 0.002469
239 0.002471
240 0.002481
241 0.002497
242 0.002499
243 0.002501
244 0.002523
245 0.002528
246 0.002530
247 0.002543
248 0.002556
249 0.002559
250 0.002561
251 0.002585
252 0.002588
253 0.002590
254 0.002605
255 0.002617
256 0.002620
257 0.002625
258 0.002647
259 0.002650
260 0.002653
261 0.002669
262 0.002680
263 0.002684
264 0.002690
265 0.002710
266 0.002713
267 0.002716
268 0.002734
269 0.002743
270 0.002747
271 0.002755
272 0.002774
273 0.002778
274 0.002782
275 0.002800
276 0.002808
277 0.002812
278 0.002823
279 0.002839
280 0.002844
281 0.002848
282 0.002867
283 0.002874
284 0.002878
285 0.002890
286 0.002904
287 0.002909
288 0.002913
289 0.002935
290 0.002940
291 0.002945
292 0.002959
293 0.002973
294 0.002979
295 0.002985
296 0.003006
297 0.003012
298 0.003017
299 0.003032
300 0.003045
301 0.003051
302 0.003059
303 0.003078
304 0.003084
305 0.003090
306 0.003107
307 0.003118
308 0.003125
309 0.003135
310 0.003155
311 0.003162
312 0.003170
313 0.003189
314 0.003200
315 0.003207
316 0.003218
317 0.003235
318 0.003241
319 0.003247
320 0.003264
321 0.003270
322 0.003274
323 0.003282
324 0.003293
325 0.003294
326 0.003295
327 0.003307
328 0.003307
329 0.003305
330 0.003309
331 0.003313
