0 0.356531
1 0.000001
2 0.000007
3 0.000007
4 0.000016
5 0.000020
6 0.000025
7 0.000033
8 0.000035
9 0.000047
10 0.000047
11 0.000057
12 0.000060
13 0.000066
14 0.000073
15 0.000075
16 0.000086
17 0.000086
18 0.000097
19 0.000098
20 0.000105
21 0.000111
22 0.000114
23 0.000124
24 0.000123
25 0.000135
26 0.000136
27 0.000144
28 0.000148
29 0.000152
30 0.000161
31 0.000161
32 0.000173
33 0.000173
34 0.000181
35 0.000184
36 0.000189
37 0.000196
38 0.000198
39 0.000208
40 0.000208
41 0.000217
42 0.000220
43 0.000225
44 0.000231
45 0.000233
46 0.000243
47 0.000243
48 0.000253
49 0.000254
50 0.000261
51 0.000265
52 0.000268
53 0.000276
54 0.000276
55 0.000287
56 0.000287
57 0.000294
58 0.000298
59 0.000302
60 0.000309
61 0.000309
62 0.000319
63 0.000319
64 0.000327
65 0.000330
66 0.000334
67 0.000340
68 0.000342
69 0.000350
70 0.000350
71 0.000359
72 0.000360
73 0.000366
74 0.000371
75 0.000373
76 0.000380
77 0.000381
78 0.000389
79 0.000390
80 0.000396
81 0.000400
82 0.000403
83 0.000409
84 0.000410
85 0.000419
86 0.000419
87 0.000425
88 0.000428
89 0.000432
90 0.000438
91 0.000438
92 0.000447
93 0.000447
94 0.000454
95 0.000456
96 0.000460
97 0.000465
98 0.000466
99 0.000474
100 0.000473
101 0.000481
102 0.000482
103 0.000487
104 0.000491
105 0.000493
106 0.000499
107 0.000499
108 0.000507
109 0.000508
110 0.000513
111 0.000516
112 0.000519
113 0.000524
114 0.000524
115 0.000532
116 0.000532
117 0.000538
118 0.000540
119 0.000543
120 0.000548
121 0.000549
122 0.000556
123 0.000556
124 0.000562
125 0.000563
126 0.000567
127 0.000571
128 0.000572
129 0.000578
130 0.000578
131 0.000584
132 0.000585
133 0.000589
134 0.000592
135 0.000594
136 0.000599
137 0.000599
138 0.000606
139 0.000606
140 0.000611
141 0.000613
142 0.000616
143 0.000620
144 0.000620
145 0.000626
146 0.000626
147 0.000631
148 0.000633
149 0.000636
150 0.000639
151 0.000640
152 0.000645
153 0.000645
154 0.000651
155 0.000651
156 0.000655
157 0.000658
158 0.000659
159 0.000663
160 0.000663
161 0.000669
162 0.000669
163 0.000673
164 0.000675
165 0.000677
166 0.000681
167 0.000680
168 0.000686
169 0.000686
170 0.000690
171 0.000691
172 0.000693
173 0.000696
174 0.000697
175 0.000702
176 0.000701
177 0.000705
178 0.000706
179 0.000709
180 0.000711
181 0.000712
182 0.000716
183 0.000716
184 0.000720
185 0.000721
186 0.000724
187 0.000725
188 0.000726
189 0.000730
190 0.000730
191 0.000734
192 0.000734
193 0.000737
194 0.000738
195 0.000740
196 0.000743
197 0.000743
198 0.000747
199 0.000747
200 0.000749
201 0.000751
202 0.000752
203 0.000754
204 0.000755
205 0.000758
206 0.000758
207 0.000761
208 0.000762
209 0.000763
210 0.000765
211 0.000766
212 0.000769
213 0.000769
214 0.000772
215 0.000772
216 0.000774
217 0.000775
218 0.000776
219 0.000778
220 0.000778
221 0.000781
222 0.000781
223 0.000783
224 0.000784
225 0.000785
226 0.000787
227 0.000787
228 0.000790
229 0.000790
230 0.000792
231 0.000792
232 0.000793
233 0.000795
234 0.000795
235 0.000797
236 0.000797
237 0.000799
238 0.000799
239 0.000800
240 0.000801
241 0.000802
242 0.000804
243 0.000803
244 0.000805
245 0.000805
246 0.000807
247 0.000807
248 0.000808
249 0.000809
250 0.000809
251 0.000810
252 0.000810
253 0.000811
254 0.000812
255 0.000812
256 0.000813
257 0.000813
258 0.000814
259 0.000814
260 0.000815
261 0.000815
262 0.000816
263 0.000816
264 0.000816
265 0.000817
266 0.000817
267 0.000817
268 0.000817
269 0.000818
270 0.000818
271 0.000818
272 0.000818
273 0.000819
274 0.000819
275 0.000818
276 0.000819
277 0.000819
278 0.000819
279 0.000819
280 0.000819
281 0.000819
282 0.000819
283 0.000819
284 0.000819
285 0.000818
286 0.000818
287 0.000818
288 0.000818
289 0.000818
290 0.000818
291 0.000817
292 0.000817
293 0.000817
294 0.000817
295 0.000816
296 0.000816
297 0.000815
298 0.000815
299 0.000815
300 0.000814
301 0.000814
302 0.000813
303 0.000813
304 0.000812
305 0.000812
306 0.000811
307 0.000811
308 0.000810
309 0.000810
310 0.000809
311 0.000808
312 0.000808
313 0.000807
314 0.000807
315 0.000806
316 0.000805
317 0.000805
318 0.000803
319 0.000803
320 0.000802
321 0.000802
322 0.000801
323 0.000800
324 0.000799
325 0.000798
326 0.000798
327 0.000796
328 0.000796
329 0.000795
330 0.000794
331 0.000793
