0 0.361342
1 0.000001
2 0.000049
3 0.000049
4 0.000049
5 0.000049
6 0.000049
7 0.000049
8 0.000049
9 0.000049
10 0.000049
11 0.000049
12 0.000049
13 0.000049
14 0.000049
15 0.000061
16 0.000121
17 0.000121
18 0.000121
19 0.000121
20 0.000121
21 0.000121
22 0.000130
23 0.000157
24 0.000157
25 0.000157
26 0.000175
27 0.000180
28 0.000180
29 0.000188
30 0.000203
31 0.000203
32 0.000203
33 0.000223
34 0.000226
35 0.000226
36 0.000236
37 0.000249
38 0.000249
39 0.000249
40 0.000271
41 0.000271
42 0.000271
43 0.000283
44 0.000294
45 0.000294
46 0.000295
47 0.000316
48 0.000316
49 0.000316
50 0.000329
51 0.000338
52 0.000338
53 0.000340
54 0.000359
55 0.000359
56 0.000359
57 0.000374
58 0.000381
59 0.000381
60 0.000385
61 0.000402
62 0.000402
63 0.000402
64 0.000418
65 0.000423
66 0.000423
67 0.000429
68 0.000444
69 0.000444
70 0.000444
71 0.000461
72 0.000464
73 0.000464
74 0.000472
75 0.000485
76 0.000485
77 0.000485
78 0.000503
79 0.000505
80 0.000505
81 0.000514
82 0.000525
83 0.000525
84 0.000525
85 0.000544
86 0.000544
87 0.000544
88 0.000555
89 0.000564
90 0.000564
91 0.000565
92 0.000583
93 0.000583
94 0.000583
95 0.000595
96 0.000602
97 0.000602
98 0.000605
99 0.000621
100 0.000621
101 0.000621
102 0.000634
103 0.000639
104 0.000639
105 0.000644
106 0.000658
107 0.000658
108 0.000658
109 0.000672
110 0.000676
111 0.000676
112 0.000682
113 0.000694
114 0.000694
115 0.000693
116 0.000709
117 0.000712
118 0.000712
119 0.000719
120 0.000729
121 0.000729
122 0.000729
123 0.000746
124 0.000746
125 0.000746
126 0.000755
127 0.000763
128 0.000763
129 0.000764
130 0.000780
131 0.000780
132 0.000780
133 0.000790
134 0.000797
135 0.000797
136 0.000799
137 0.000813
138 0.000813
139 0.000813
140 0.000824
141 0.000830
142 0.000829
143 0.000833
144 0.000846
145 0.000845
146 0.000845
147 0.000857
148 0.000861
149 0.000861
150 0.000866
151 0.000877
152 0.000877
153 0.000876
154 0.000890
155 0.000892
156 0.000892
157 0.000898
158 0.000907
159 0.000907
160 0.000907
161 0.000921
162 0.000922
163 0.000922
164 0.000929
165 0.000937
166 0.000936
167 0.000936
168 0.000951
169 0.000951
170 0.000951
171 0.000959
172 0.000965
173 0.000965
174 0.000966
175 0.000979
176 0.000979
177 0.000979
178 0.000988
179 0.000993
180 0.000993
181 0.000995
182 0.001007
183 0.001006
184 0.001007
185 0.001016
186 0.001020
187 0.001020
188 0.001024
189 0.001033
190 0.001033
191 0.001033
192 0.001044
193 0.001046
194 0.001046
195 0.001051
196 0.001059
197 0.001059
198 0.001059
199 0.001071
200 0.001072
201 0.001072
202 0.001077
203 0.001085
204 0.001085
205 0.001084
206 0.001096
207 0.001097
208 0.001097
209 0.001103
210 0.001109
211 0.001109
212 0.001109
213 0.001121
214 0.001121
215 0.001121
216 0.001128
217 0.001133
218 0.001133
219 0.001134
220 0.001145
221 0.001145
222 0.001144
223 0.001152
224 0.001156
225 0.001156
226 0.001158
227 0.001167
228 0.001167
229 0.001167
230 0.001176
231 0.001178
232 0.001178
233 0.001181
234 0.001189
235 0.001189
236 0.001189
237 0.001198
238 0.001199
239 0.001200
240 0.001204
241 0.001210
242 0.001210
243 0.001210
244 0.001220
245 0.001220
246 0.001220
247 0.001225
248 0.001231
249 0.001230
250 0.001230
251 0.001241
252 0.001240
253 0.001240
254 0.001246
255 0.001250
256 0.001250
257 0.001251
258 0.001260
259 0.001260
260 0.001260
261 0.001266
262 0.001269
263 0.001269
264 0.001270
265 0.001279
266 0.001278
267 0.001278
268 0.001285
269 0.001287
270 0.001287
271 0.001290
272 0.001296
273 0.001296
274 0.001296
275 0.001303
276 0.001305
277 0.001305
278 0.001308
279 0.001313
280 0.001313
281 0.001313
282 0.001321
283 0.001322
284 0.001322
285 0.001325
286 0.001330
287 0.001330
288 0.001330
289 0.001337
290 0.001338
291 0.001338
292 0.001342
293 0.001346
294 0.001346
295 0.001346
296 0.001353
297 0.001353
298 0.001353
299 0.001358
300 0.001361
301 0.001361
302 0.001362
303 0.001368
304 0.001368
305 0.001368
306 0.001373
307 0.001376
308 0.001375
309 0.001377
310 0.001383
311 0.001383
312 0.001383
313 0.001388
314 0.001390
315 0.001390
316 0.001392
317 0.001396
318 0.001397
319 0.001397
320 0.001402
321 0.001403
322 0.001404
323 0.001406
324 0.001410
325 0.001410
326 0.001410
327 0.001416
328 0.001417
329 0.001417
330 0.001420
331 0.001423
