0 0.361342
1 0.000001
2 0.000035
3 0.000035
4 0.000035
5 0.000035
6 0.000035
7 0.000035
8 0.000035
9 0.000035
10 0.000035
11 0.000035
12 0.000035
13 0.000035
14 0.000035
15 0.000035
16 0.000035
17 0.000035
18 0.000034
19 0.000035
20 0.000035
21 0.000035
22 0.000035
23 0.000035
24 0.000035
25 0.000035
26 0.000035
27 0.000035
28 0.000035
29 0.000035
30 0.000035
31 0.000035
32 0.000035
33 0.000035
34 0.000034
35 0.000035
36 0.000035
37 0.000034
38 0.000035
39 0.000035
40 0.000035
41 0.000035
42 0.000035
43 0.000056
44 0.000079
45 0.000079
46 0.000079
47 0.000078
48 0.000079
49 0.000079
50 0.000079
51 0.000078
52 0.000079
53 0.000078
54 0.000078
55 0.000079
56 0.000079
57 0.000093
58 0.000100
59 0.000100
60 0.000100
61 0.000100
62 0.000100
63 0.000100
64 0.000100
65 0.000100
66 0.000100
67 0.000100
68 0.000100
69 0.000100
70 0.000100
71 0.000118
72 0.000121
73 0.000121
74 0.000121
75 0.000121
76 0.000121
77 0.000121
78 0.000121
79 0.000121
80 0.000121
81 0.000121
82 0.000121
83 0.000121
84 0.000121
85 0.000142
86 0.000142
87 0.000142
88 0.000142
89 0.000142
90 0.000142
91 0.000142
92 0.000142
93 0.000142
94 0.000142
95 0.000142
96 0.000142
97 0.000142
98 0.000144
99 0.000157
100 0.000157
101 0.000157
102 0.000157
103 0.000157
104 0.000157
105 0.000160
106 0.000167
107 0.000167
108 0.000167
109 0.000167
110 0.000167
111 0.000167
112 0.000170
113 0.000177
114 0.000177
115 0.000177
116 0.000177
117 0.000177
118 0.000177
119 0.000181
120 0.000187
121 0.000187
122 0.000187
123 0.000187
124 0.000187
125 0.000187
126 0.000192
127 0.000197
128 0.000197
129 0.000197
130 0.000197
131 0.000197
132 0.000197
133 0.000203
134 0.000207
135 0.000207
136 0.000207
137 0.000206
138 0.000207
139 0.000207
140 0.000213
141 0.000216
142 0.000216
143 0.000216
144 0.000216
145 0.000216
146 0.000216
147 0.000223
148 0.000226
149 0.000226
150 0.000226
151 0.000226
152 0.000226
153 0.000226
154 0.000233
155 0.000235
156 0.000235
157 0.000235
158 0.000235
159 0.000235
160 0.000235
161 0.000244
162 0.000245
163 0.000244
164 0.000244
165 0.000245
166 0.000245
167 0.000244
168 0.000254
169 0.000254
170 0.000254
171 0.000254
172 0.000254
173 0.000254
174 0.000255
175 0.000263
176 0.000263
177 0.000263
178 0.000263
179 0.000263
180 0.000263
181 0.000264
182 0.000272
183 0.000272
184 0.000272
185 0.000272
186 0.000272
187 0.000272
188 0.000274
189 0.000281
190 0.000281
191 0.000281
192 0.000281
193 0.000281
194 0.000281
195 0.000284
196 0.000290
197 0.000290
198 0.000290
199 0.000290
200 0.000290
201 0.000290
202 0.000294
203 0.000299
204 0.000299
205 0.000299
206 0.000299
207 0.000299
208 0.000299
209 0.000303
210 0.000307
211 0.000307
212 0.000307
213 0.000307
214 0.000307
215 0.000308
216 0.000312
217 0.000316
218 0.000316
219 0.000316
220 0.000316
221 0.000316
222 0.000316
223 0.000322
224 0.000325
225 0.000325
226 0.000325
227 0.000325
228 0.000325
229 0.000325
230 0.000331
231 0.000333
232 0.000333
233 0.000333
234 0.000333
235 0.000333
236 0.000333
237 0.000340
238 0.000342
239 0.000342
240 0.000342
241 0.000342
242 0.000342
243 0.000342
244 0.000349
245 0.000350
246 0.000350
247 0.000350
248 0.000350
249 0.000350
250 0.000350
251 0.000358
252 0.000358
253 0.000358
254 0.000358
255 0.000358
256 0.000358
257 0.000359
258 0.000366
259 0.000366
260 0.000366
261 0.000366
262 0.000366
263 0.000366
264 0.000368
265 0.000374
266 0.000374
267 0.000374
268 0.000374
269 0.000374
270 0.000374
271 0.000376
272 0.000382
273 0.000382
274 0.000382
275 0.000382
276 0.000382
277 0.000382
278 0.000385
279 0.000390
280 0.000390
281 0.000390
282 0.000390
283 0.000390
284 0.000390
285 0.000393
286 0.000398
287 0.000398
288 0.000398
289 0.000398
290 0.000398
291 0.000398
292 0.000402
293 0.000405
294 0.000405
295 0.000405
296 0.000405
297 0.000405
298 0.000405
299 0.000410
300 0.000413
301 0.000413
302 0.000413
303 0.000413
304 0.000413
305 0.000413
306 0.000418
307 0.000421
308 0.000421
309 0.000421
310 0.000421
311 0.000421
312 0.000421
313 0.000426
314 0.000428
315 0.000428
316 0.000428
317 0.000428
318 0.000428
319 0.000428
320 0.000434
321 0.000435
322 0.000435
323 0.000435
324 0.000435
325 0.000435
326 0.000436
327 0.000442
328 0.000443
329 0.000443
330 0.000443
331 0.000443
