0 0.361342
1 0.000001
2 0.000077
3 0.000077
4 0.000077
5 0.000077
6 0.000077
7 0.000077
8 0.000077
9 0.000077
10 0.000077
11 0.000077
12 0.000077
13 0.000077
14 0.000077
15 0.000093
16 0.000171
17 0.000171
18 0.000171
19 0.000198
20 0.000209
21 0.000209
22 0.000218
23 0.000246
24 0.000245
25 0.000245
26 0.000274
27 0.000282
28 0.000282
29 0.000294
30 0.000318
31 0.000318
32 0.000318
33 0.000350
34 0.000354
35 0.000354
36 0.000369
37 0.000390
38 0.000390
39 0.000390
40 0.000424
41 0.000425
42 0.000425
43 0.000443
44 0.000460
45 0.000460
46 0.000462
47 0.000495
48 0.000495
49 0.000495
50 0.000515
51 0.000529
52 0.000529
53 0.000533
54 0.000563
55 0.000563
56 0.000563
57 0.000586
58 0.000597
59 0.000597
60 0.000604
61 0.000630
62 0.000630
63 0.000630
64 0.000655
65 0.000663
66 0.000663
67 0.000673
68 0.000696
69 0.000696
70 0.000696
71 0.000723
72 0.000729
73 0.000729
74 0.000741
75 0.000761
76 0.000761
77 0.000761
78 0.000790
79 0.000793
80 0.000793
81 0.000807
82 0.000824
83 0.000824
84 0.000824
85 0.000856
86 0.000856
87 0.000856
88 0.000872
89 0.000887
90 0.000887
91 0.000889
92 0.000917
93 0.000917
94 0.000917
95 0.000936
96 0.000948
97 0.000948
98 0.000953
99 0.000978
100 0.000977
101 0.000978
102 0.000999
103 0.001008
104 0.001008
105 0.001015
106 0.001037
107 0.001037
108 0.001037
109 0.001060
110 0.001066
111 0.001066
112 0.001076
113 0.001095
114 0.001095
115 0.001095
116 0.001120
117 0.001124
118 0.001124
119 0.001136
120 0.001152
121 0.001152
122 0.001152
123 0.001179
124 0.001180
125 0.001180
126 0.001194
127 0.001208
128 0.001208
129 0.001209
130 0.001235
131 0.001235
132 0.001235
133 0.001251
134 0.001262
135 0.001262
136 0.001266
137 0.001289
138 0.001289
139 0.001289
140 0.001306
141 0.001315
142 0.001315
143 0.001321
144 0.001341
145 0.001341
146 0.001341
147 0.001361
148 0.001367
149 0.001367
150 0.001375
151 0.001393
152 0.001393
153 0.001393
154 0.001414
155 0.001418
156 0.001418
157 0.001427
158 0.001443
159 0.001443
160 0.001443
161 0.001466
162 0.001468
163 0.001468
164 0.001479
165 0.001493
166 0.001492
167 0.001493
168 0.001517
169 0.001517
170 0.001517
171 0.001530
172 0.001540
173 0.001540
174 0.001542
175 0.001564
176 0.001564
177 0.001564
178 0.001578
179 0.001587
180 0.001587
181 0.001591
182 0.001610
183 0.001609
184 0.001610
185 0.001626
186 0.001632
187 0.001632
188 0.001638
189 0.001654
190 0.001654
191 0.001654
192 0.001671
193 0.001676
194 0.001676
195 0.001683
196 0.001697
197 0.001697
198 0.001697
199 0.001716
200 0.001719
201 0.001719
202 0.001727
203 0.001740
204 0.001740
205 0.001740
206 0.001759
207 0.001761
208 0.001761
209 0.001771
210 0.001781
211 0.001781
212 0.001782
213 0.001801
214 0.001801
215 0.001801
216 0.001813
217 0.001821
218 0.001821
219 0.001824
220 0.001841
221 0.001841
222 0.001841
223 0.001853
224 0.001860
225 0.001859
226 0.001864
227 0.001878
228 0.001878
229 0.001878
230 0.001891
231 0.001896
232 0.001896
233 0.001901
234 0.001914
235 0.001914
236 0.001914
237 0.001929
238 0.001931
239 0.001931
240 0.001938
241 0.001949
242 0.001949
243 0.001949
244 0.001965
245 0.001966
246 0.001966
247 0.001974
248 0.001984
249 0.001983
250 0.001984
251 0.002000
252 0.002000
253 0.002001
254 0.002010
255 0.002017
256 0.002017
257 0.002019
258 0.002034
259 0.002034
260 0.002034
261 0.002044
262 0.002050
263 0.002050
264 0.002053
265 0.002065
266 0.002065
267 0.002065
268 0.002075
269 0.002079
270 0.002079
271 0.002083
272 0.002093
273 0.002093
274 0.002093
275 0.002104
276 0.002107
277 0.002107
278 0.002112
279 0.002121
280 0.002121
281 0.002121
282 0.002132
283 0.002134
284 0.002134
285 0.002139
286 0.002147
287 0.002147
288 0.002147
289 0.002160
290 0.002160
291 0.002160
292 0.002166
293 0.002173
294 0.002173
295 0.002173
296 0.002185
297 0.002185
298 0.002185
299 0.002192
300 0.002197
301 0.002197
302 0.002199
303 0.002207
304 0.002206
305 0.002204
306 0.002211
307 0.002214
308 0.002213
309 0.002216
310 0.002224
311 0.002224
312 0.002224
313 0.002231
314 0.002234
315 0.002234
316 0.002237
317 0.002244
318 0.002245
319 0.002245
320 0.002254
321 0.002255
322 0.002256
323 0.002260
324 0.002267
325 0.002267
326 0.002268
327 0.002277
328 0.002279
329 0.002279
330 0.002284
331 0.002291
