0 0.361342
1 0.000001
2 0.000104
3 0.000104
4 0.000104
5 0.000104
6 0.000104
7 0.000104
8 0.000104
9 0.000104
10 0.000104
11 0.000104
12 0.000104
13 0.000104
14 0.000104
15 0.000126
16 0.000236
17 0.000235
18 0.000236
19 0.000235
20 0.000271
21 0.000300
22 0.000300
23 0.000300
24 0.000300
25 0.000360
26 0.000363
27 0.000363
28 0.000363
29 0.000384
30 0.000425
31 0.000425
32 0.000425
33 0.000425
34 0.000458
35 0.000471
36 0.000484
37 0.000501
38 0.000504
39 0.000531
40 0.000531
41 0.000555
42 0.000561
43 0.000576
44 0.000590
45 0.000596
46 0.000619
47 0.000619
48 0.000645
49 0.000648
50 0.000665
51 0.000677
52 0.000685
53 0.000705
54 0.000705
55 0.000733
56 0.000733
57 0.000752
58 0.000761
59 0.000771
60 0.000789
61 0.000790
62 0.000816
63 0.000816
64 0.000836
65 0.000843
66 0.000855
67 0.000870
68 0.000873
69 0.000896
70 0.000896
71 0.000918
72 0.000922
73 0.000936
74 0.000948
75 0.000954
76 0.000974
77 0.000974
78 0.000997
79 0.000999
80 0.001015
81 0.001024
82 0.001032
83 0.001049
84 0.001049
85 0.001074
86 0.001074
87 0.001091
88 0.001098
89 0.001107
90 0.001122
91 0.001124
92 0.001146
93 0.001146
94 0.001164
95 0.001169
96 0.001180
97 0.001193
98 0.001197
99 0.001216
100 0.001216
101 0.001235
102 0.001239
103 0.001251
104 0.001261
105 0.001267
106 0.001284
107 0.001284
108 0.001304
109 0.001306
110 0.001321
111 0.001329
112 0.001337
113 0.001351
114 0.001351
115 0.001372
116 0.001372
117 0.001387
118 0.001393
119 0.001402
120 0.001414
121 0.001417
122 0.001435
123 0.001435
124 0.001451
125 0.001455
126 0.001466
127 0.001476
128 0.001480
129 0.001496
130 0.001496
131 0.001513
132 0.001516
133 0.001527
134 0.001535
135 0.001541
136 0.001555
137 0.001555
138 0.001573
139 0.001574
140 0.001586
141 0.001593
142 0.001599
143 0.001611
144 0.001613
145 0.001629
146 0.001630
147 0.001643
148 0.001648
149 0.001656
150 0.001666
151 0.001669
152 0.001684
153 0.001684
154 0.001698
155 0.001702
156 0.001711
157 0.001719
158 0.001723
159 0.001736
160 0.001737
161 0.001752
162 0.001754
163 0.001764
164 0.001771
165 0.001776
166 0.001788
167 0.001788
168 0.001804
169 0.001805
170 0.001816
171 0.001821
172 0.001827
173 0.001837
174 0.001839
175 0.001853
176 0.001853
177 0.001865
178 0.001868
179 0.001876
180 0.001883
181 0.001886
182 0.001898
183 0.001899
184 0.001911
185 0.001913
186 0.001921
187 0.001928
188 0.001931
189 0.001942
190 0.001942
191 0.001955
192 0.001956
193 0.001964
194 0.001969
195 0.001974
196 0.001982
197 0.001984
198 0.001995
199 0.001996
200 0.002005
201 0.002008
202 0.002013
203 0.002021
204 0.002022
205 0.002032
206 0.002033
207 0.002042
208 0.002044
209 0.002050
210 0.002055
211 0.002058
212 0.002066
213 0.002066
214 0.002075
215 0.002077
216 0.002082
217 0.002086
218 0.002089
219 0.002095
220 0.002096
221 0.002104
222 0.002104
223 0.002110
224 0.002113
225 0.002116
226 0.002121
227 0.002122
228 0.002129
229 0.002129
230 0.002134
231 0.002136
232 0.002139
233 0.002143
234 0.002144
235 0.002149
236 0.002149
237 0.002154
238 0.002154
239 0.002157
240 0.002160
241 0.002160
242 0.002164
243 0.002163
244 0.002168
245 0.002168
246 0.002170
247 0.002171
248 0.002172
249 0.002176
250 0.002176
251 0.002182
252 0.002183
253 0.002186
254 0.002187
255 0.002188
256 0.002190
257 0.002190
258 0.002193
259 0.002192
260 0.002194
261 0.002195
262 0.002195
263 0.002196
264 0.002195
265 0.002196
266 0.002194
267 0.002195
268 0.002194
269 0.002193
270 0.002193
271 0.002192
272 0.002192
273 0.002190
274 0.002190
275 0.002189
276 0.002188
277 0.002187
278 0.002186
279 0.002185
280 0.002183
281 0.002183
282 0.002181
283 0.002180
284 0.002178
285 0.002176
286 0.002175
287 0.002174
288 0.002171
289 0.002170
290 0.002169
291 0.002167
292 0.002165
293 0.002163
294 0.002161
295 0.002159
296 0.002158
297 0.002156
298 0.002154
299 0.002152
300 0.002149
301 0.002148
302 0.002145
303 0.002144
304 0.002140
305 0.002139
306 0.002136
307 0.002134
308 0.002132
309 0.002130
310 0.002128
311 0.002125
312 0.002123
313 0.002120
314 0.002118
315 0.002116
316 0.002113
317 0.002112
318 0.002108
319 0.002107
320 0.002103
321 0.002102
322 0.002099
323 0.002096
324 0.002094
325 0.002091
326 0.002090
327 0.002085
328 0.002085
329 0.002082
330 0.002080
331 0.002078
