0 0.361342
1 0.000001
2 0.000027
3 0.000027
4 0.000027
5 0.000027
6 0.000027
7 0.000027
8 0.000027
9 0.000027
10 0.000027
11 0.000028
12 0.000027
13 0.000027
14 0.000027
15 0.000027
16 0.000027
17 0.000027
18 0.000027
19 0.000027
20 0.000027
21 0.000027
22 0.000027
23 0.000027
24 0.000027
25 0.000027
26 0.000027
27 0.000027
28 0.000027
29 0.000027
30 0.000027
31 0.000027
32 0.000027
33 0.000027
34 0.000027
35 0.000028
36 0.000027
37 0.000027
38 0.000027
39 0.000027
40 0.000027
41 0.000027
42 0.000027
43 0.000045
44 0.000063
45 0.000063
46 0.000063
47 0.000063
48 0.000063
49 0.000063
50 0.000062
51 0.000062
52 0.000062
53 0.000063
54 0.000063
55 0.000063
56 0.000063
57 0.000074
58 0.000080
59 0.000080
60 0.000080
61 0.000080
62 0.000080
63 0.000080
64 0.000080
65 0.000080
66 0.000080
67 0.000080
68 0.000080
69 0.000080
70 0.000080
71 0.000094
72 0.000097
73 0.000097
74 0.000097
75 0.000097
76 0.000097
77 0.000097
78 0.000097
79 0.000097
80 0.000097
81 0.000097
82 0.000097
83 0.000097
84 0.000097
85 0.000114
86 0.000114
87 0.000113
88 0.000113
89 0.000114
90 0.000114
91 0.000114
92 0.000114
93 0.000113
94 0.000113
95 0.000114
96 0.000114
97 0.000114
98 0.000116
99 0.000126
100 0.000126
101 0.000126
102 0.000126
103 0.000126
104 0.000126
105 0.000128
106 0.000134
107 0.000134
108 0.000134
109 0.000134
110 0.000134
111 0.000134
112 0.000137
113 0.000142
114 0.000142
115 0.000142
116 0.000142
117 0.000142
118 0.000142
119 0.000145
120 0.000150
121 0.000150
122 0.000150
123 0.000150
124 0.000150
125 0.000150
126 0.000154
127 0.000158
128 0.000158
129 0.000158
130 0.000158
131 0.000158
132 0.000158
133 0.000163
134 0.000166
135 0.000166
136 0.000166
137 0.000166
138 0.000166
139 0.000166
140 0.000171
141 0.000174
142 0.000174
143 0.000174
144 0.000174
145 0.000173
146 0.000173
147 0.000179
148 0.000181
149 0.000181
150 0.000181
151 0.000181
152 0.000181
153 0.000181
154 0.000187
155 0.000189
156 0.000189
157 0.000189
158 0.000189
159 0.000189
160 0.000189
161 0.000195
162 0.000196
163 0.000196
164 0.000196
165 0.000196
166 0.000196
167 0.000196
168 0.000203
169 0.000204
170 0.000203
171 0.000204
172 0.000204
173 0.000204
174 0.000204
175 0.000211
176 0.000211
177 0.000211
178 0.000211
179 0.000211
180 0.000211
181 0.000212
182 0.000218
183 0.000218
184 0.000218
185 0.000219
186 0.000218
187 0.000218
188 0.000220
189 0.000226
190 0.000226
191 0.000226
192 0.000225
193 0.000225
194 0.000226
195 0.000228
196 0.000233
197 0.000233
198 0.000233
199 0.000233
200 0.000233
201 0.000233
202 0.000236
203 0.000240
204 0.000240
205 0.000240
206 0.000240
207 0.000240
208 0.000240
209 0.000243
210 0.000246
211 0.000247
212 0.000247
213 0.000247
214 0.000247
215 0.000247
216 0.000251
217 0.000254
218 0.000254
219 0.000254
220 0.000254
221 0.000254
222 0.000254
223 0.000258
224 0.000260
225 0.000261
226 0.000261
227 0.000261
228 0.000261
229 0.000261
230 0.000266
231 0.000267
232 0.000268
233 0.000267
234 0.000267
235 0.000267
236 0.000268
237 0.000273
238 0.000274
239 0.000274
240 0.000274
241 0.000274
242 0.000274
243 0.000274
244 0.000280
245 0.000281
246 0.000281
247 0.000281
248 0.000281
249 0.000281
250 0.000281
251 0.000287
252 0.000287
253 0.000287
254 0.000287
255 0.000287
256 0.000287
257 0.000288
258 0.000294
259 0.000294
260 0.000294
261 0.000294
262 0.000294
263 0.000294
264 0.000295
265 0.000300
266 0.000300
267 0.000300
268 0.000300
269 0.000300
270 0.000300
271 0.000302
272 0.000306
273 0.000306
274 0.000307
275 0.000307
276 0.000307
277 0.000307
278 0.000309
279 0.000313
280 0.000313
281 0.000313
282 0.000313
283 0.000313
284 0.000313
285 0.000316
286 0.000319
287 0.000319
288 0.000319
289 0.000319
290 0.000319
291 0.000319
292 0.000322
293 0.000326
294 0.000325
295 0.000326
296 0.000325
297 0.000326
298 0.000325
299 0.000329
300 0.000332
301 0.000332
302 0.000332
303 0.000332
304 0.000332
305 0.000332
306 0.000336
307 0.000338
308 0.000338
309 0.000338
310 0.000338
311 0.000338
312 0.000338
313 0.000342
314 0.000343
315 0.000344
316 0.000344
317 0.000344
318 0.000343
319 0.000344
320 0.000349
321 0.000350
322 0.000350
323 0.000350
324 0.000350
325 0.000350
326 0.000349
327 0.000355
328 0.000356
329 0.000355
330 0.000355
331 0.000355
