0 0.361342
1 0.000001
2 0.000046
3 0.000046
4 0.000046
5 0.000046
6 0.000046
7 0.000046
8 0.000046
9 0.000046
10 0.000046
11 0.000046
12 0.000046
13 0.000046
14 0.000046
15 0.000046
16 0.000046
17 0.000046
18 0.000046
19 0.000091
20 0.000110
21 0.000110
22 0.000110
23 0.000110
24 0.000110
25 0.000110
26 0.000138
27 0.000145
28 0.000145
29 0.000145
30 0.000145
31 0.000145
32 0.000145
33 0.000175
34 0.000180
35 0.000180
36 0.000180
37 0.000180
38 0.000180
39 0.000180
40 0.000204
41 0.000205
42 0.000205
43 0.000214
44 0.000222
45 0.000222
46 0.000223
47 0.000239
48 0.000239
49 0.000239
50 0.000249
51 0.000256
52 0.000256
53 0.000258
54 0.000272
55 0.000272
56 0.000272
57 0.000283
58 0.000288
59 0.000288
60 0.000291
61 0.000304
62 0.000304
63 0.000304
64 0.000316
65 0.000320
66 0.000320
67 0.000325
68 0.000336
69 0.000336
70 0.000336
71 0.000349
72 0.000351
73 0.000351
74 0.000357
75 0.000367
76 0.000367
77 0.000367
78 0.000381
79 0.000382
80 0.000382
81 0.000389
82 0.000397
83 0.000397
84 0.000397
85 0.000412
86 0.000412
87 0.000412
88 0.000420
89 0.000427
90 0.000427
91 0.000428
92 0.000442
93 0.000442
94 0.000441
95 0.000451
96 0.000456
97 0.000456
98 0.000459
99 0.000470
100 0.000470
101 0.000470
102 0.000481
103 0.000484
104 0.000485
105 0.000488
106 0.000498
107 0.000499
108 0.000499
109 0.000509
110 0.000512
111 0.000513
112 0.000517
113 0.000526
114 0.000526
115 0.000526
116 0.000537
117 0.000540
118 0.000539
119 0.000545
120 0.000553
121 0.000553
122 0.000553
123 0.000565
124 0.000566
125 0.000566
126 0.000573
127 0.000579
128 0.000579
129 0.000580
130 0.000592
131 0.000592
132 0.000592
133 0.000599
134 0.000605
135 0.000605
136 0.000606
137 0.000617
138 0.000617
139 0.000617
140 0.000626
141 0.000630
142 0.000630
143 0.000632
144 0.000642
145 0.000642
146 0.000642
147 0.000651
148 0.000654
149 0.000654
150 0.000658
151 0.000666
152 0.000666
153 0.000667
154 0.000676
155 0.000679
156 0.000679
157 0.000683
158 0.000690
159 0.000690
160 0.000691
161 0.000701
162 0.000702
163 0.000702
164 0.000708
165 0.000714
166 0.000714
167 0.000714
168 0.000726
169 0.000726
170 0.000726
171 0.000732
172 0.000737
173 0.000738
174 0.000739
175 0.000749
176 0.000749
177 0.000749
178 0.000756
179 0.000761
180 0.000761
181 0.000763
182 0.000772
183 0.000772
184 0.000772
185 0.000780
186 0.000783
187 0.000783
188 0.000786
189 0.000794
190 0.000795
191 0.000795
192 0.000803
193 0.000806
194 0.000806
195 0.000810
196 0.000817
197 0.000817
198 0.000817
199 0.000826
200 0.000828
201 0.000828
202 0.000832
203 0.000839
204 0.000839
205 0.000839
206 0.000849
207 0.000849
208 0.000850
209 0.000855
210 0.000860
211 0.000860
212 0.000861
213 0.000871
214 0.000871
215 0.000871
216 0.000877
217 0.000882
218 0.000882
219 0.000884
220 0.000892
221 0.000893
222 0.000893
223 0.000900
224 0.000904
225 0.000904
226 0.000907
227 0.000914
228 0.000915
229 0.000916
230 0.000923
231 0.000926
232 0.000926
233 0.000929
234 0.000936
235 0.000937
236 0.000937
237 0.000945
238 0.000947
239 0.000948
240 0.000952
241 0.000958
242 0.000959
243 0.000959
244 0.000968
245 0.000969
246 0.000970
247 0.000975
248 0.000980
249 0.000981
250 0.000982
251 0.000991
252 0.000992
253 0.000993
254 0.000998
255 0.001003
256 0.001004
257 0.001006
258 0.001014
259 0.001016
260 0.001017
261 0.001023
262 0.001027
263 0.001029
264 0.001031
265 0.001039
266 0.001040
267 0.001041
268 0.001048
269 0.001051
270 0.001053
271 0.001056
272 0.001063
273 0.001064
274 0.001065
275 0.001071
276 0.001073
277 0.001073
278 0.001075
279 0.001081
280 0.001082
281 0.001083
282 0.001090
283 0.001092
284 0.001094
285 0.001098
286 0.001103
287 0.001105
288 0.001107
289 0.001115
290 0.001116
291 0.001118
292 0.001123
293 0.001128
294 0.001129
295 0.001131
296 0.001139
297 0.001140
298 0.001142
299 0.001147
300 0.001151
301 0.001152
302 0.001154
303 0.001161
304 0.001162
305 0.001164
306 0.001169
307 0.001172
308 0.001173
309 0.001176
310 0.001182
311 0.001183
312 0.001184
313 0.001190
314 0.001192
315 0.001193
316 0.001196
317 0.001201
318 0.001202
319 0.001204
320 0.001209
321 0.001211
322 0.001212
323 0.001215
324 0.001220
325 0.001221
326 0.001222
327 0.001227
328 0.001229
329 0.001230
330 0.001233
331 0.001236
