0 0.361342
1 0.000001
2 0.000048
3 0.000048
4 0.000048
5 0.000048
6 0.000048
7 0.000048
8 0.000048
9 0.000048
10 0.000048
11 0.000048
12 0.000048
13 0.000048
14 0.000048
15 0.000048
16 0.000048
17 0.000048
18 0.000048
19 0.000048
20 0.000048
21 0.000048
22 0.000065
23 0.000114
24 0.000114
25 0.000114
26 0.000114
27 0.000114
28 0.000114
29 0.000114
30 0.000114
31 0.000115
32 0.000148
33 0.000148
34 0.000148
35 0.000148
36 0.000148
37 0.000148
38 0.000151
39 0.000177
40 0.000176
41 0.000176
42 0.000176
43 0.000176
44 0.000176
45 0.000181
46 0.000199
47 0.000199
48 0.000199
49 0.000199
50 0.000210
51 0.000217
52 0.000217
53 0.000217
54 0.000217
55 0.000234
56 0.000234
57 0.000234
58 0.000234
59 0.000240
60 0.000251
61 0.000251
62 0.000251
63 0.000251
64 0.000264
65 0.000268
66 0.000268
67 0.000268
68 0.000270
69 0.000284
70 0.000284
71 0.000284
72 0.000284
73 0.000292
74 0.000300
75 0.000300
76 0.000299
77 0.000299
78 0.000314
79 0.000315
80 0.000315
81 0.000315
82 0.000319
83 0.000330
84 0.000330
85 0.000329
86 0.000329
87 0.000340
88 0.000344
89 0.000344
90 0.000344
91 0.000344
92 0.000354
93 0.000354
94 0.000360
95 0.000361
96 0.000364
97 0.000368
98 0.000369
99 0.000374
100 0.000374
101 0.000380
102 0.000381
103 0.000384
104 0.000387
105 0.000389
106 0.000394
107 0.000393
108 0.000400
109 0.000400
110 0.000404
111 0.000406
112 0.000408
113 0.000412
114 0.000412
115 0.000418
116 0.000418
117 0.000422
118 0.000423
119 0.000426
120 0.000429
121 0.000429
122 0.000435
123 0.000434
124 0.000439
125 0.000440
126 0.000443
127 0.000445
128 0.000446
129 0.000451
130 0.000450
131 0.000455
132 0.000455
133 0.000458
134 0.000460
135 0.000462
136 0.000466
137 0.000465
138 0.000470
139 0.000470
140 0.000473
141 0.000475
142 0.000476
143 0.000479
144 0.000479
145 0.000484
146 0.000484
147 0.000487
148 0.000488
149 0.000490
150 0.000493
151 0.000493
152 0.000497
153 0.000497
154 0.000500
155 0.000501
156 0.000503
157 0.000505
158 0.000506
159 0.000509
160 0.000509
161 0.000512
162 0.000512
163 0.000515
164 0.000517
165 0.000517
166 0.000520
167 0.000520
168 0.000524
169 0.000524
170 0.000526
171 0.000527
172 0.000529
173 0.000531
174 0.000531
175 0.000534
176 0.000534
177 0.000537
178 0.000537
179 0.000539
180 0.000541
181 0.000541
182 0.000544
183 0.000544
184 0.000546
185 0.000547
186 0.000549
187 0.000550
188 0.000550
189 0.000553
190 0.000553
191 0.000556
192 0.000555
193 0.000557
194 0.000558
195 0.000559
196 0.000561
197 0.000561
198 0.000564
199 0.000563
200 0.000565
201 0.000566
202 0.000567
203 0.000568
204 0.000568
205 0.000570
206 0.000570
207 0.000572
208 0.000572
209 0.000573
210 0.000575
211 0.000575
212 0.000577
213 0.000576
214 0.000578
215 0.000578
216 0.000579
217 0.000580
218 0.000580
219 0.000582
220 0.000581
221 0.000583
222 0.000583
223 0.000584
224 0.000585
225 0.000585
226 0.000586
227 0.000586
228 0.000587
229 0.000587
230 0.000588
231 0.000588
232 0.000589
233 0.000590
234 0.000590
235 0.000591
236 0.000590
237 0.000591
238 0.000591
239 0.000592
240 0.000592
241 0.000592
242 0.000593
243 0.000592
244 0.000593
245 0.000593
246 0.000593
247 0.000594
248 0.000594
249 0.000594
250 0.000594
251 0.000595
252 0.000594
253 0.000595
254 0.000595
255 0.000595
256 0.000595
257 0.000595
258 0.000595
259 0.000595
260 0.000595
261 0.000595
262 0.000595
263 0.000595
264 0.000595
265 0.000596
266 0.000595
267 0.000596
268 0.000596
269 0.000596
270 0.000595
271 0.000595
272 0.000596
273 0.000596
274 0.000596
275 0.000596
276 0.000596
277 0.000596
278 0.000595
279 0.000596
280 0.000596
281 0.000596
282 0.000596
283 0.000596
284 0.000595
285 0.000595
286 0.000595
287 0.000595
288 0.000595
289 0.000595
290 0.000595
291 0.000595
292 0.000595
293 0.000595
294 0.000595
295 0.000595
296 0.000595
297 0.000595
298 0.000595
299 0.000595
300 0.000595
301 0.000595
302 0.000595
303 0.000595
304 0.000594
305 0.000594
306 0.000594
307 0.000594
308 0.000594
309 0.000593
310 0.000593
311 0.000593
312 0.000593
313 0.000592
314 0.000592
315 0.000592
316 0.000591
317 0.000591
318 0.000591
319 0.000591
320 0.000590
321 0.000590
322 0.000590
323 0.000589
324 0.000589
325 0.000588
326 0.000588
327 0.000587
328 0.000587
329 0.000586
330 0.000586
331 0.000585
