0 0.361342
1 0.000001
2 0.000033
3 0.000033
4 0.000033
5 0.000033
6 0.000033
7 0.000033
8 0.000033
9 0.000033
10 0.000033
11 0.000033
12 0.000033
13 0.000033
14 0.000033
15 0.000033
16 0.000033
17 0.000033
18 0.000033
19 0.000033
20 0.000033
21 0.000033
22 0.000033
23 0.000033
24 0.000033
25 0.000033
26 0.000033
27 0.000033
28 0.000033
29 0.000033
30 0.000033
31 0.000033
32 0.000033
33 0.000033
34 0.000033
35 0.000033
36 0.000051
37 0.000078
38 0.000077
39 0.000077
40 0.000078
41 0.000077
42 0.000077
43 0.000077
44 0.000077
45 0.000077
46 0.000077
47 0.000077
48 0.000077
49 0.000077
50 0.000092
51 0.000102
52 0.000102
53 0.000102
54 0.000102
55 0.000102
56 0.000102
57 0.000102
58 0.000102
59 0.000102
60 0.000102
61 0.000102
62 0.000102
63 0.000102
64 0.000116
65 0.000120
66 0.000120
67 0.000120
68 0.000120
69 0.000120
70 0.000120
71 0.000130
72 0.000132
73 0.000132
74 0.000132
75 0.000132
76 0.000132
77 0.000132
78 0.000143
79 0.000144
80 0.000144
81 0.000144
82 0.000144
83 0.000144
84 0.000144
85 0.000156
86 0.000156
87 0.000156
88 0.000156
89 0.000156
90 0.000156
91 0.000157
92 0.000168
93 0.000167
94 0.000167
95 0.000167
96 0.000167
97 0.000167
98 0.000169
99 0.000179
100 0.000179
101 0.000179
102 0.000179
103 0.000179
104 0.000178
105 0.000181
106 0.000190
107 0.000190
108 0.000190
109 0.000190
110 0.000190
111 0.000190
112 0.000194
113 0.000201
114 0.000201
115 0.000201
116 0.000201
117 0.000201
118 0.000201
119 0.000205
120 0.000212
121 0.000212
122 0.000212
123 0.000212
124 0.000212
125 0.000212
126 0.000217
127 0.000223
128 0.000223
129 0.000223
130 0.000222
131 0.000222
132 0.000222
133 0.000229
134 0.000233
135 0.000233
136 0.000233
137 0.000233
138 0.000233
139 0.000233
140 0.000240
141 0.000244
142 0.000244
143 0.000243
144 0.000243
145 0.000243
146 0.000243
147 0.000251
148 0.000254
149 0.000254
150 0.000254
151 0.000254
152 0.000254
153 0.000254
154 0.000262
155 0.000264
156 0.000264
157 0.000264
158 0.000264
159 0.000263
160 0.000264
161 0.000273
162 0.000274
163 0.000274
164 0.000274
165 0.000274
166 0.000273
167 0.000273
168 0.000284
169 0.000284
170 0.000283
171 0.000284
172 0.000283
173 0.000283
174 0.000284
175 0.000293
176 0.000293
177 0.000293
178 0.000293
179 0.000293
180 0.000293
181 0.000295
182 0.000303
183 0.000303
184 0.000303
185 0.000303
186 0.000303
187 0.000302
188 0.000305
189 0.000312
190 0.000312
191 0.000312
192 0.000312
193 0.000312
194 0.000312
195 0.000315
196 0.000321
197 0.000321
198 0.000321
199 0.000321
200 0.000321
201 0.000321
202 0.000325
203 0.000330
204 0.000330
205 0.000330
206 0.000330
207 0.000330
208 0.000330
209 0.000334
210 0.000339
211 0.000339
212 0.000339
213 0.000339
214 0.000339
215 0.000338
216 0.000344
217 0.000348
218 0.000348
219 0.000348
220 0.000347
221 0.000347
222 0.000347
223 0.000353
224 0.000356
225 0.000356
226 0.000356
227 0.000356
228 0.000356
229 0.000356
230 0.000363
231 0.000365
232 0.000365
233 0.000365
234 0.000365
235 0.000364
236 0.000365
237 0.000372
238 0.000373
239 0.000373
240 0.000373
241 0.000373
242 0.000373
243 0.000373
244 0.000381
245 0.000382
246 0.000382
247 0.000381
248 0.000381
249 0.000382
250 0.000381
251 0.000390
252 0.000390
253 0.000390
254 0.000390
255 0.000390
256 0.000390
257 0.000390
258 0.000398
259 0.000398
260 0.000398
261 0.000398
262 0.000398
263 0.000398
264 0.000399
265 0.000407
266 0.000407
267 0.000406
268 0.000406
269 0.000406
270 0.000406
271 0.000408
272 0.000415
273 0.000415
274 0.000415
275 0.000415
276 0.000415
277 0.000414
278 0.000417
279 0.000423
280 0.000423
281 0.000423
282 0.000423
283 0.000423
284 0.000423
285 0.000426
286 0.000431
287 0.000431
288 0.000431
289 0.000431
290 0.000431
291 0.000431
292 0.000435
293 0.000439
294 0.000439
295 0.000439
296 0.000439
297 0.000439
298 0.000439
299 0.000444
300 0.000448
301 0.000448
302 0.000447
303 0.000448
304 0.000448
305 0.000448
306 0.000453
307 0.000456
308 0.000456
309 0.000456
310 0.000456
311 0.000456
312 0.000456
313 0.000462
314 0.000464
315 0.000464
316 0.000464
317 0.000464
318 0.000464
319 0.000464
320 0.000471
321 0.000472
322 0.000472
323 0.000472
324 0.000472
325 0.000472
326 0.000472
327 0.000480
328 0.000480
329 0.000480
330 0.000480
331 0.000480
