0 0.361342
1 0.000001
2 0.000038
3 0.000038
4 0.000038
5 0.000038
6 0.000038
7 0.000038
8 0.000038
9 0.000038
10 0.000038
11 0.000038
12 0.000038
13 0.000038
14 0.000038
15 0.000038
16 0.000038
17 0.000038
18 0.000038
19 0.000038
20 0.000038
21 0.000038
22 0.000038
23 0.000038
24 0.000038
25 0.000038
26 0.000038
27 0.000038
28 0.000038
29 0.000054
30 0.000086
31 0.000086
32 0.000086
33 0.000086
34 0.000086
35 0.000086
36 0.000093
37 0.000104
38 0.000104
39 0.000104
40 0.000104
41 0.000104
42 0.000104
43 0.000113
44 0.000123
45 0.000123
46 0.000123
47 0.000123
48 0.000123
49 0.000123
50 0.000133
51 0.000141
52 0.000141
53 0.000141
54 0.000141
55 0.000141
56 0.000141
57 0.000153
58 0.000159
59 0.000159
60 0.000159
61 0.000159
62 0.000159
63 0.000159
64 0.000173
65 0.000177
66 0.000177
67 0.000177
68 0.000177
69 0.000177
70 0.000177
71 0.000192
72 0.000195
73 0.000195
74 0.000195
75 0.000195
76 0.000195
77 0.000195
78 0.000211
79 0.000213
80 0.000213
81 0.000213
82 0.000213
83 0.000212
84 0.000212
85 0.000230
86 0.000230
87 0.000230
88 0.000230
89 0.000230
90 0.000230
91 0.000232
92 0.000247
93 0.000247
94 0.000247
95 0.000247
96 0.000247
97 0.000247
98 0.000250
99 0.000265
100 0.000265
101 0.000265
102 0.000265
103 0.000265
104 0.000265
105 0.000269
106 0.000282
107 0.000282
108 0.000282
109 0.000282
110 0.000282
111 0.000282
112 0.000287
113 0.000298
114 0.000298
115 0.000298
116 0.000298
117 0.000299
118 0.000298
119 0.000305
120 0.000315
121 0.000315
122 0.000315
123 0.000315
124 0.000315
125 0.000315
126 0.000323
127 0.000332
128 0.000332
129 0.000332
130 0.000332
131 0.000332
132 0.000332
133 0.000341
134 0.000348
135 0.000348
136 0.000348
137 0.000348
138 0.000348
139 0.000348
140 0.000359
141 0.000364
142 0.000364
143 0.000364
144 0.000364
145 0.000364
146 0.000364
147 0.000376
148 0.000380
149 0.000380
150 0.000380
151 0.000380
152 0.000380
153 0.000380
154 0.000394
155 0.000396
156 0.000396
157 0.000396
158 0.000396
159 0.000396
160 0.000396
161 0.000411
162 0.000412
163 0.000412
164 0.000412
165 0.000412
166 0.000412
167 0.000412
168 0.000428
169 0.000428
170 0.000428
171 0.000428
172 0.000428
173 0.000428
174 0.000429
175 0.000443
176 0.000443
177 0.000443
178 0.000443
179 0.000443
180 0.000443
181 0.000446
182 0.000459
183 0.000458
184 0.000458
185 0.000458
186 0.000459
187 0.000458
188 0.000463
189 0.000473
190 0.000474
191 0.000473
192 0.000474
193 0.000473
194 0.000474
195 0.000479
196 0.000489
197 0.000489
198 0.000489
199 0.000488
200 0.000489
201 0.000489
202 0.000495
203 0.000504
204 0.000504
205 0.000504
206 0.000504
207 0.000504
208 0.000504
209 0.000511
210 0.000518
211 0.000518
212 0.000518
213 0.000518
214 0.000518
215 0.000519
216 0.000527
217 0.000533
218 0.000533
219 0.000533
220 0.000533
221 0.000533
222 0.000533
223 0.000543
224 0.000548
225 0.000547
226 0.000548
227 0.000548
228 0.000547
229 0.000548
230 0.000558
231 0.000562
232 0.000562
233 0.000562
234 0.000562
235 0.000562
236 0.000562
237 0.000574
238 0.000576
239 0.000576
240 0.000576
241 0.000576
242 0.000576
243 0.000576
244 0.000589
245 0.000590
246 0.000590
247 0.000590
248 0.000590
249 0.000590
250 0.000590
251 0.000604
252 0.000604
253 0.000604
254 0.000604
255 0.000604
256 0.000604
257 0.000605
258 0.000618
259 0.000617
260 0.000617
261 0.000617
262 0.000617
263 0.000617
264 0.000620
265 0.000631
266 0.000631
267 0.000631
268 0.000631
269 0.000631
270 0.000631
271 0.000634
272 0.000644
273 0.000644
274 0.000644
275 0.000644
276 0.000644
277 0.000644
278 0.000649
279 0.000657
280 0.000658
281 0.000657
282 0.000657
283 0.000657
284 0.000657
285 0.000663
286 0.000670
287 0.000670
288 0.000670
289 0.000670
290 0.000670
291 0.000670
292 0.000677
293 0.000683
294 0.000683
295 0.000683
296 0.000683
297 0.000683
298 0.000683
299 0.000691
300 0.000696
301 0.000696
302 0.000696
303 0.000696
304 0.000696
305 0.000696
306 0.000704
307 0.000709
308 0.000708
309 0.000709
310 0.000709
311 0.000709
312 0.000709
313 0.000718
314 0.000721
315 0.000722
316 0.000721
317 0.000722
318 0.000721
319 0.000721
320 0.000732
321 0.000734
322 0.000734
323 0.000734
324 0.000734
325 0.000734
326 0.000734
327 0.000745
328 0.000746
329 0.000746
330 0.000746
331 0.000746
