0 0.361342
1 0.000001
2 0.000144
3 0.000144
4 0.000144
5 0.000143
6 0.000144
7 0.000144
8 0.000143
9 0.000143
10 0.000143
11 0.000308
12 0.000355
13 0.000355
14 0.000355
15 0.000378
16 0.000493
17 0.000493
18 0.000493
19 0.000492
20 0.000549
21 0.000594
22 0.000611
23 0.000661
24 0.000661
25 0.000723
26 0.000727
27 0.000770
28 0.000793
29 0.000815
30 0.000859
31 0.000860
32 0.000923
33 0.000923
34 0.000969
35 0.000987
36 0.001014
37 0.001051
38 0.001058
39 0.001114
40 0.001114
41 0.001164
42 0.001176
43 0.001207
44 0.001239
45 0.001251
46 0.001300
47 0.001300
48 0.001355
49 0.001362
50 0.001397
51 0.001422
52 0.001439
53 0.001483
54 0.001483
55 0.001541
56 0.001544
57 0.001583
58 0.001603
59 0.001625
60 0.001663
61 0.001667
62 0.001722
63 0.001724
64 0.001767
65 0.001783
66 0.001809
67 0.001842
68 0.001851
69 0.001901
70 0.001903
71 0.001951
72 0.001962
73 0.001992
74 0.002020
75 0.002034
76 0.002079
77 0.002081
78 0.002132
79 0.002139
80 0.002175
81 0.002198
82 0.002217
83 0.002256
84 0.002260
85 0.002315
86 0.002318
87 0.002358
88 0.002377
89 0.002401
90 0.002436
91 0.002444
92 0.002494
93 0.002498
94 0.002541
95 0.002556
96 0.002584
97 0.002615
98 0.002627
99 0.002673
100 0.002677
101 0.002724
102 0.002735
103 0.002767
104 0.002793
105 0.002810
106 0.002851
107 0.002856
108 0.002906
109 0.002914
110 0.002950
111 0.002972
112 0.002993
113 0.003029
114 0.003035
115 0.003086
116 0.003090
117 0.003128
118 0.003146
119 0.003170
120 0.003201
121 0.003211
122 0.003256
123 0.003260
124 0.003301
125 0.003315
126 0.003342
127 0.003369
128 0.003382
129 0.003422
130 0.003426
131 0.003469
132 0.003478
133 0.003506
134 0.003528
135 0.003543
136 0.003576
137 0.003578
138 0.003620
139 0.003622
140 0.003649
141 0.003663
142 0.003677
143 0.003702
144 0.003702
145 0.003738
146 0.003737
147 0.003769
148 0.003782
149 0.003799
150 0.003817
151 0.003817
152 0.003843
153 0.003835
154 0.003857
155 0.003853
156 0.003861
157 0.003867
158 0.003862
159 0.003876
160 0.003862
161 0.003878
162 0.003866
163 0.003870
164 0.003866
165 0.003859
166 0.003865
167 0.003849
168 0.003864
169 0.003848
170 0.003855
171 0.003850
172 0.003850
173 0.003856
174 0.003845
175 0.003858
176 0.003846
177 0.003857
178 0.003854
179 0.003859
180 0.003866
181 0.003864
182 0.003882
183 0.003878
184 0.003897
185 0.003899
186 0.003913
187 0.003924
188 0.003931
189 0.003951
190 0.003952
191 0.003978
192 0.003981
193 0.004000
194 0.004012
195 0.004024
196 0.004045
197 0.004051
198 0.004080
199 0.004087
200 0.004111
201 0.004125
202 0.004142
203 0.004163
204 0.004174
205 0.004202
206 0.004211
207 0.004238
208 0.004252
209 0.004273
210 0.004294
211 0.004308
212 0.004335
213 0.004346
214 0.004375
215 0.004389
216 0.004412
217 0.004432
218 0.004449
219 0.004475
220 0.004487
221 0.004516
222 0.004529
223 0.004552
224 0.004569
225 0.004587
226 0.004609
227 0.004620
228 0.004647
229 0.004657
230 0.004679
231 0.004693
232 0.004709
233 0.004727
234 0.004739
235 0.004761
236 0.004771
237 0.004791
238 0.004802
239 0.004817
240 0.004830
241 0.004838
242 0.004851
243 0.004853
244 0.004865
245 0.004866
246 0.004872
247 0.004874
248 0.004874
249 0.004879
250 0.004878
251 0.004883
252 0.004876
253 0.004872
254 0.004863
255 0.004852
256 0.004841
257 0.004823
258 0.004812
259 0.004793
260 0.004778
261 0.004758
262 0.004738
263 0.004717
264 0.004693
265 0.004673
266 0.004650
267 0.004631
268 0.004612
269 0.004596
270 0.004578
271 0.004563
272 0.004551
273 0.004534
274 0.004522
275 0.004510
276 0.004501
277 0.004493
278 0.004485
279 0.004480
280 0.004475
281 0.004474
282 0.004472
283 0.004473
284 0.004475
285 0.004476
286 0.004479
287 0.004482
288 0.004486
289 0.004490
290 0.004496
291 0.004502
292 0.004509
293 0.004518
294 0.004526
295 0.004534
296 0.004544
297 0.004552
298 0.004562
299 0.004571
300 0.004581
301 0.004592
302 0.004603
303 0.004615
304 0.004625
305 0.004638
306 0.004648
307 0.004660
308 0.004672
309 0.004683
310 0.004697
311 0.004705
312 0.004719
313 0.004728
314 0.004741
315 0.004754
316 0.004765
317 0.004779
318 0.004787
319 0.004801
320 0.004807
321 0.004818
322 0.004826
323 0.004834
324 0.004843
325 0.004847
326 0.004858
327 0.004859
328 0.004868
329 0.004870
330 0.004875
331 0.004879
