0 0.361342
1 0.000001
2 0.000205
3 0.000205
4 0.000205
5 0.000205
6 0.000205
7 0.000205
8 0.000205
9 0.000205
10 0.000205
11 0.000205
12 0.000205
13 0.000330
14 0.000474
15 0.000474
16 0.000474
17 0.000474
18 0.000606
19 0.000627
20 0.000627
21 0.000628
22 0.000656
23 0.000742
24 0.000742
25 0.000816
26 0.000821
27 0.000869
28 0.000895
29 0.000920
30 0.000969
31 0.000972
32 0.001043
33 0.001044
34 0.001099
35 0.001121
36 0.001151
37 0.001194
38 0.001203
39 0.001267
40 0.001268
41 0.001328
42 0.001344
43 0.001380
44 0.001417
45 0.001431
46 0.001489
47 0.001491
48 0.001556
49 0.001566
50 0.001607
51 0.001637
52 0.001658
53 0.001709
54 0.001710
55 0.001781
56 0.001784
57 0.001831
58 0.001855
59 0.001882
60 0.001928
61 0.001934
62 0.001998
63 0.002001
64 0.002054
65 0.002073
66 0.002104
67 0.002143
68 0.002154
69 0.002213
70 0.002216
71 0.002271
72 0.002284
73 0.002320
74 0.002352
75 0.002368
76 0.002419
77 0.002420
78 0.002480
79 0.002486
80 0.002525
81 0.002549
82 0.002568
83 0.002611
84 0.002611
85 0.002670
86 0.002669
87 0.002710
88 0.002727
89 0.002747
90 0.002780
91 0.002781
92 0.002832
93 0.002828
94 0.002868
95 0.002877
96 0.002901
97 0.002928
98 0.002935
99 0.002978
100 0.002973
101 0.003015
102 0.003017
103 0.003041
104 0.003060
105 0.003070
106 0.003108
107 0.003105
108 0.003150
109 0.003147
110 0.003173
111 0.003181
112 0.003185
113 0.003203
114 0.003190
115 0.003224
116 0.003209
117 0.003229
118 0.003226
119 0.003230
120 0.003240
121 0.003228
122 0.003250
123 0.003231
124 0.003248
125 0.003237
126 0.003239
127 0.003242
128 0.003231
129 0.003250
130 0.003238
131 0.003264
132 0.003260
133 0.003277
134 0.003291
135 0.003303
136 0.003336
137 0.003339
138 0.003380
139 0.003379
140 0.003404
141 0.003414
142 0.003423
143 0.003441
144 0.003439
145 0.003470
146 0.003467
147 0.003493
148 0.003501
149 0.003516
150 0.003536
151 0.003541
152 0.003573
153 0.003575
154 0.003605
155 0.003613
156 0.003634
157 0.003654
158 0.003665
159 0.003695
160 0.003700
161 0.003734
162 0.003742
163 0.003767
164 0.003785
165 0.003800
166 0.003828
167 0.003833
168 0.003871
169 0.003877
170 0.003905
171 0.003921
172 0.003940
173 0.003965
174 0.003975
175 0.004010
176 0.004018
177 0.004048
178 0.004062
179 0.004084
180 0.004108
181 0.004120
182 0.004153
183 0.004162
184 0.004195
185 0.004208
186 0.004233
187 0.004254
188 0.004270
189 0.004299
190 0.004309
191 0.004343
192 0.004355
193 0.004382
194 0.004402
195 0.004422
196 0.004451
197 0.004464
198 0.004501
199 0.004513
200 0.004544
201 0.004563
202 0.004586
203 0.004613
204 0.004629
205 0.004664
206 0.004679
207 0.004714
208 0.004735
209 0.004764
210 0.004791
211 0.004811
212 0.004842
213 0.004855
214 0.004885
215 0.004895
216 0.004914
217 0.004926
218 0.004932
219 0.004945
220 0.004941
221 0.004953
222 0.004946
223 0.004950
224 0.004948
225 0.004944
226 0.004943
227 0.004936
228 0.004949
229 0.004952
230 0.004965
231 0.004965
232 0.004961
233 0.004952
234 0.004929
235 0.004915
236 0.004888
237 0.004872
238 0.004846
239 0.004825
240 0.004801
241 0.004773
242 0.004753
243 0.004726
244 0.004717
245 0.004703
246 0.004698
247 0.004701
248 0.004710
249 0.004731
250 0.004750
251 0.004775
252 0.004786
253 0.004799
254 0.004805
255 0.004813
256 0.004823
257 0.004829
258 0.004843
259 0.004850
260 0.004863
261 0.004873
262 0.004884
263 0.004895
264 0.004904
265 0.004916
266 0.004922
267 0.004933
268 0.004940
269 0.004950
270 0.004958
271 0.004966
272 0.004977
273 0.004985
274 0.004996
275 0.005003
276 0.005014
277 0.005023
278 0.005032
279 0.005042
280 0.005049
281 0.005059
282 0.005067
283 0.005075
284 0.005083
285 0.005091
286 0.005100
287 0.005109
288 0.005117
289 0.005124
290 0.005131
291 0.005139
292 0.005146
293 0.005153
294 0.005159
295 0.005165
296 0.005172
297 0.005178
298 0.005184
299 0.005189
300 0.005194
301 0.005198
302 0.005201
303 0.005206
304 0.005207
305 0.005212
306 0.005213
307 0.005215
308 0.005216
309 0.005215
310 0.005216
311 0.005211
312 0.005211
313 0.005209
314 0.005211
315 0.005212
316 0.005213
317 0.005217
318 0.005214
319 0.005212
320 0.005198
321 0.005196
322 0.005194
323 0.005197
324 0.005202
325 0.005197
326 0.005192
327 0.005172
328 0.005164
329 0.005154
330 0.005144
331 0.005137
