0 0.361342
1 0.000001
2 0.000082
3 0.000082
4 0.000082
5 0.000081
6 0.000081
7 0.000082
8 0.000082
9 0.000081
10 0.000082
11 0.000082
12 0.000082
13 0.000081
14 0.000082
15 0.000099
16 0.000188
17 0.000188
18 0.000188
19 0.000188
20 0.000217
21 0.000240
22 0.000239
23 0.000239
24 0.000240
25 0.000288
26 0.000290
27 0.000291
28 0.000290
29 0.000307
30 0.000340
31 0.000341
32 0.000340
33 0.000341
34 0.000367
35 0.000378
36 0.000388
37 0.000402
38 0.000404
39 0.000426
40 0.000426
41 0.000445
42 0.000450
43 0.000462
44 0.000473
45 0.000478
46 0.000497
47 0.000497
48 0.000518
49 0.000520
50 0.000534
51 0.000543
52 0.000549
53 0.000566
54 0.000566
55 0.000588
56 0.000588
57 0.000603
58 0.000611
59 0.000618
60 0.000633
61 0.000634
62 0.000654
63 0.000654
64 0.000671
65 0.000676
66 0.000686
67 0.000698
68 0.000701
69 0.000719
70 0.000719
71 0.000736
72 0.000740
73 0.000751
74 0.000760
75 0.000765
76 0.000781
77 0.000781
78 0.000800
79 0.000801
80 0.000814
81 0.000821
82 0.000827
83 0.000842
84 0.000841
85 0.000861
86 0.000861
87 0.000875
88 0.000881
89 0.000888
90 0.000900
91 0.000902
92 0.000919
93 0.000919
94 0.000934
95 0.000938
96 0.000947
97 0.000957
98 0.000960
99 0.000975
100 0.000975
101 0.000991
102 0.000994
103 0.001004
104 0.001012
105 0.001016
106 0.001030
107 0.001030
108 0.001047
109 0.001048
110 0.001059
111 0.001065
112 0.001071
113 0.001082
114 0.001083
115 0.001099
116 0.001099
117 0.001111
118 0.001116
119 0.001122
120 0.001132
121 0.001134
122 0.001148
123 0.001148
124 0.001161
125 0.001164
126 0.001172
127 0.001180
128 0.001183
129 0.001195
130 0.001195
131 0.001209
132 0.001211
133 0.001219
134 0.001225
135 0.001229
136 0.001240
137 0.001240
138 0.001254
139 0.001255
140 0.001264
141 0.001269
142 0.001274
143 0.001283
144 0.001283
145 0.001297
146 0.001297
147 0.001307
148 0.001310
149 0.001316
150 0.001324
151 0.001326
152 0.001337
153 0.001337
154 0.001348
155 0.001350
156 0.001357
157 0.001363
158 0.001366
159 0.001376
160 0.001376
161 0.001387
162 0.001388
163 0.001396
164 0.001401
165 0.001404
166 0.001412
167 0.001412
168 0.001424
169 0.001424
170 0.001432
171 0.001435
172 0.001440
173 0.001447
174 0.001447
175 0.001458
176 0.001458
177 0.001466
178 0.001468
179 0.001473
180 0.001479
181 0.001481
182 0.001489
183 0.001490
184 0.001498
185 0.001499
186 0.001505
187 0.001509
188 0.001512
189 0.001519
190 0.001519
191 0.001527
192 0.001527
193 0.001533
194 0.001536
195 0.001539
196 0.001545
197 0.001544
198 0.001553
199 0.001553
200 0.001559
201 0.001561
202 0.001564
203 0.001569
204 0.001570
205 0.001577
206 0.001576
207 0.001583
208 0.001585
209 0.001588
210 0.001592
211 0.001593
212 0.001599
213 0.001600
214 0.001607
215 0.001608
216 0.001612
217 0.001614
218 0.001616
219 0.001620
220 0.001620
221 0.001627
222 0.001626
223 0.001631
224 0.001632
225 0.001634
226 0.001637
227 0.001637
228 0.001643
229 0.001643
230 0.001646
231 0.001648
232 0.001650
233 0.001653
234 0.001653
235 0.001657
236 0.001657
237 0.001661
238 0.001662
239 0.001664
240 0.001666
241 0.001667
242 0.001670
243 0.001670
244 0.001674
245 0.001674
246 0.001676
247 0.001678
248 0.001678
249 0.001681
250 0.001680
251 0.001683
252 0.001683
253 0.001685
254 0.001688
255 0.001692
256 0.001700
257 0.001706
258 0.001715
259 0.001722
260 0.001730
261 0.001736
262 0.001743
263 0.001750
264 0.001755
265 0.001762
266 0.001767
267 0.001772
268 0.001776
269 0.001778
270 0.001777
271 0.001776
272 0.001776
273 0.001774
274 0.001774
275 0.001773
276 0.001771
277 0.001770
278 0.001768
279 0.001766
280 0.001764
281 0.001763
282 0.001760
283 0.001759
284 0.001756
285 0.001754
286 0.001752
287 0.001749
288 0.001748
289 0.001745
290 0.001743
291 0.001740
292 0.001738
293 0.001736
294 0.001733
295 0.001730
296 0.001728
297 0.001725
298 0.001722
299 0.001720
300 0.001717
301 0.001715
302 0.001712
303 0.001709
304 0.001706
305 0.001704
306 0.001701
307 0.001699
308 0.001696
309 0.001694
310 0.001692
311 0.001689
312 0.001687
313 0.001684
314 0.001682
315 0.001681
316 0.001678
317 0.001677
318 0.001676
319 0.001680
320 0.001682
321 0.001686
322 0.001689
323 0.001693
324 0.001698
325 0.001701
326 0.001707
327 0.001708
328 0.001713
329 0.001713
330 0.001712
331 0.001711
