0 0.361342
1 0.000001
2 0.000030
3 0.000030
4 0.000030
5 0.000030
6 0.000030
7 0.000030
8 0.000030
9 0.000030
10 0.000030
11 0.000030
12 0.000030
13 0.000030
14 0.000030
15 0.000030
16 0.000030
17 0.000030
18 0.000031
19 0.000030
20 0.000030
21 0.000030
22 0.000030
23 0.000030
24 0.000030
25 0.000030
26 0.000030
27 0.000030
28 0.000030
29 0.000030
30 0.000030
31 0.000030
32 0.000030
33 0.000030
34 0.000030
35 0.000030
36 0.000046
37 0.000070
38 0.000070
39 0.000070
40 0.000070
41 0.000070
42 0.000070
43 0.000070
44 0.000070
45 0.000070
46 0.000070
47 0.000070
48 0.000070
49 0.000069
50 0.000083
51 0.000092
52 0.000092
53 0.000092
54 0.000092
55 0.000092
56 0.000092
57 0.000092
58 0.000092
59 0.000092
60 0.000092
61 0.000092
62 0.000092
63 0.000092
64 0.000104
65 0.000108
66 0.000108
67 0.000108
68 0.000108
69 0.000108
70 0.000108
71 0.000118
72 0.000119
73 0.000119
74 0.000119
75 0.000119
76 0.000119
77 0.000119
78 0.000129
79 0.000130
80 0.000130
81 0.000130
82 0.000130
83 0.000130
84 0.000130
85 0.000141
86 0.000141
87 0.000141
88 0.000141
89 0.000141
90 0.000141
91 0.000142
92 0.000151
93 0.000151
94 0.000151
95 0.000151
96 0.000151
97 0.000151
98 0.000153
99 0.000162
100 0.000162
101 0.000162
102 0.000162
103 0.000162
104 0.000162
105 0.000164
106 0.000172
107 0.000172
108 0.000172
109 0.000172
110 0.000172
111 0.000172
112 0.000176
113 0.000183
114 0.000183
115 0.000183
116 0.000183
117 0.000183
118 0.000183
119 0.000187
120 0.000193
121 0.000193
122 0.000193
123 0.000193
124 0.000193
125 0.000193
126 0.000198
127 0.000203
128 0.000204
129 0.000204
130 0.000204
131 0.000204
132 0.000204
133 0.000209
134 0.000214
135 0.000213
136 0.000214
137 0.000214
138 0.000214
139 0.000214
140 0.000220
141 0.000224
142 0.000223
143 0.000224
144 0.000224
145 0.000224
146 0.000224
147 0.000231
148 0.000234
149 0.000233
150 0.000233
151 0.000233
152 0.000233
153 0.000233
154 0.000241
155 0.000243
156 0.000243
157 0.000243
158 0.000243
159 0.000243
160 0.000243
161 0.000252
162 0.000253
163 0.000253
164 0.000253
165 0.000253
166 0.000253
167 0.000253
168 0.000263
169 0.000263
170 0.000263
171 0.000263
172 0.000263
173 0.000263
174 0.000264
175 0.000273
176 0.000272
177 0.000272
178 0.000272
179 0.000272
180 0.000273
181 0.000274
182 0.000282
183 0.000282
184 0.000282
185 0.000282
186 0.000282
187 0.000282
188 0.000284
189 0.000291
190 0.000291
191 0.000291
192 0.000291
193 0.000292
194 0.000291
195 0.000294
196 0.000301
197 0.000301
198 0.000301
199 0.000301
200 0.000301
201 0.000301
202 0.000304
203 0.000310
204 0.000310
205 0.000310
206 0.000310
207 0.000310
208 0.000310
209 0.000315
210 0.000319
211 0.000319
212 0.000319
213 0.000319
214 0.000319
215 0.000319
216 0.000325
217 0.000328
218 0.000328
219 0.000328
220 0.000328
221 0.000328
222 0.000328
223 0.000334
224 0.000337
225 0.000337
226 0.000337
227 0.000338
228 0.000338
229 0.000338
230 0.000344
231 0.000346
232 0.000347
233 0.000346
234 0.000347
235 0.000346
236 0.000347
237 0.000354
238 0.000355
239 0.000355
240 0.000355
241 0.000355
242 0.000355
243 0.000356
244 0.000364
245 0.000364
246 0.000364
247 0.000364
248 0.000364
249 0.000364
250 0.000365
251 0.000373
252 0.000373
253 0.000373
254 0.000373
255 0.000373
256 0.000373
257 0.000374
258 0.000382
259 0.000382
260 0.000382
261 0.000382
262 0.000382
263 0.000382
264 0.000383
265 0.000390
266 0.000390
267 0.000390
268 0.000390
269 0.000390
270 0.000391
271 0.000393
272 0.000399
273 0.000399
274 0.000399
275 0.000399
276 0.000399
277 0.000399
278 0.000402
279 0.000408
280 0.000407
281 0.000408
282 0.000408
283 0.000408
284 0.000408
285 0.000411
286 0.000416
287 0.000416
288 0.000416
289 0.000416
290 0.000416
291 0.000416
292 0.000420
293 0.000424
294 0.000424
295 0.000424
296 0.000424
297 0.000424
298 0.000424
299 0.000429
300 0.000432
301 0.000432
302 0.000432
303 0.000432
304 0.000433
305 0.000433
306 0.000438
307 0.000441
308 0.000441
309 0.000441
310 0.000441
311 0.000441
312 0.000441
313 0.000447
314 0.000449
315 0.000449
316 0.000449
317 0.000449
318 0.000449
319 0.000449
320 0.000455
321 0.000457
322 0.000457
323 0.000457
324 0.000457
325 0.000457
326 0.000457
327 0.000464
328 0.000465
329 0.000465
330 0.000465
331 0.000465
