0 0.361342
1 0.000001
2 0.000009
3 0.000009
4 0.000009
5 0.000018
6 0.000026
7 0.000026
8 0.000027
9 0.000043
10 0.000043
11 0.000043
12 0.000054
13 0.000060
14 0.000060
15 0.000063
16 0.000077
17 0.000077
18 0.000077
19 0.000089
20 0.000093
21 0.000094
22 0.000098
23 0.000110
24 0.000110
25 0.000110
26 0.000123
27 0.000126
28 0.000126
29 0.000132
30 0.000143
31 0.000143
32 0.000143
33 0.000157
34 0.000159
35 0.000159
36 0.000165
37 0.000175
38 0.000175
39 0.000175
40 0.000190
41 0.000191
42 0.000191
43 0.000199
44 0.000206
45 0.000206
46 0.000207
47 0.000222
48 0.000222
49 0.000222
50 0.000231
51 0.000237
52 0.000237
53 0.000239
54 0.000253
55 0.000253
56 0.000253
57 0.000263
58 0.000268
59 0.000268
60 0.000271
61 0.000283
62 0.000283
63 0.000283
64 0.000294
65 0.000298
66 0.000298
67 0.000302
68 0.000312
69 0.000312
70 0.000312
71 0.000324
72 0.000327
73 0.000327
74 0.000332
75 0.000341
76 0.000341
77 0.000341
78 0.000354
79 0.000356
80 0.000356
81 0.000362
82 0.000370
83 0.000370
84 0.000370
85 0.000384
86 0.000384
87 0.000384
88 0.000391
89 0.000398
90 0.000398
91 0.000399
92 0.000411
93 0.000411
94 0.000411
95 0.000420
96 0.000425
97 0.000425
98 0.000427
99 0.000438
100 0.000438
101 0.000438
102 0.000448
103 0.000451
104 0.000452
105 0.000455
106 0.000465
107 0.000465
108 0.000465
109 0.000475
110 0.000478
111 0.000478
112 0.000482
113 0.000490
114 0.000490
115 0.000490
116 0.000502
117 0.000503
118 0.000503
119 0.000508
120 0.000516
121 0.000516
122 0.000516
123 0.000528
124 0.000528
125 0.000528
126 0.000534
127 0.000540
128 0.000540
129 0.000541
130 0.000552
131 0.000552
132 0.000552
133 0.000559
134 0.000564
135 0.000564
136 0.000565
137 0.000576
138 0.000576
139 0.000576
140 0.000583
141 0.000587
142 0.000587
143 0.000590
144 0.000599
145 0.000599
146 0.000599
147 0.000607
148 0.000610
149 0.000610
150 0.000613
151 0.000621
152 0.000621
153 0.000621
154 0.000630
155 0.000632
156 0.000632
157 0.000636
158 0.000643
159 0.000643
160 0.000643
161 0.000653
162 0.000653
163 0.000653
164 0.000658
165 0.000664
166 0.000664
167 0.000664
168 0.000674
169 0.000674
170 0.000674
171 0.000680
172 0.000684
173 0.000684
174 0.000685
175 0.000694
176 0.000694
177 0.000694
178 0.000700
179 0.000704
180 0.000704
181 0.000706
182 0.000714
183 0.000714
184 0.000714
185 0.000721
186 0.000724
187 0.000723
188 0.000726
189 0.000733
190 0.000733
191 0.000733
192 0.000740
193 0.000742
194 0.000742
195 0.000745
196 0.000752
197 0.000751
198 0.000751
199 0.000759
200 0.000760
201 0.000760
202 0.000764
203 0.000769
204 0.000769
205 0.000769
206 0.000778
207 0.000778
208 0.000778
209 0.000782
210 0.000787
211 0.000787
212 0.000787
213 0.000795
214 0.000795
215 0.000795
216 0.000800
217 0.000803
218 0.000803
219 0.000804
220 0.000811
221 0.000811
222 0.000811
223 0.000816
224 0.000819
225 0.000819
226 0.000821
227 0.000827
228 0.000827
229 0.000827
230 0.000832
231 0.000834
232 0.000834
233 0.000836
234 0.000842
235 0.000841
236 0.000841
237 0.000848
238 0.000849
239 0.000849
240 0.000851
241 0.000856
242 0.000856
243 0.000856
244 0.000862
245 0.000863
246 0.000863
247 0.000866
248 0.000870
249 0.000869
250 0.000869
251 0.000876
252 0.000876
253 0.000876
254 0.000880
255 0.000883
256 0.000882
257 0.000883
258 0.000889
259 0.000889
260 0.000889
261 0.000893
262 0.000895
263 0.000895
264 0.000896
265 0.000901
266 0.000901
267 0.000901
268 0.000905
269 0.000907
270 0.000907
271 0.000908
272 0.000913
273 0.000913
274 0.000912
275 0.000917
276 0.000918
277 0.000918
278 0.000920
279 0.000924
280 0.000924
281 0.000923
282 0.000928
283 0.000929
284 0.000929
285 0.000931
286 0.000934
287 0.000934
288 0.000934
289 0.000939
290 0.000939
291 0.000939
292 0.000942
293 0.000944
294 0.000944
295 0.000944
296 0.000949
297 0.000949
298 0.000949
299 0.000952
300 0.000954
301 0.000954
302 0.000954
303 0.000958
304 0.000958
305 0.000958
306 0.000961
307 0.000963
308 0.000962
309 0.000963
310 0.000967
311 0.000967
312 0.000966
313 0.000970
314 0.000971
315 0.000971
316 0.000972
317 0.000975
318 0.000975
319 0.000975
320 0.000978
321 0.000979
322 0.000979
323 0.000980
324 0.000982
325 0.000982
326 0.000982
327 0.000986
328 0.000986
329 0.000986
330 0.000987
331 0.000989
