0 0.361342
1 0.000001
2 0.000037
3 0.000037
4 0.000037
5 0.000037
6 0.000037
7 0.000037
8 0.000037
9 0.000037
10 0.000037
11 0.000037
12 0.000037
13 0.000037
14 0.000037
15 0.000037
16 0.000037
17 0.000037
18 0.000037
19 0.000037
20 0.000037
21 0.000037
22 0.000037
23 0.000037
24 0.000037
25 0.000037
26 0.000037
27 0.000037
28 0.000037
29 0.000037
30 0.000037
31 0.000037
32 0.000037
33 0.000037
34 0.000037
35 0.000037
36 0.000037
37 0.000037
38 0.000037
39 0.000037
40 0.000037
41 0.000037
42 0.000037
43 0.000037
44 0.000037
45 0.000037
46 0.000037
47 0.000037
48 0.000037
49 0.000037
50 0.000067
51 0.000088
52 0.000088
53 0.000088
54 0.000088
55 0.000088
56 0.000088
57 0.000088
58 0.000088
59 0.000088
60 0.000088
61 0.000088
62 0.000088
63 0.000088
64 0.000088
65 0.000088
66 0.000088
67 0.000088
68 0.000088
69 0.000088
70 0.000088
71 0.000109
72 0.000113
73 0.000113
74 0.000113
75 0.000113
76 0.000113
77 0.000113
78 0.000113
79 0.000113
80 0.000113
81 0.000113
82 0.000113
83 0.000113
84 0.000113
85 0.000132
86 0.000132
87 0.000132
88 0.000132
89 0.000132
90 0.000132
91 0.000132
92 0.000132
93 0.000132
94 0.000132
95 0.000132
96 0.000132
97 0.000132
98 0.000135
99 0.000151
100 0.000151
101 0.000151
102 0.000151
103 0.000151
104 0.000151
105 0.000151
106 0.000151
107 0.000151
108 0.000151
109 0.000151
110 0.000151
111 0.000151
112 0.000157
113 0.000170
114 0.000170
115 0.000170
116 0.000170
117 0.000170
118 0.000170
119 0.000170
120 0.000170
121 0.000170
122 0.000170
123 0.000170
124 0.000170
125 0.000170
126 0.000179
127 0.000188
128 0.000188
129 0.000188
130 0.000188
131 0.000188
132 0.000188
133 0.000188
134 0.000188
135 0.000188
136 0.000188
137 0.000188
138 0.000188
139 0.000188
140 0.000197
141 0.000201
142 0.000201
143 0.000201
144 0.000201
145 0.000201
146 0.000201
147 0.000208
148 0.000210
149 0.000210
150 0.000210
151 0.000210
152 0.000210
153 0.000210
154 0.000217
155 0.000219
156 0.000219
157 0.000219
158 0.000219
159 0.000219
160 0.000219
161 0.000227
162 0.000228
163 0.000227
164 0.000227
165 0.000228
166 0.000227
167 0.000227
168 0.000236
169 0.000236
170 0.000236
171 0.000236
172 0.000236
173 0.000236
174 0.000237
175 0.000245
176 0.000245
177 0.000244
178 0.000244
179 0.000245
180 0.000244
181 0.000246
182 0.000253
183 0.000253
184 0.000253
185 0.000253
186 0.000253
187 0.000253
188 0.000255
189 0.000261
190 0.000261
191 0.000261
192 0.000261
193 0.000261
194 0.000261
195 0.000264
196 0.000269
197 0.000269
198 0.000269
199 0.000269
200 0.000269
201 0.000269
202 0.000273
203 0.000277
204 0.000277
205 0.000277
206 0.000277
207 0.000277
208 0.000277
209 0.000281
210 0.000285
211 0.000285
212 0.000285
213 0.000285
214 0.000285
215 0.000285
216 0.000290
217 0.000293
218 0.000293
219 0.000293
220 0.000293
221 0.000293
222 0.000293
223 0.000298
224 0.000301
225 0.000301
226 0.000301
227 0.000301
228 0.000301
229 0.000300
230 0.000307
231 0.000308
232 0.000308
233 0.000308
234 0.000308
235 0.000308
236 0.000308
237 0.000315
238 0.000316
239 0.000316
240 0.000316
241 0.000316
242 0.000316
243 0.000316
244 0.000323
245 0.000323
246 0.000323
247 0.000323
248 0.000323
249 0.000323
250 0.000323
251 0.000331
252 0.000331
253 0.000331
254 0.000330
255 0.000331
256 0.000330
257 0.000331
258 0.000338
259 0.000338
260 0.000338
261 0.000338
262 0.000338
263 0.000338
264 0.000339
265 0.000345
266 0.000345
267 0.000345
268 0.000345
269 0.000345
270 0.000345
271 0.000347
272 0.000352
273 0.000352
274 0.000352
275 0.000352
276 0.000352
277 0.000352
278 0.000354
279 0.000359
280 0.000359
281 0.000359
282 0.000359
283 0.000359
284 0.000359
285 0.000362
286 0.000366
287 0.000366
288 0.000366
289 0.000366
290 0.000366
291 0.000366
292 0.000369
293 0.000373
294 0.000373
295 0.000372
296 0.000372
297 0.000372
298 0.000372
299 0.000376
300 0.000379
301 0.000379
302 0.000379
303 0.000379
304 0.000379
305 0.000379
306 0.000383
307 0.000386
308 0.000386
309 0.000386
310 0.000385
311 0.000386
312 0.000385
313 0.000390
314 0.000392
315 0.000392
316 0.000392
317 0.000392
318 0.000392
319 0.000392
320 0.000397
321 0.000398
322 0.000398
323 0.000398
324 0.000398
325 0.000398
326 0.000398
327 0.000404
328 0.000405
329 0.000405
330 0.000404
331 0.000405
