0 0.361342
1 0.000001
2 0.000023
3 0.000023
4 0.000023
5 0.000023
6 0.000023
7 0.000023
8 0.000023
9 0.000023
10 0.000023
11 0.000023
12 0.000023
13 0.000023
14 0.000023
15 0.000023
16 0.000023
17 0.000023
18 0.000023
19 0.000023
20 0.000023
21 0.000023
22 0.000023
23 0.000023
24 0.000023
25 0.000023
26 0.000023
27 0.000023
28 0.000023
29 0.000023
30 0.000023
31 0.000023
32 0.000023
33 0.000023
34 0.000023
35 0.000023
36 0.000036
37 0.000055
38 0.000055
39 0.000055
40 0.000055
41 0.000055
42 0.000055
43 0.000055
44 0.000055
45 0.000055
46 0.000055
47 0.000055
48 0.000055
49 0.000055
50 0.000065
51 0.000073
52 0.000073
53 0.000073
54 0.000072
55 0.000073
56 0.000073
57 0.000073
58 0.000072
59 0.000072
60 0.000072
61 0.000072
62 0.000072
63 0.000073
64 0.000085
65 0.000090
66 0.000090
67 0.000090
68 0.000090
69 0.000090
70 0.000090
71 0.000090
72 0.000090
73 0.000090
74 0.000090
75 0.000090
76 0.000090
77 0.000090
78 0.000102
79 0.000103
80 0.000103
81 0.000103
82 0.000103
83 0.000103
84 0.000103
85 0.000111
86 0.000111
87 0.000111
88 0.000111
89 0.000111
90 0.000111
91 0.000112
92 0.000119
93 0.000119
94 0.000119
95 0.000120
96 0.000120
97 0.000120
98 0.000121
99 0.000128
100 0.000128
101 0.000128
102 0.000128
103 0.000128
104 0.000128
105 0.000130
106 0.000136
107 0.000136
108 0.000136
109 0.000136
110 0.000136
111 0.000136
112 0.000139
113 0.000144
114 0.000144
115 0.000144
116 0.000144
117 0.000144
118 0.000144
119 0.000147
120 0.000152
121 0.000152
122 0.000152
123 0.000152
124 0.000152
125 0.000152
126 0.000156
127 0.000160
128 0.000160
129 0.000160
130 0.000160
131 0.000160
132 0.000160
133 0.000165
134 0.000168
135 0.000168
136 0.000168
137 0.000168
138 0.000168
139 0.000168
140 0.000173
141 0.000176
142 0.000176
143 0.000176
144 0.000176
145 0.000176
146 0.000176
147 0.000182
148 0.000183
149 0.000183
150 0.000183
151 0.000183
152 0.000183
153 0.000183
154 0.000190
155 0.000191
156 0.000191
157 0.000191
158 0.000191
159 0.000191
160 0.000191
161 0.000198
162 0.000198
163 0.000199
164 0.000198
165 0.000199
166 0.000199
167 0.000199
168 0.000206
169 0.000206
170 0.000206
171 0.000206
172 0.000206
173 0.000206
174 0.000207
175 0.000213
176 0.000213
177 0.000213
178 0.000213
179 0.000213
180 0.000213
181 0.000215
182 0.000221
183 0.000221
184 0.000221
185 0.000221
186 0.000221
187 0.000220
188 0.000223
189 0.000228
190 0.000228
191 0.000228
192 0.000228
193 0.000228
194 0.000228
195 0.000230
196 0.000235
197 0.000235
198 0.000235
199 0.000235
200 0.000235
201 0.000235
202 0.000238
203 0.000242
204 0.000242
205 0.000242
206 0.000242
207 0.000242
208 0.000242
209 0.000246
210 0.000249
211 0.000249
212 0.000249
213 0.000249
214 0.000249
215 0.000249
216 0.000253
217 0.000256
218 0.000256
219 0.000256
220 0.000256
221 0.000256
222 0.000256
223 0.000261
224 0.000263
225 0.000263
226 0.000263
227 0.000263
228 0.000263
229 0.000263
230 0.000268
231 0.000269
232 0.000270
233 0.000270
234 0.000269
235 0.000269
236 0.000270
237 0.000275
238 0.000276
239 0.000276
240 0.000276
241 0.000276
242 0.000277
243 0.000276
244 0.000282
245 0.000283
246 0.000283
247 0.000283
248 0.000283
249 0.000283
250 0.000283
251 0.000289
252 0.000289
253 0.000289
254 0.000289
255 0.000289
256 0.000289
257 0.000290
258 0.000296
259 0.000296
260 0.000296
261 0.000296
262 0.000296
263 0.000296
264 0.000297
265 0.000302
266 0.000302
267 0.000302
268 0.000302
269 0.000302
270 0.000302
271 0.000304
272 0.000308
273 0.000308
274 0.000309
275 0.000309
276 0.000309
277 0.000308
278 0.000311
279 0.000315
280 0.000315
281 0.000315
282 0.000315
283 0.000315
284 0.000315
285 0.000317
286 0.000321
287 0.000321
288 0.000321
289 0.000321
290 0.000321
291 0.000321
292 0.000324
293 0.000327
294 0.000327
295 0.000327
296 0.000327
297 0.000327
298 0.000327
299 0.000330
300 0.000333
301 0.000333
302 0.000333
303 0.000333
304 0.000333
305 0.000333
306 0.000337
307 0.000339
308 0.000339
309 0.000339
310 0.000339
311 0.000339
312 0.000339
313 0.000344
314 0.000345
315 0.000345
316 0.000345
317 0.000345
318 0.000345
319 0.000345
320 0.000350
321 0.000351
322 0.000351
323 0.000351
324 0.000351
325 0.000351
326 0.000351
327 0.000356
328 0.000357
329 0.000357
330 0.000357
331 0.000357
