0 0.361342
1 0.000001
2 0.000068
3 0.000069
4 0.000068
5 0.000068
6 0.000069
7 0.000068
8 0.000069
9 0.000068
10 0.000069
11 0.000068
12 0.000069
13 0.000068
14 0.000069
15 0.000068
16 0.000068
17 0.000068
18 0.000068
19 0.000135
20 0.000162
21 0.000163
22 0.000163
23 0.000162
24 0.000162
25 0.000162
26 0.000204
27 0.000215
28 0.000215
29 0.000215
30 0.000215
31 0.000215
32 0.000215
33 0.000248
34 0.000253
35 0.000254
36 0.000264
37 0.000279
38 0.000279
39 0.000279
40 0.000303
41 0.000305
42 0.000304
43 0.000317
44 0.000329
45 0.000329
46 0.000331
47 0.000354
48 0.000354
49 0.000354
50 0.000369
51 0.000379
52 0.000379
53 0.000382
54 0.000403
55 0.000403
56 0.000404
57 0.000420
58 0.000428
59 0.000428
60 0.000433
61 0.000452
62 0.000452
63 0.000452
64 0.000469
65 0.000475
66 0.000475
67 0.000482
68 0.000499
69 0.000499
70 0.000499
71 0.000519
72 0.000522
73 0.000522
74 0.000531
75 0.000545
76 0.000545
77 0.000545
78 0.000566
79 0.000568
80 0.000568
81 0.000578
82 0.000591
83 0.000590
84 0.000590
85 0.000613
86 0.000613
87 0.000613
88 0.000625
89 0.000635
90 0.000635
91 0.000637
92 0.000657
93 0.000658
94 0.000657
95 0.000671
96 0.000679
97 0.000679
98 0.000682
99 0.000700
100 0.000700
101 0.000700
102 0.000715
103 0.000722
104 0.000721
105 0.000727
106 0.000743
107 0.000743
108 0.000743
109 0.000759
110 0.000763
111 0.000763
112 0.000770
113 0.000784
114 0.000784
115 0.000784
116 0.000802
117 0.000805
118 0.000804
119 0.000813
120 0.000824
121 0.000825
122 0.000824
123 0.000844
124 0.000844
125 0.000845
126 0.000854
127 0.000864
128 0.000864
129 0.000865
130 0.000884
131 0.000884
132 0.000883
133 0.000894
134 0.000903
135 0.000903
136 0.000906
137 0.000921
138 0.000922
139 0.000922
140 0.000934
141 0.000941
142 0.000941
143 0.000945
144 0.000959
145 0.000959
146 0.000959
147 0.000974
148 0.000978
149 0.000978
150 0.000983
151 0.000996
152 0.000996
153 0.000996
154 0.001011
155 0.001014
156 0.001014
157 0.001021
158 0.001032
159 0.001032
160 0.001032
161 0.001048
162 0.001049
163 0.001049
164 0.001058
165 0.001067
166 0.001067
167 0.001067
168 0.001083
169 0.001083
170 0.001083
171 0.001092
172 0.001100
173 0.001099
174 0.001101
175 0.001116
176 0.001116
177 0.001116
178 0.001126
179 0.001132
180 0.001132
181 0.001135
182 0.001148
183 0.001148
184 0.001148
185 0.001160
186 0.001164
187 0.001164
188 0.001168
189 0.001180
190 0.001180
191 0.001181
192 0.001192
193 0.001196
194 0.001195
195 0.001201
196 0.001211
197 0.001211
198 0.001211
199 0.001224
200 0.001226
201 0.001226
202 0.001232
203 0.001242
204 0.001241
205 0.001241
206 0.001255
207 0.001256
208 0.001256
209 0.001263
210 0.001270
211 0.001270
212 0.001271
213 0.001285
214 0.001285
215 0.001285
216 0.001293
217 0.001299
218 0.001299
219 0.001301
220 0.001312
221 0.001313
222 0.001313
223 0.001321
224 0.001326
225 0.001326
226 0.001329
227 0.001340
228 0.001340
229 0.001339
230 0.001347
231 0.001349
232 0.001347
233 0.001348
234 0.001353
235 0.001349
236 0.001345
237 0.001352
238 0.001350
239 0.001347
240 0.001347
241 0.001351
242 0.001347
243 0.001343
244 0.001350
245 0.001348
246 0.001345
247 0.001347
248 0.001351
249 0.001348
250 0.001346
251 0.001356
252 0.001355
253 0.001355
254 0.001361
255 0.001366
256 0.001367
257 0.001369
258 0.001380
259 0.001382
260 0.001383
261 0.001393
262 0.001399
263 0.001401
264 0.001404
265 0.001416
266 0.001418
267 0.001420
268 0.001430
269 0.001436
270 0.001438
271 0.001442
272 0.001453
273 0.001455
274 0.001458
275 0.001468
276 0.001473
277 0.001475
278 0.001481
279 0.001490
280 0.001493
281 0.001496
282 0.001507
283 0.001510
284 0.001512
285 0.001519
286 0.001527
287 0.001529
288 0.001531
289 0.001544
290 0.001546
291 0.001548
292 0.001555
293 0.001562
294 0.001563
295 0.001566
296 0.001576
297 0.001578
298 0.001579
299 0.001586
300 0.001591
301 0.001593
302 0.001594
303 0.001603
304 0.001602
305 0.001601
306 0.001605
307 0.001605
308 0.001603
309 0.001601
310 0.001603
311 0.001599
312 0.001595
313 0.001596
314 0.001592
315 0.001587
316 0.001585
317 0.001586
318 0.001583
319 0.001580
320 0.001584
321 0.001584
322 0.001583
323 0.001585
324 0.001590
325 0.001590
326 0.001591
327 0.001598
328 0.001599
329 0.001600
330 0.001604
331 0.001610
