0 0.361342
1 0.000001
2 0.000016
3 0.000016
4 0.000016
5 0.000016
6 0.000016
7 0.000016
8 0.000016
9 0.000016
10 0.000016
11 0.000016
12 0.000016
13 0.000016
14 0.000016
15 0.000016
16 0.000016
17 0.000016
18 0.000016
19 0.000016
20 0.000016
21 0.000016
22 0.000016
23 0.000016
24 0.000016
25 0.000016
26 0.000016
27 0.000016
28 0.000016
29 0.000016
30 0.000016
31 0.000016
32 0.000016
33 0.000016
34 0.000016
35 0.000016
36 0.000016
37 0.000016
38 0.000016
39 0.000016
40 0.000016
41 0.000016
42 0.000016
43 0.000016
44 0.000016
45 0.000016
46 0.000016
47 0.000016
48 0.000016
49 0.000016
50 0.000016
51 0.000016
52 0.000016
53 0.000016
54 0.000016
55 0.000016
56 0.000016
57 0.000016
58 0.000016
59 0.000016
60 0.000016
61 0.000016
62 0.000016
63 0.000016
64 0.000033
65 0.000038
66 0.000038
67 0.000038
68 0.000038
69 0.000038
70 0.000038
71 0.000038
72 0.000038
73 0.000038
74 0.000038
75 0.000038
76 0.000038
77 0.000038
78 0.000038
79 0.000038
80 0.000038
81 0.000038
82 0.000038
83 0.000038
84 0.000038
85 0.000038
86 0.000038
87 0.000038
88 0.000038
89 0.000038
90 0.000038
91 0.000039
92 0.000049
93 0.000049
94 0.000050
95 0.000050
96 0.000050
97 0.000050
98 0.000049
99 0.000049
100 0.000049
101 0.000050
102 0.000049
103 0.000050
104 0.000050
105 0.000049
106 0.000049
107 0.000049
108 0.000050
109 0.000050
110 0.000049
111 0.000049
112 0.000052
113 0.000059
114 0.000059
115 0.000059
116 0.000059
117 0.000059
118 0.000059
119 0.000059
120 0.000059
121 0.000059
122 0.000059
123 0.000059
124 0.000059
125 0.000059
126 0.000059
127 0.000059
128 0.000059
129 0.000059
130 0.000059
131 0.000059
132 0.000059
133 0.000063
134 0.000067
135 0.000067
136 0.000066
137 0.000066
138 0.000066
139 0.000066
140 0.000066
141 0.000067
142 0.000066
143 0.000066
144 0.000067
145 0.000066
146 0.000066
147 0.000071
148 0.000073
149 0.000072
150 0.000072
151 0.000072
152 0.000073
153 0.000072
154 0.000072
155 0.000072
156 0.000072
157 0.000072
158 0.000072
159 0.000072
160 0.000072
161 0.000078
162 0.000078
163 0.000078
164 0.000078
165 0.000078
166 0.000078
167 0.000078
168 0.000078
169 0.000078
170 0.000078
171 0.000078
172 0.000078
173 0.000078
174 0.000079
175 0.000084
176 0.000084
177 0.000084
178 0.000084
179 0.000084
180 0.000084
181 0.000084
182 0.000084
183 0.000084
184 0.000084
185 0.000084
186 0.000084
187 0.000084
188 0.000085
189 0.000089
190 0.000089
191 0.000089
192 0.000089
193 0.000089
194 0.000089
195 0.000089
196 0.000089
197 0.000089
198 0.000089
199 0.000089
200 0.000089
201 0.000089
202 0.000091
203 0.000095
204 0.000095
205 0.000095
206 0.000095
207 0.000095
208 0.000095
209 0.000095
210 0.000095
211 0.000095
212 0.000095
213 0.000095
214 0.000095
215 0.000095
216 0.000098
217 0.000100
218 0.000100
219 0.000100
220 0.000100
221 0.000100
222 0.000100
223 0.000100
224 0.000100
225 0.000100
226 0.000100
227 0.000100
228 0.000100
229 0.000100
230 0.000104
231 0.000105
232 0.000105
233 0.000105
234 0.000105
235 0.000105
236 0.000105
237 0.000105
238 0.000105
239 0.000105
240 0.000105
241 0.000105
242 0.000105
243 0.000105
244 0.000110
245 0.000110
246 0.000110
247 0.000110
248 0.000110
249 0.000110
250 0.000110
251 0.000110
252 0.000110
253 0.000110
254 0.000110
255 0.000110
256 0.000110
257 0.000110
258 0.000115
259 0.000115
260 0.000115
261 0.000115
262 0.000115
263 0.000115
264 0.000115
265 0.000115
266 0.000115
267 0.000115
268 0.000115
269 0.000115
270 0.000115
271 0.000116
272 0.000118
273 0.000118
274 0.000118
275 0.000118
276 0.000118
277 0.000118
278 0.000119
279 0.000121
280 0.000121
281 0.000121
282 0.000121
283 0.000120
284 0.000121
285 0.000121
286 0.000123
287 0.000123
288 0.000123
289 0.000123
290 0.000123
291 0.000123
292 0.000124
293 0.000125
294 0.000125
295 0.000125
296 0.000125
297 0.000125
298 0.000125
299 0.000126
300 0.000127
301 0.000127
302 0.000127
303 0.000127
304 0.000127
305 0.000127
306 0.000129
307 0.000129
308 0.000129
309 0.000129
310 0.000129
311 0.000129
312 0.000129
313 0.000131
314 0.000131
315 0.000131
316 0.000131
317 0.000131
318 0.000131
319 0.000131
320 0.000133
321 0.000134
322 0.000133
323 0.000133
324 0.000133
325 0.000133
326 0.000133
327 0.000135
328 0.000135
329 0.000136
330 0.000135
331 0.000135
