0 0.361342
1 0.000001
2 0.000074
3 0.000074
4 0.000074
5 0.000074
6 0.000074
7 0.000074
8 0.000074
9 0.000074
10 0.000074
11 0.000074
12 0.000074
13 0.000074
14 0.000074
15 0.000074
16 0.000074
17 0.000074
18 0.000074
19 0.000074
20 0.000074
21 0.000074
22 0.000074
23 0.000074
24 0.000074
25 0.000074
26 0.000155
27 0.000176
28 0.000176
29 0.000176
30 0.000176
31 0.000176
32 0.000176
33 0.000176
34 0.000176
35 0.000176
36 0.000197
37 0.000226
38 0.000226
39 0.000226
40 0.000226
41 0.000226
42 0.000226
43 0.000245
44 0.000264
45 0.000264
46 0.000264
47 0.000264
48 0.000264
49 0.000264
50 0.000286
51 0.000302
52 0.000302
53 0.000302
54 0.000302
55 0.000302
56 0.000302
57 0.000327
58 0.000339
59 0.000339
60 0.000339
61 0.000339
62 0.000339
63 0.000339
64 0.000367
65 0.000376
66 0.000376
67 0.000376
68 0.000376
69 0.000376
70 0.000376
71 0.000398
72 0.000403
73 0.000403
74 0.000409
75 0.000420
76 0.000420
77 0.000420
78 0.000436
79 0.000438
80 0.000438
81 0.000446
82 0.000455
83 0.000455
84 0.000455
85 0.000472
86 0.000472
87 0.000472
88 0.000481
89 0.000489
90 0.000489
91 0.000490
92 0.000506
93 0.000505
94 0.000505
95 0.000516
96 0.000522
97 0.000522
98 0.000525
99 0.000538
100 0.000538
101 0.000538
102 0.000550
103 0.000554
104 0.000554
105 0.000558
106 0.000570
107 0.000570
108 0.000570
109 0.000583
110 0.000586
111 0.000586
112 0.000591
113 0.000601
114 0.000601
115 0.000601
116 0.000615
117 0.000616
118 0.000616
119 0.000623
120 0.000632
121 0.000632
122 0.000631
123 0.000646
124 0.000646
125 0.000646
126 0.000654
127 0.000661
128 0.000661
129 0.000661
130 0.000676
131 0.000675
132 0.000675
133 0.000684
134 0.000690
135 0.000690
136 0.000691
137 0.000704
138 0.000704
139 0.000703
140 0.000713
141 0.000718
142 0.000718
143 0.000720
144 0.000731
145 0.000731
146 0.000731
147 0.000741
148 0.000745
149 0.000745
150 0.000748
151 0.000758
152 0.000758
153 0.000758
154 0.000769
155 0.000771
156 0.000771
157 0.000776
158 0.000784
159 0.000784
160 0.000784
161 0.000795
162 0.000796
163 0.000796
164 0.000802
165 0.000809
166 0.000809
167 0.000808
168 0.000821
169 0.000821
170 0.000821
171 0.000827
172 0.000833
173 0.000833
174 0.000834
175 0.000845
176 0.000845
177 0.000844
178 0.000852
179 0.000856
180 0.000856
181 0.000858
182 0.000868
183 0.000868
184 0.000867
185 0.000876
186 0.000879
187 0.000879
188 0.000881
189 0.000890
190 0.000890
191 0.000890
192 0.000898
193 0.000901
194 0.000900
195 0.000904
196 0.000911
197 0.000911
198 0.000911
199 0.000920
200 0.000922
201 0.000921
202 0.000926
203 0.000932
204 0.000931
205 0.000931
206 0.000941
207 0.000941
208 0.000941
209 0.000946
210 0.000951
211 0.000951
212 0.000951
213 0.000961
214 0.000960
215 0.000960
216 0.000966
217 0.000970
218 0.000970
219 0.000971
220 0.000979
221 0.000979
222 0.000978
223 0.000985
224 0.000988
225 0.000987
226 0.000989
227 0.000997
228 0.000996
229 0.000996
230 0.001003
231 0.001005
232 0.001005
233 0.001007
234 0.001013
235 0.001013
236 0.001013
237 0.001020
238 0.001021
239 0.001021
240 0.001024
241 0.001029
242 0.001029
243 0.001029
244 0.001036
245 0.001037
246 0.001036
247 0.001040
248 0.001044
249 0.001044
250 0.001044
251 0.001052
252 0.001051
253 0.001051
254 0.001055
255 0.001059
256 0.001058
257 0.001059
258 0.001066
259 0.001065
260 0.001065
261 0.001070
262 0.001072
263 0.001072
264 0.001073
265 0.001079
266 0.001079
267 0.001078
268 0.001083
269 0.001085
270 0.001085
271 0.001086
272 0.001092
273 0.001091
274 0.001091
275 0.001096
276 0.001098
277 0.001097
278 0.001099
279 0.001104
280 0.001103
281 0.001103
282 0.001109
283 0.001109
284 0.001109
285 0.001112
286 0.001115
287 0.001115
288 0.001115
289 0.001121
290 0.001121
291 0.001120
292 0.001123
293 0.001126
294 0.001126
295 0.001126
296 0.001132
297 0.001131
298 0.001131
299 0.001134
300 0.001137
301 0.001136
302 0.001137
303 0.001142
304 0.001142
305 0.001141
306 0.001145
307 0.001147
308 0.001146
309 0.001147
310 0.001152
311 0.001151
312 0.001151
313 0.001155
314 0.001156
315 0.001156
316 0.001157
317 0.001161
318 0.001161
319 0.001161
320 0.001165
321 0.001165
322 0.001165
323 0.001167
324 0.001170
325 0.001170
326 0.001170
327 0.001174
328 0.001174
329 0.001174
330 0.001176
331 0.001179
