0 0.361342
1 0.000001
2 0.000069
3 0.000069
4 0.000069
5 0.000069
6 0.000069
7 0.000069
8 0.000069
9 0.000069
10 0.000069
11 0.000069
12 0.000069
13 0.000069
14 0.000069
15 0.000069
16 0.000069
17 0.000069
18 0.000069
19 0.000069
20 0.000069
21 0.000069
22 0.000091
23 0.000157
24 0.000157
25 0.000157
26 0.000157
27 0.000157
28 0.000157
29 0.000171
30 0.000200
31 0.000200
32 0.000200
33 0.000200
34 0.000200
35 0.000200
36 0.000218
37 0.000242
38 0.000242
39 0.000242
40 0.000242
41 0.000242
42 0.000242
43 0.000263
44 0.000283
45 0.000284
46 0.000283
47 0.000283
48 0.000283
49 0.000283
50 0.000301
51 0.000314
52 0.000314
53 0.000317
54 0.000334
55 0.000334
56 0.000334
57 0.000347
58 0.000354
59 0.000354
60 0.000358
61 0.000374
62 0.000374
63 0.000374
64 0.000389
65 0.000394
66 0.000394
67 0.000399
68 0.000413
69 0.000413
70 0.000413
71 0.000429
72 0.000432
73 0.000432
74 0.000440
75 0.000451
76 0.000451
77 0.000451
78 0.000469
79 0.000470
80 0.000470
81 0.000479
82 0.000489
83 0.000489
84 0.000489
85 0.000507
86 0.000507
87 0.000507
88 0.000517
89 0.000526
90 0.000526
91 0.000527
92 0.000544
93 0.000544
94 0.000544
95 0.000555
96 0.000562
97 0.000562
98 0.000565
99 0.000580
100 0.000580
101 0.000580
102 0.000592
103 0.000597
104 0.000598
105 0.000602
106 0.000615
107 0.000615
108 0.000615
109 0.000629
110 0.000632
111 0.000632
112 0.000638
113 0.000649
114 0.000649
115 0.000649
116 0.000664
117 0.000666
118 0.000666
119 0.000673
120 0.000683
121 0.000683
122 0.000683
123 0.000699
124 0.000700
125 0.000700
126 0.000708
127 0.000716
128 0.000716
129 0.000717
130 0.000732
131 0.000732
132 0.000732
133 0.000741
134 0.000748
135 0.000748
136 0.000750
137 0.000764
138 0.000764
139 0.000764
140 0.000775
141 0.000780
142 0.000780
143 0.000783
144 0.000795
145 0.000795
146 0.000795
147 0.000807
148 0.000811
149 0.000811
150 0.000815
151 0.000826
152 0.000826
153 0.000826
154 0.000839
155 0.000841
156 0.000841
157 0.000847
158 0.000856
159 0.000856
160 0.000856
161 0.000869
162 0.000871
163 0.000871
164 0.000878
165 0.000886
166 0.000886
167 0.000886
168 0.000900
169 0.000901
170 0.000901
171 0.000908
172 0.000915
173 0.000915
174 0.000916
175 0.000929
176 0.000929
177 0.000929
178 0.000938
179 0.000943
180 0.000943
181 0.000945
182 0.000957
183 0.000957
184 0.000957
185 0.000966
186 0.000970
187 0.000970
188 0.000974
189 0.000984
190 0.000984
191 0.000984
192 0.000994
193 0.000997
194 0.000997
195 0.001002
196 0.001010
197 0.001011
198 0.001011
199 0.001022
200 0.001024
201 0.001024
202 0.001029
203 0.001036
204 0.001037
205 0.001037
206 0.001049
207 0.001049
208 0.001049
209 0.001056
210 0.001062
211 0.001062
212 0.001063
213 0.001074
214 0.001074
215 0.001075
216 0.001081
217 0.001086
218 0.001087
219 0.001088
220 0.001099
221 0.001099
222 0.001099
223 0.001107
224 0.001111
225 0.001111
226 0.001114
227 0.001123
228 0.001123
229 0.001123
230 0.001132
231 0.001134
232 0.001135
233 0.001138
234 0.001146
235 0.001146
236 0.001147
237 0.001156
238 0.001158
239 0.001158
240 0.001162
241 0.001169
242 0.001170
243 0.001170
244 0.001180
245 0.001181
246 0.001181
247 0.001186
248 0.001192
249 0.001192
250 0.001192
251 0.001203
252 0.001203
253 0.001203
254 0.001209
255 0.001214
256 0.001214
257 0.001215
258 0.001224
259 0.001225
260 0.001225
261 0.001231
262 0.001235
263 0.001236
264 0.001237
265 0.001246
266 0.001246
267 0.001246
268 0.001253
269 0.001256
270 0.001256
271 0.001259
272 0.001266
273 0.001266
274 0.001266
275 0.001273
276 0.001276
277 0.001276
278 0.001279
279 0.001285
280 0.001285
281 0.001286
282 0.001293
283 0.001295
284 0.001295
285 0.001299
286 0.001304
287 0.001304
288 0.001305
289 0.001312
290 0.001313
291 0.001313
292 0.001318
293 0.001322
294 0.001322
295 0.001323
296 0.001330
297 0.001331
298 0.001331
299 0.001336
300 0.001339
301 0.001339
302 0.001340
303 0.001347
304 0.001347
305 0.001348
306 0.001353
307 0.001355
308 0.001355
309 0.001357
310 0.001363
311 0.001363
312 0.001363
313 0.001369
314 0.001370
315 0.001371
316 0.001373
317 0.001378
318 0.001378
319 0.001378
320 0.001383
321 0.001384
322 0.001385
323 0.001387
324 0.001391
325 0.001391
326 0.001391
327 0.001397
328 0.001397
329 0.001397
330 0.001400
331 0.001403
