0 0.361342
1 0.000001
2 0.000103
3 0.000102
4 0.000103
5 0.000103
6 0.000102
7 0.000103
8 0.000103
9 0.000103
10 0.000103
11 0.000103
12 0.000102
13 0.000169
14 0.000243
15 0.000244
16 0.000244
17 0.000244
18 0.000311
19 0.000322
20 0.000322
21 0.000322
22 0.000337
23 0.000380
24 0.000380
25 0.000417
26 0.000419
27 0.000443
28 0.000457
29 0.000469
30 0.000494
31 0.000496
32 0.000532
33 0.000532
34 0.000558
35 0.000569
36 0.000584
37 0.000605
38 0.000609
39 0.000642
40 0.000641
41 0.000671
42 0.000677
43 0.000695
44 0.000714
45 0.000720
46 0.000748
47 0.000748
48 0.000780
49 0.000783
50 0.000804
51 0.000818
52 0.000828
53 0.000852
54 0.000852
55 0.000886
56 0.000886
57 0.000909
58 0.000920
59 0.000932
60 0.000953
61 0.000956
62 0.000986
63 0.000986
64 0.001011
65 0.001020
66 0.001033
67 0.001052
68 0.001056
69 0.001083
70 0.001083
71 0.001110
72 0.001115
73 0.001131
74 0.001146
75 0.001153
76 0.001177
77 0.001177
78 0.001205
79 0.001208
80 0.001226
81 0.001238
82 0.001248
83 0.001268
84 0.001268
85 0.001297
86 0.001298
87 0.001318
88 0.001327
89 0.001338
90 0.001355
91 0.001359
92 0.001384
93 0.001384
94 0.001406
95 0.001413
96 0.001427
97 0.001441
98 0.001446
99 0.001469
100 0.001469
101 0.001492
102 0.001496
103 0.001511
104 0.001524
105 0.001530
106 0.001550
107 0.001550
108 0.001575
109 0.001576
110 0.001593
111 0.001602
112 0.001611
113 0.001627
114 0.001628
115 0.001652
116 0.001652
117 0.001669
118 0.001676
119 0.001686
120 0.001701
121 0.001703
122 0.001725
123 0.001724
124 0.001744
125 0.001748
126 0.001761
127 0.001772
128 0.001777
129 0.001796
130 0.001796
131 0.001817
132 0.001819
133 0.001832
134 0.001842
135 0.001848
136 0.001865
137 0.001864
138 0.001885
139 0.001887
140 0.001901
141 0.001908
142 0.001916
143 0.001930
144 0.001931
145 0.001951
146 0.001951
147 0.001967
148 0.001972
149 0.001981
150 0.001992
151 0.001995
152 0.002013
153 0.002012
154 0.002025
155 0.002023
156 0.002027
157 0.002027
158 0.002023
159 0.002028
160 0.002019
161 0.002028
162 0.002020
163 0.002024
164 0.002023
165 0.002021
166 0.002027
167 0.002023
168 0.002036
169 0.002036
170 0.002047
171 0.002054
172 0.002064
173 0.002077
174 0.002082
175 0.002101
176 0.002106
177 0.002124
178 0.002132
179 0.002145
180 0.002158
181 0.002166
182 0.002185
183 0.002190
184 0.002209
185 0.002217
186 0.002232
187 0.002244
188 0.002253
189 0.002270
190 0.002275
191 0.002294
192 0.002301
193 0.002315
194 0.002325
195 0.002335
196 0.002349
197 0.002353
198 0.002370
199 0.002373
200 0.002387
201 0.002394
202 0.002401
203 0.002408
204 0.002407
205 0.002412
206 0.002405
207 0.002407
208 0.002400
209 0.002395
210 0.002389
211 0.002381
212 0.002381
213 0.002374
214 0.002380
215 0.002379
216 0.002385
217 0.002390
218 0.002394
219 0.002404
220 0.002407
221 0.002419
222 0.002421
223 0.002431
224 0.002436
225 0.002442
226 0.002450
227 0.002453
228 0.002463
229 0.002464
230 0.002473
231 0.002477
232 0.002483
233 0.002489
234 0.002491
235 0.002499
236 0.002500
237 0.002507
238 0.002508
239 0.002513
240 0.002516
241 0.002518
242 0.002524
243 0.002523
244 0.002530
245 0.002530
246 0.002535
247 0.002538
248 0.002541
249 0.002546
250 0.002546
251 0.002553
252 0.002554
253 0.002559
254 0.002561
255 0.002564
256 0.002568
257 0.002570
258 0.002576
259 0.002576
260 0.002580
261 0.002581
262 0.002583
263 0.002586
264 0.002586
265 0.002589
266 0.002589
267 0.002592
268 0.002591
269 0.002592
270 0.002594
271 0.002595
272 0.002596
273 0.002596
274 0.002599
275 0.002598
276 0.002600
277 0.002600
278 0.002602
279 0.002603
280 0.002603
281 0.002604
282 0.002604
283 0.002605
284 0.002605
285 0.002605
286 0.002605
287 0.002604
288 0.002604
289 0.002604
290 0.002603
291 0.002604
292 0.002603
293 0.002603
294 0.002602
295 0.002601
296 0.002601
297 0.002601
298 0.002600
299 0.002599
300 0.002599
301 0.002598
302 0.002597
303 0.002597
304 0.002595
305 0.002595
306 0.002593
307 0.002592
308 0.002591
309 0.002589
310 0.002589
311 0.002585
312 0.002585
313 0.002582
314 0.002581
315 0.002579
316 0.002577
317 0.002577
318 0.002573
319 0.002574
320 0.002570
321 0.002569
322 0.002567
323 0.002565
324 0.002564
325 0.002560
326 0.002560
327 0.002555
328 0.002554
329 0.002550
330 0.002547
331 0.002545
