0 0.356531
1 0.000001
2 0.000005
3 0.000005
4 0.000005
5 0.000009
6 0.000013
7 0.000013
8 0.000014
9 0.000022
10 0.000022
11 0.000022
12 0.000028
13 0.000031
14 0.000031
15 0.000033
16 0.000040
17 0.000040
18 0.000040
19 0.000046
20 0.000048
21 0.000048
22 0.000051
23 0.000057
24 0.000057
25 0.000057
26 0.000064
27 0.000065
28 0.000066
29 0.000068
30 0.000074
31 0.000074
32 0.000074
33 0.000081
34 0.000082
35 0.000082
36 0.000086
37 0.000091
38 0.000091
39 0.000091
40 0.000098
41 0.000099
42 0.000099
43 0.000103
44 0.000107
45 0.000107
46 0.000107
47 0.000115
48 0.000115
49 0.000115
50 0.000120
51 0.000123
52 0.000123
53 0.000124
54 0.000131
55 0.000131
56 0.000131
57 0.000136
58 0.000139
59 0.000139
60 0.000140
61 0.000147
62 0.000146
63 0.000147
64 0.000152
65 0.000154
66 0.000154
67 0.000156
68 0.000162
69 0.000162
70 0.000162
71 0.000168
72 0.000169
73 0.000169
74 0.000172
75 0.000177
76 0.000177
77 0.000177
78 0.000184
79 0.000184
80 0.000184
81 0.000187
82 0.000191
83 0.000191
84 0.000192
85 0.000199
86 0.000199
87 0.000199
88 0.000202
89 0.000206
90 0.000206
91 0.000206
92 0.000213
93 0.000213
94 0.000213
95 0.000217
96 0.000220
97 0.000220
98 0.000221
99 0.000227
100 0.000227
101 0.000227
102 0.000232
103 0.000234
104 0.000234
105 0.000235
106 0.000240
107 0.000240
108 0.000240
109 0.000246
110 0.000247
111 0.000247
112 0.000249
113 0.000254
114 0.000254
115 0.000254
116 0.000259
117 0.000260
118 0.000260
119 0.000263
120 0.000267
121 0.000267
122 0.000267
123 0.000273
124 0.000273
125 0.000273
126 0.000276
127 0.000279
128 0.000279
129 0.000280
130 0.000286
131 0.000286
132 0.000286
133 0.000289
134 0.000292
135 0.000292
136 0.000293
137 0.000298
138 0.000298
139 0.000298
140 0.000302
141 0.000304
142 0.000304
143 0.000305
144 0.000310
145 0.000310
146 0.000310
147 0.000314
148 0.000316
149 0.000316
150 0.000317
151 0.000321
152 0.000322
153 0.000322
154 0.000326
155 0.000327
156 0.000327
157 0.000329
158 0.000333
159 0.000333
160 0.000333
161 0.000338
162 0.000339
163 0.000339
164 0.000341
165 0.000344
166 0.000344
167 0.000344
168 0.000349
169 0.000349
170 0.000349
171 0.000352
172 0.000355
173 0.000355
174 0.000355
175 0.000360
176 0.000360
177 0.000360
178 0.000363
179 0.000365
180 0.000365
181 0.000366
182 0.000370
183 0.000371
184 0.000370
185 0.000374
186 0.000375
187 0.000375
188 0.000377
189 0.000381
190 0.000380
191 0.000380
192 0.000384
193 0.000385
194 0.000385
195 0.000387
196 0.000390
197 0.000390
198 0.000390
199 0.000394
200 0.000395
201 0.000395
202 0.000397
203 0.000400
204 0.000400
205 0.000400
206 0.000404
207 0.000404
208 0.000404
209 0.000406
210 0.000409
211 0.000409
212 0.000409
213 0.000413
214 0.000413
215 0.000413
216 0.000416
217 0.000418
218 0.000418
219 0.000418
220 0.000422
221 0.000422
222 0.000422
223 0.000425
224 0.000426
225 0.000426
226 0.000427
227 0.000430
228 0.000430
229 0.000430
230 0.000433
231 0.000434
232 0.000434
233 0.000436
234 0.000438
235 0.000438
236 0.000438
237 0.000442
238 0.000442
239 0.000442
240 0.000444
241 0.000446
242 0.000446
243 0.000446
244 0.000450
245 0.000450
246 0.000450
247 0.000452
248 0.000454
249 0.000454
250 0.000454
251 0.000457
252 0.000457
253 0.000457
254 0.000459
255 0.000461
256 0.000461
257 0.000461
258 0.000464
259 0.000464
260 0.000464
261 0.000466
262 0.000468
263 0.000468
264 0.000468
265 0.000471
266 0.000471
267 0.000471
268 0.000474
269 0.000474
270 0.000475
271 0.000475
272 0.000478
273 0.000478
274 0.000478
275 0.000480
276 0.000481
277 0.000481
278 0.000482
279 0.000484
280 0.000484
281 0.000484
282 0.000486
283 0.000487
284 0.000487
285 0.000488
286 0.000490
287 0.000490
288 0.000490
289 0.000492
290 0.000492
291 0.000492
292 0.000494
293 0.000495
294 0.000495
295 0.000495
296 0.000498
297 0.000498
298 0.000498
299 0.000499
300 0.000500
301 0.000501
302 0.000501
303 0.000503
304 0.000503
305 0.000503
306 0.000505
307 0.000505
308 0.000506
309 0.000506
310 0.000508
311 0.000508
312 0.000508
313 0.000510
314 0.000510
315 0.000510
316 0.000511
317 0.000513
318 0.000513
319 0.000512
320 0.000514
321 0.000515
322 0.000515
323 0.000515
324 0.000517
325 0.000517
326 0.000517
327 0.000519
328 0.000519
329 0.000519
330 0.000520
331 0.000521
