0 0.356531
1 0.000001
2 0.000002
3 0.000002
4 0.000002
5 0.000002
6 0.000002
7 0.000002
8 0.000003
9 0.000007
10 0.000007
11 0.000007
12 0.000007
13 0.000007
14 0.000007
15 0.000007
16 0.000011
17 0.000011
18 0.000011
19 0.000011
20 0.000011
21 0.000011
22 0.000012
23 0.000016
24 0.000016
25 0.000016
26 0.000016
27 0.000016
28 0.000016
29 0.000017
30 0.000020
31 0.000020
32 0.000020
33 0.000020
34 0.000020
35 0.000020
36 0.000022
37 0.000024
38 0.000024
39 0.000024
40 0.000024
41 0.000024
42 0.000024
43 0.000026
44 0.000028
45 0.000029
46 0.000029
47 0.000029
48 0.000029
49 0.000029
50 0.000031
51 0.000033
52 0.000033
53 0.000033
54 0.000033
55 0.000033
56 0.000033
57 0.000036
58 0.000037
59 0.000037
60 0.000037
61 0.000037
62 0.000037
63 0.000037
64 0.000040
65 0.000041
66 0.000041
67 0.000041
68 0.000041
69 0.000041
70 0.000041
71 0.000045
72 0.000045
73 0.000045
74 0.000045
75 0.000045
76 0.000045
77 0.000045
78 0.000049
79 0.000049
80 0.000049
81 0.000049
82 0.000049
83 0.000049
84 0.000049
85 0.000054
86 0.000053
87 0.000053
88 0.000054
89 0.000053
90 0.000053
91 0.000054
92 0.000057
93 0.000057
94 0.000058
95 0.000057
96 0.000058
97 0.000058
98 0.000058
99 0.000061
100 0.000062
101 0.000061
102 0.000061
103 0.000061
104 0.000062
105 0.000063
106 0.000065
107 0.000065
108 0.000065
109 0.000065
110 0.000065
111 0.000065
112 0.000067
113 0.000069
114 0.000069
115 0.000069
116 0.000069
117 0.000069
118 0.000069
119 0.000071
120 0.000073
121 0.000073
122 0.000073
123 0.000073
124 0.000073
125 0.000073
126 0.000075
127 0.000077
128 0.000077
129 0.000077
130 0.000077
131 0.000077
132 0.000077
133 0.000079
134 0.000081
135 0.000081
136 0.000081
137 0.000081
138 0.000081
139 0.000081
140 0.000083
141 0.000085
142 0.000085
143 0.000085
144 0.000085
145 0.000085
146 0.000085
147 0.000087
148 0.000088
149 0.000088
150 0.000088
151 0.000088
152 0.000088
153 0.000088
154 0.000091
155 0.000092
156 0.000092
157 0.000092
158 0.000092
159 0.000092
160 0.000092
161 0.000095
162 0.000096
163 0.000096
164 0.000096
165 0.000096
166 0.000096
167 0.000096
168 0.000099
169 0.000099
170 0.000099
171 0.000099
172 0.000099
173 0.000099
174 0.000100
175 0.000103
176 0.000103
177 0.000103
178 0.000103
179 0.000103
180 0.000103
181 0.000104
182 0.000106
183 0.000107
184 0.000106
185 0.000106
186 0.000106
187 0.000106
188 0.000107
189 0.000110
190 0.000110
191 0.000110
192 0.000110
193 0.000110
194 0.000110
195 0.000111
196 0.000113
197 0.000113
198 0.000113
199 0.000113
200 0.000113
201 0.000113
202 0.000115
203 0.000117
204 0.000117
205 0.000117
206 0.000117
207 0.000117
208 0.000117
209 0.000119
210 0.000120
211 0.000120
212 0.000120
213 0.000120
214 0.000120
215 0.000120
216 0.000122
217 0.000124
218 0.000124
219 0.000124
220 0.000124
221 0.000124
222 0.000123
223 0.000126
224 0.000127
225 0.000127
226 0.000127
227 0.000127
228 0.000127
229 0.000127
230 0.000129
231 0.000130
232 0.000130
233 0.000130
234 0.000130
235 0.000130
236 0.000130
237 0.000133
238 0.000133
239 0.000133
240 0.000133
241 0.000133
242 0.000133
243 0.000133
244 0.000136
245 0.000136
246 0.000137
247 0.000136
248 0.000137
249 0.000137
250 0.000137
251 0.000140
252 0.000140
253 0.000140
254 0.000140
255 0.000140
256 0.000140
257 0.000140
258 0.000143
259 0.000143
260 0.000143
261 0.000143
262 0.000143
263 0.000143
264 0.000143
265 0.000146
266 0.000146
267 0.000146
268 0.000146
269 0.000146
270 0.000146
271 0.000147
272 0.000149
273 0.000149
274 0.000149
275 0.000149
276 0.000149
277 0.000149
278 0.000150
279 0.000152
280 0.000152
281 0.000152
282 0.000152
283 0.000152
284 0.000152
285 0.000153
286 0.000155
287 0.000155
288 0.000155
289 0.000155
290 0.000155
291 0.000155
292 0.000156
293 0.000158
294 0.000158
295 0.000158
296 0.000158
297 0.000158
298 0.000158
299 0.000160
300 0.000161
301 0.000161
302 0.000161
303 0.000161
304 0.000161
305 0.000161
306 0.000163
307 0.000164
308 0.000164
309 0.000164
310 0.000164
311 0.000164
312 0.000164
313 0.000166
314 0.000167
315 0.000166
316 0.000166
317 0.000166
318 0.000166
319 0.000166
320 0.000169
321 0.000169
322 0.000169
323 0.000169
324 0.000169
325 0.000169
326 0.000169
327 0.000172
328 0.000172
329 0.000172
330 0.000172
331 0.000172
