0 0.361342
1 0.000001
2 0.000069
3 0.000069
4 0.000069
5 0.000069
6 0.000069
7 0.000069
8 0.000069
9 0.000069
10 0.000069
11 0.000069
12 0.000069
13 0.000114
14 0.000165
15 0.000165
16 0.000165
17 0.000164
18 0.000210
19 0.000218
20 0.000218
21 0.000218
22 0.000230
23 0.000270
24 0.000270
25 0.000270
26 0.000270
27 0.000294
28 0.000308
29 0.000317
30 0.000333
31 0.000334
32 0.000358
33 0.000359
34 0.000377
35 0.000383
36 0.000394
37 0.000408
38 0.000411
39 0.000432
40 0.000432
41 0.000452
42 0.000456
43 0.000468
44 0.000480
45 0.000485
46 0.000504
47 0.000504
48 0.000525
49 0.000527
50 0.000541
51 0.000550
52 0.000557
53 0.000573
54 0.000573
55 0.000596
56 0.000596
57 0.000611
58 0.000619
59 0.000627
60 0.000641
61 0.000642
62 0.000663
63 0.000663
64 0.000679
65 0.000684
66 0.000694
67 0.000706
68 0.000709
69 0.000727
70 0.000727
71 0.000745
72 0.000749
73 0.000759
74 0.000769
75 0.000774
76 0.000790
77 0.000790
78 0.000808
79 0.000810
80 0.000822
81 0.000830
82 0.000836
83 0.000850
84 0.000850
85 0.000869
86 0.000869
87 0.000883
88 0.000889
89 0.000896
90 0.000908
91 0.000909
92 0.000927
93 0.000927
94 0.000941
95 0.000945
96 0.000954
97 0.000964
98 0.000967
99 0.000982
100 0.000982
101 0.000998
102 0.001001
103 0.001011
104 0.001019
105 0.001023
106 0.001037
107 0.001037
108 0.001053
109 0.001055
110 0.001066
111 0.001072
112 0.001078
113 0.001090
114 0.001091
115 0.001107
116 0.001108
117 0.001120
118 0.001125
119 0.001132
120 0.001142
121 0.001144
122 0.001159
123 0.001160
124 0.001173
125 0.001176
126 0.001185
127 0.001193
128 0.001197
129 0.001210
130 0.001210
131 0.001225
132 0.001227
133 0.001236
134 0.001243
135 0.001248
136 0.001259
137 0.001260
138 0.001275
139 0.001276
140 0.001287
141 0.001292
142 0.001298
143 0.001308
144 0.001310
145 0.001324
146 0.001325
147 0.001337
148 0.001341
149 0.001349
150 0.001357
151 0.001361
152 0.001374
153 0.001375
154 0.001387
155 0.001391
156 0.001399
157 0.001407
158 0.001411
159 0.001423
160 0.001424
161 0.001437
162 0.001440
163 0.001450
164 0.001457
165 0.001462
166 0.001473
167 0.001475
168 0.001489
169 0.001492
170 0.001502
171 0.001508
172 0.001515
173 0.001526
174 0.001529
175 0.001543
176 0.001546
177 0.001558
178 0.001563
179 0.001571
180 0.001580
181 0.001585
182 0.001597
183 0.001599
184 0.001610
185 0.001612
186 0.001618
187 0.001625
188 0.001630
189 0.001641
190 0.001644
191 0.001657
192 0.001661
193 0.001671
194 0.001678
195 0.001685
196 0.001695
197 0.001699
198 0.001712
199 0.001715
200 0.001725
201 0.001731
202 0.001737
203 0.001746
204 0.001750
205 0.001761
206 0.001764
207 0.001774
208 0.001778
209 0.001785
210 0.001792
211 0.001796
212 0.001806
213 0.001808
214 0.001818
215 0.001821
216 0.001828
217 0.001834
218 0.001838
219 0.001846
220 0.001848
221 0.001857
222 0.001859
223 0.001866
224 0.001870
225 0.001874
226 0.001880
227 0.001882
228 0.001890
229 0.001892
230 0.001898
231 0.001901
232 0.001906
233 0.001910
234 0.001913
235 0.001919
236 0.001920
237 0.001926
238 0.001926
239 0.001928
240 0.001928
241 0.001928
242 0.001929
243 0.001927
244 0.001931
245 0.001931
246 0.001933
247 0.001934
248 0.001935
249 0.001937
250 0.001936
251 0.001939
252 0.001937
253 0.001938
254 0.001937
255 0.001937
256 0.001937
257 0.001935
258 0.001936
259 0.001934
260 0.001934
261 0.001932
262 0.001932
263 0.001931
264 0.001929
265 0.001928
266 0.001926
267 0.001926
268 0.001924
269 0.001922
270 0.001921
271 0.001919
272 0.001917
273 0.001914
274 0.001913
275 0.001910
276 0.001908
277 0.001905
278 0.001902
279 0.001900
280 0.001897
281 0.001894
282 0.001891
283 0.001888
284 0.001885
285 0.001882
286 0.001879
287 0.001876
288 0.001873
289 0.001870
290 0.001867
291 0.001864
292 0.001861
293 0.001858
294 0.001856
295 0.001853
296 0.001850
297 0.001847
298 0.001844
299 0.001841
300 0.001837
301 0.001834
302 0.001831
303 0.001828
304 0.001824
305 0.001821
306 0.001817
307 0.001813
308 0.001810
309 0.001806
310 0.001803
311 0.001799
312 0.001796
313 0.001792
314 0.001789
315 0.001786
316 0.001782
317 0.001780
318 0.001775
319 0.001773
320 0.001769
321 0.001766
322 0.001763
323 0.001759
324 0.001757
325 0.001752
326 0.001750
327 0.001745
328 0.001743
329 0.001739
330 0.001735
331 0.001732
