0 0.361342
1 0.000001
2 0.000048
3 0.000048
4 0.000048
5 0.000048
6 0.000048
7 0.000048
8 0.000048
9 0.000048
10 0.000048
11 0.000048
12 0.000048
13 0.000048
14 0.000048
15 0.000048
16 0.000048
17 0.000048
18 0.000048
19 0.000048
20 0.000048
21 0.000048
22 0.000048
23 0.000048
24 0.000048
25 0.000048
26 0.000048
27 0.000048
28 0.000048
29 0.000071
30 0.000118
31 0.000118
32 0.000118
33 0.000118
34 0.000118
35 0.000118
36 0.000118
37 0.000118
38 0.000118
39 0.000118
40 0.000118
41 0.000119
42 0.000118
43 0.000141
44 0.000164
45 0.000164
46 0.000164
47 0.000164
48 0.000164
49 0.000164
50 0.000164
51 0.000164
52 0.000164
53 0.000164
54 0.000164
55 0.000164
56 0.000164
57 0.000187
58 0.000199
59 0.000198
60 0.000198
61 0.000198
62 0.000198
63 0.000198
64 0.000215
65 0.000221
66 0.000221
67 0.000221
68 0.000221
69 0.000221
70 0.000221
71 0.000239
72 0.000243
73 0.000243
74 0.000243
75 0.000243
76 0.000243
77 0.000243
78 0.000263
79 0.000265
80 0.000265
81 0.000265
82 0.000265
83 0.000265
84 0.000265
85 0.000286
86 0.000287
87 0.000287
88 0.000287
89 0.000287
90 0.000287
91 0.000288
92 0.000308
93 0.000308
94 0.000308
95 0.000308
96 0.000308
97 0.000308
98 0.000312
99 0.000330
100 0.000330
101 0.000330
102 0.000330
103 0.000330
104 0.000330
105 0.000335
106 0.000351
107 0.000351
108 0.000351
109 0.000351
110 0.000351
111 0.000351
112 0.000358
113 0.000372
114 0.000372
115 0.000372
116 0.000372
117 0.000372
118 0.000372
119 0.000381
120 0.000393
121 0.000393
122 0.000393
123 0.000393
124 0.000393
125 0.000393
126 0.000403
127 0.000414
128 0.000414
129 0.000414
130 0.000414
131 0.000414
132 0.000414
133 0.000426
134 0.000434
135 0.000434
136 0.000435
137 0.000435
138 0.000435
139 0.000435
140 0.000448
141 0.000455
142 0.000455
143 0.000455
144 0.000455
145 0.000455
146 0.000455
147 0.000470
148 0.000475
149 0.000475
150 0.000475
151 0.000476
152 0.000476
153 0.000476
154 0.000492
155 0.000496
156 0.000496
157 0.000496
158 0.000496
159 0.000496
160 0.000496
161 0.000514
162 0.000516
163 0.000516
164 0.000516
165 0.000516
166 0.000516
167 0.000516
168 0.000536
169 0.000536
170 0.000536
171 0.000536
172 0.000536
173 0.000536
174 0.000538
175 0.000556
176 0.000556
177 0.000556
178 0.000556
179 0.000556
180 0.000556
181 0.000560
182 0.000576
183 0.000576
184 0.000576
185 0.000576
186 0.000576
187 0.000576
188 0.000581
189 0.000596
190 0.000596
191 0.000596
192 0.000596
193 0.000596
194 0.000596
195 0.000603
196 0.000616
197 0.000616
198 0.000616
199 0.000616
200 0.000617
201 0.000617
202 0.000625
203 0.000636
204 0.000636
205 0.000636
206 0.000636
207 0.000636
208 0.000637
209 0.000646
210 0.000655
211 0.000656
212 0.000656
213 0.000656
214 0.000656
215 0.000657
216 0.000668
217 0.000675
218 0.000676
219 0.000676
220 0.000676
221 0.000676
222 0.000676
223 0.000689
224 0.000695
225 0.000696
226 0.000696
227 0.000696
228 0.000696
229 0.000697
230 0.000710
231 0.000715
232 0.000715
233 0.000716
234 0.000716
235 0.000716
236 0.000716
237 0.000732
238 0.000735
239 0.000735
240 0.000736
241 0.000736
242 0.000736
243 0.000736
244 0.000753
245 0.000755
246 0.000755
247 0.000755
248 0.000756
249 0.000756
250 0.000757
251 0.000775
252 0.000775
253 0.000775
254 0.000776
255 0.000776
256 0.000776
257 0.000778
258 0.000795
259 0.000795
260 0.000795
261 0.000796
262 0.000796
263 0.000796
264 0.000800
265 0.000815
266 0.000815
267 0.000815
268 0.000816
269 0.000816
270 0.000817
271 0.000821
272 0.000835
273 0.000835
274 0.000835
275 0.000836
276 0.000836
277 0.000837
278 0.000843
279 0.000855
280 0.000855
281 0.000856
282 0.000856
283 0.000856
284 0.000857
285 0.000864
286 0.000875
287 0.000875
288 0.000876
289 0.000876
290 0.000877
291 0.000877
292 0.000886
293 0.000895
294 0.000895
295 0.000896
296 0.000896
297 0.000897
298 0.000897
299 0.000907
300 0.000915
301 0.000915
302 0.000916
303 0.000916
304 0.000917
305 0.000917
306 0.000929
307 0.000935
308 0.000935
309 0.000936
310 0.000936
311 0.000937
312 0.000937
313 0.000950
314 0.000954
315 0.000955
316 0.000956
317 0.000956
318 0.000957
319 0.000957
320 0.000971
321 0.000975
322 0.000975
323 0.000976
324 0.000976
325 0.000977
326 0.000978
327 0.000993
328 0.000995
329 0.000995
330 0.000996
331 0.000997
