0 0.361342
1 0.000001
2 0.000054
3 0.000054
4 0.000054
5 0.000054
6 0.000055
7 0.000054
8 0.000054
9 0.000054
10 0.000054
11 0.000055
12 0.000055
13 0.000054
14 0.000054
15 0.000054
16 0.000054
17 0.000055
18 0.000055
19 0.000054
20 0.000054
21 0.000054
22 0.000072
23 0.000126
24 0.000125
25 0.000125
26 0.000125
27 0.000126
28 0.000125
29 0.000137
30 0.000160
31 0.000160
32 0.000159
33 0.000160
34 0.000160
35 0.000160
36 0.000174
37 0.000194
38 0.000194
39 0.000194
40 0.000194
41 0.000194
42 0.000194
43 0.000211
44 0.000227
45 0.000227
46 0.000227
47 0.000227
48 0.000227
49 0.000227
50 0.000242
51 0.000252
52 0.000252
53 0.000253
54 0.000268
55 0.000268
56 0.000268
57 0.000279
58 0.000284
59 0.000284
60 0.000287
61 0.000300
62 0.000300
63 0.000300
64 0.000312
65 0.000316
66 0.000316
67 0.000320
68 0.000332
69 0.000331
70 0.000331
71 0.000344
72 0.000347
73 0.000347
74 0.000352
75 0.000362
76 0.000362
77 0.000362
78 0.000376
79 0.000377
80 0.000377
81 0.000384
82 0.000393
83 0.000392
84 0.000392
85 0.000407
86 0.000407
87 0.000407
88 0.000415
89 0.000422
90 0.000422
91 0.000423
92 0.000437
93 0.000437
94 0.000436
95 0.000446
96 0.000451
97 0.000451
98 0.000453
99 0.000465
100 0.000465
101 0.000465
102 0.000475
103 0.000479
104 0.000479
105 0.000483
106 0.000493
107 0.000493
108 0.000493
109 0.000505
110 0.000507
111 0.000507
112 0.000511
113 0.000521
114 0.000521
115 0.000521
116 0.000533
117 0.000535
118 0.000534
119 0.000540
120 0.000548
121 0.000548
122 0.000548
123 0.000561
124 0.000561
125 0.000561
126 0.000568
127 0.000574
128 0.000574
129 0.000575
130 0.000587
131 0.000587
132 0.000587
133 0.000595
134 0.000600
135 0.000600
136 0.000602
137 0.000613
138 0.000613
139 0.000613
140 0.000621
141 0.000626
142 0.000626
143 0.000628
144 0.000638
145 0.000638
146 0.000638
147 0.000648
148 0.000651
149 0.000651
150 0.000654
151 0.000663
152 0.000663
153 0.000663
154 0.000673
155 0.000675
156 0.000675
157 0.000679
158 0.000687
159 0.000687
160 0.000687
161 0.000698
162 0.000699
163 0.000699
164 0.000704
165 0.000710
166 0.000710
167 0.000711
168 0.000722
169 0.000722
170 0.000722
171 0.000728
172 0.000733
173 0.000733
174 0.000734
175 0.000744
176 0.000744
177 0.000744
178 0.000751
179 0.000755
180 0.000755
181 0.000757
182 0.000766
183 0.000766
184 0.000766
185 0.000773
186 0.000776
187 0.000777
188 0.000779
189 0.000787
190 0.000787
191 0.000787
192 0.000795
193 0.000797
194 0.000797
195 0.000801
196 0.000807
197 0.000807
198 0.000807
199 0.000816
200 0.000817
201 0.000817
202 0.000822
203 0.000827
204 0.000827
205 0.000827
206 0.000837
207 0.000837
208 0.000837
209 0.000842
210 0.000847
211 0.000846
212 0.000847
213 0.000856
214 0.000856
215 0.000856
216 0.000862
217 0.000865
218 0.000865
219 0.000866
220 0.000874
221 0.000874
222 0.000874
223 0.000880
224 0.000883
225 0.000883
226 0.000885
227 0.000892
228 0.000892
229 0.000892
230 0.000899
231 0.000901
232 0.000901
233 0.000904
234 0.000909
235 0.000909
236 0.000909
237 0.000916
238 0.000918
239 0.000918
240 0.000921
241 0.000926
242 0.000926
243 0.000926
244 0.000934
245 0.000934
246 0.000935
247 0.000938
248 0.000943
249 0.000943
250 0.000942
251 0.000950
252 0.000950
253 0.000950
254 0.000954
255 0.000958
256 0.000958
257 0.000958
258 0.000965
259 0.000965
260 0.000965
261 0.000970
262 0.000973
263 0.000972
264 0.000974
265 0.000980
266 0.000980
267 0.000980
268 0.000985
269 0.000987
270 0.000987
271 0.000988
272 0.000994
273 0.000994
274 0.000994
275 0.000999
276 0.001001
277 0.001000
278 0.001003
279 0.001007
280 0.001007
281 0.001007
282 0.001013
283 0.001014
284 0.001013
285 0.001016
286 0.001019
287 0.001019
288 0.001019
289 0.001025
290 0.001025
291 0.001025
292 0.001028
293 0.001031
294 0.001031
295 0.001031
296 0.001036
297 0.001036
298 0.001036
299 0.001039
300 0.001041
301 0.001042
302 0.001042
303 0.001047
304 0.001047
305 0.001047
306 0.001050
307 0.001052
308 0.001052
309 0.001053
310 0.001057
311 0.001057
312 0.001057
313 0.001061
314 0.001062
315 0.001062
316 0.001064
317 0.001067
318 0.001068
319 0.001067
320 0.001072
321 0.001073
322 0.001073
323 0.001074
324 0.001077
325 0.001077
326 0.001077
327 0.001081
328 0.001081
329 0.001081
330 0.001083
331 0.001086
