0 0.361342
1 0.000001
2 0.000038
3 0.000038
4 0.000038
5 0.000038
6 0.000038
7 0.000038
8 0.000038
9 0.000038
10 0.000038
11 0.000038
12 0.000038
13 0.000038
14 0.000038
15 0.000038
16 0.000038
17 0.000038
18 0.000038
19 0.000038
20 0.000069
21 0.000094
22 0.000094
23 0.000094
24 0.000094
25 0.000094
26 0.000094
27 0.000094
28 0.000094
29 0.000104
30 0.000125
31 0.000125
32 0.000125
33 0.000125
34 0.000125
35 0.000125
36 0.000134
37 0.000147
38 0.000146
39 0.000146
40 0.000146
41 0.000160
42 0.000163
43 0.000163
44 0.000163
45 0.000166
46 0.000180
47 0.000180
48 0.000180
49 0.000180
50 0.000189
51 0.000196
52 0.000196
53 0.000196
54 0.000196
55 0.000211
56 0.000212
57 0.000212
58 0.000212
59 0.000217
60 0.000227
61 0.000227
62 0.000227
63 0.000227
64 0.000239
65 0.000242
66 0.000242
67 0.000242
68 0.000244
69 0.000257
70 0.000257
71 0.000257
72 0.000257
73 0.000263
74 0.000268
75 0.000269
76 0.000275
77 0.000275
78 0.000282
79 0.000282
80 0.000286
81 0.000289
82 0.000291
83 0.000296
84 0.000296
85 0.000303
86 0.000303
87 0.000307
88 0.000309
89 0.000312
90 0.000316
91 0.000316
92 0.000322
93 0.000322
94 0.000327
95 0.000329
96 0.000332
97 0.000335
98 0.000336
99 0.000341
100 0.000341
101 0.000347
102 0.000347
103 0.000351
104 0.000353
105 0.000355
106 0.000360
107 0.000359
108 0.000365
109 0.000365
110 0.000369
111 0.000371
112 0.000373
113 0.000377
114 0.000377
115 0.000382
116 0.000382
117 0.000387
118 0.000388
119 0.000390
120 0.000393
121 0.000394
122 0.000399
123 0.000399
124 0.000403
125 0.000404
126 0.000407
127 0.000409
128 0.000410
129 0.000414
130 0.000414
131 0.000419
132 0.000419
133 0.000422
134 0.000424
135 0.000426
136 0.000429
137 0.000429
138 0.000433
139 0.000435
140 0.000437
141 0.000438
142 0.000441
143 0.000443
144 0.000443
145 0.000448
146 0.000448
147 0.000451
148 0.000452
149 0.000454
150 0.000457
151 0.000457
152 0.000461
153 0.000461
154 0.000464
155 0.000465
156 0.000467
157 0.000469
158 0.000470
159 0.000473
160 0.000473
161 0.000477
162 0.000477
163 0.000479
164 0.000481
165 0.000482
166 0.000485
167 0.000484
168 0.000488
169 0.000488
170 0.000491
171 0.000492
172 0.000493
173 0.000495
174 0.000495
175 0.000499
176 0.000499
177 0.000501
178 0.000502
179 0.000504
180 0.000505
181 0.000506
182 0.000509
183 0.000508
184 0.000511
185 0.000512
186 0.000513
187 0.000515
188 0.000515
189 0.000518
190 0.000518
191 0.000521
192 0.000521
193 0.000523
194 0.000524
195 0.000524
196 0.000526
197 0.000526
198 0.000529
199 0.000529
200 0.000531
201 0.000531
202 0.000533
203 0.000534
204 0.000534
205 0.000537
206 0.000537
207 0.000538
208 0.000539
209 0.000540
210 0.000541
211 0.000542
212 0.000544
213 0.000544
214 0.000546
215 0.000546
216 0.000547
217 0.000548
218 0.000548
219 0.000550
220 0.000550
221 0.000552
222 0.000552
223 0.000553
224 0.000554
225 0.000554
226 0.000556
227 0.000556
228 0.000558
229 0.000557
230 0.000559
231 0.000559
232 0.000560
233 0.000561
234 0.000561
235 0.000562
236 0.000562
237 0.000564
238 0.000564
239 0.000565
240 0.000565
241 0.000566
242 0.000567
243 0.000567
244 0.000568
245 0.000568
246 0.000569
247 0.000569
248 0.000570
249 0.000571
250 0.000571
251 0.000572
252 0.000572
253 0.000572
254 0.000573
255 0.000573
256 0.000574
257 0.000574
258 0.000575
259 0.000574
260 0.000575
261 0.000575
262 0.000576
263 0.000576
264 0.000576
265 0.000577
266 0.000577
267 0.000578
268 0.000578
269 0.000578
270 0.000578
271 0.000579
272 0.000579
273 0.000579
274 0.000579
275 0.000579
276 0.000580
277 0.000580
278 0.000580
279 0.000580
280 0.000580
281 0.000580
282 0.000581
283 0.000581
284 0.000581
285 0.000581
286 0.000581
287 0.000581
288 0.000581
289 0.000581
290 0.000581
291 0.000581
292 0.000581
293 0.000581
294 0.000581
295 0.000581
296 0.000581
297 0.000581
298 0.000581
299 0.000581
300 0.000581
301 0.000581
302 0.000580
303 0.000581
304 0.000580
305 0.000580
306 0.000580
307 0.000580
308 0.000579
309 0.000579
310 0.000579
311 0.000579
312 0.000579
313 0.000578
314 0.000578
315 0.000578
316 0.000577
317 0.000577
318 0.000576
319 0.000577
320 0.000576
321 0.000576
322 0.000575
323 0.000575
324 0.000575
325 0.000574
326 0.000574
327 0.000573
328 0.000573
329 0.000572
330 0.000572
331 0.000571
