0 0.361342
1 0.000001
2 0.000111
3 0.000111
4 0.000111
5 0.000111
6 0.000111
7 0.000111
8 0.000111
9 0.000111
10 0.000111
11 0.000111
12 0.000111
13 0.000111
14 0.000111
15 0.000111
16 0.000111
17 0.000111
18 0.000243
19 0.000264
20 0.000264
21 0.000264
22 0.000264
23 0.000264
24 0.000264
25 0.000334
26 0.000339
27 0.000338
28 0.000338
29 0.000358
30 0.000396
31 0.000397
32 0.000396
33 0.000396
34 0.000438
35 0.000453
36 0.000453
37 0.000453
38 0.000459
39 0.000509
40 0.000509
41 0.000509
42 0.000509
43 0.000536
44 0.000564
45 0.000564
46 0.000564
47 0.000563
48 0.000600
49 0.000604
50 0.000619
51 0.000630
52 0.000638
53 0.000657
54 0.000656
55 0.000682
56 0.000682
57 0.000699
58 0.000708
59 0.000717
60 0.000733
61 0.000735
62 0.000758
63 0.000758
64 0.000777
65 0.000783
66 0.000793
67 0.000807
68 0.000811
69 0.000831
70 0.000831
71 0.000851
72 0.000855
73 0.000867
74 0.000878
75 0.000884
76 0.000902
77 0.000901
78 0.000923
79 0.000924
80 0.000938
81 0.000947
82 0.000954
83 0.000970
84 0.000969
85 0.000992
86 0.000991
87 0.001007
88 0.001013
89 0.001021
90 0.001034
91 0.001036
92 0.001056
93 0.001055
94 0.001072
95 0.001076
96 0.001086
97 0.001097
98 0.001100
99 0.001117
100 0.001117
101 0.001134
102 0.001136
103 0.001147
104 0.001156
105 0.001161
106 0.001175
107 0.001175
108 0.001193
109 0.001194
110 0.001206
111 0.001213
112 0.001219
113 0.001231
114 0.001231
115 0.001249
116 0.001249
117 0.001262
118 0.001267
119 0.001274
120 0.001284
121 0.001286
122 0.001301
123 0.001301
124 0.001315
125 0.001318
126 0.001326
127 0.001334
128 0.001337
129 0.001351
130 0.001350
131 0.001365
132 0.001366
133 0.001375
134 0.001382
135 0.001386
136 0.001397
137 0.001396
138 0.001412
139 0.001411
140 0.001421
141 0.001426
142 0.001431
143 0.001440
144 0.001441
145 0.001455
146 0.001454
147 0.001464
148 0.001468
149 0.001474
150 0.001481
151 0.001482
152 0.001494
153 0.001494
154 0.001505
155 0.001507
156 0.001513
157 0.001519
158 0.001521
159 0.001532
160 0.001531
161 0.001542
162 0.001543
163 0.001550
164 0.001555
165 0.001558
166 0.001566
167 0.001565
168 0.001577
169 0.001576
170 0.001584
171 0.001587
172 0.001591
173 0.001598
174 0.001598
175 0.001608
176 0.001607
177 0.001615
178 0.001617
179 0.001622
180 0.001627
181 0.001628
182 0.001637
183 0.001636
184 0.001645
185 0.001645
186 0.001651
187 0.001655
188 0.001656
189 0.001664
190 0.001663
191 0.001672
192 0.001672
193 0.001677
194 0.001680
195 0.001683
196 0.001689
197 0.001688
198 0.001697
199 0.001696
200 0.001702
201 0.001704
202 0.001707
203 0.001712
204 0.001712
205 0.001720
206 0.001719
207 0.001725
208 0.001727
209 0.001730
210 0.001734
211 0.001735
212 0.001741
213 0.001741
214 0.001747
215 0.001748
216 0.001752
217 0.001754
218 0.001756
219 0.001761
220 0.001761
221 0.001767
222 0.001767
223 0.001771
224 0.001774
225 0.001776
226 0.001780
227 0.001780
228 0.001786
229 0.001785
230 0.001790
231 0.001791
232 0.001794
233 0.001797
234 0.001798
235 0.001802
236 0.001802
237 0.001807
238 0.001808
239 0.001811
240 0.001813
241 0.001814
242 0.001818
243 0.001818
244 0.001823
245 0.001823
246 0.001826
247 0.001828
248 0.001830
249 0.001833
250 0.001833
251 0.001838
252 0.001838
253 0.001841
254 0.001843
255 0.001845
256 0.001847
257 0.001848
258 0.001852
259 0.001852
260 0.001856
261 0.001857
262 0.001859
263 0.001861
264 0.001862
265 0.001865
266 0.001866
267 0.001869
268 0.001870
269 0.001872
270 0.001874
271 0.001875
272 0.001877
273 0.001878
274 0.001881
275 0.001882
276 0.001884
277 0.001885
278 0.001886
279 0.001888
280 0.001889
281 0.001891
282 0.001892
283 0.001894
284 0.001895
285 0.001896
286 0.001898
287 0.001899
288 0.001900
289 0.001901
290 0.001902
291 0.001903
292 0.001904
293 0.001906
294 0.001907
295 0.001907
296 0.001909
297 0.001909
298 0.001910
299 0.001911
300 0.001912
301 0.001913
302 0.001913
303 0.001914
304 0.001914
305 0.001916
306 0.001916
307 0.001916
308 0.001917
309 0.001917
310 0.001918
311 0.001917
312 0.001919
313 0.001918
314 0.001919
315 0.001919
316 0.001919
317 0.001920
318 0.001919
319 0.001920
320 0.001919
321 0.001920
322 0.001920
323 0.001919
324 0.001920
325 0.001919
326 0.001920
327 0.001918
328 0.001919
329 0.001918
330 0.001918
331 0.001918
