0 0.361342
1 0.000001
2 0.000065
3 0.000065
4 0.000065
5 0.000065
6 0.000065
7 0.000065
8 0.000065
9 0.000065
10 0.000065
11 0.000065
12 0.000065
13 0.000065
14 0.000065
15 0.000065
16 0.000065
17 0.000065
18 0.000065
19 0.000129
20 0.000155
21 0.000155
22 0.000155
23 0.000155
24 0.000155
25 0.000155
26 0.000194
27 0.000204
28 0.000204
29 0.000204
30 0.000204
31 0.000204
32 0.000204
33 0.000236
34 0.000241
35 0.000241
36 0.000251
37 0.000265
38 0.000264
39 0.000264
40 0.000287
41 0.000288
42 0.000288
43 0.000300
44 0.000311
45 0.000311
46 0.000312
47 0.000334
48 0.000334
49 0.000334
50 0.000348
51 0.000357
52 0.000357
53 0.000360
54 0.000380
55 0.000379
56 0.000379
57 0.000394
58 0.000401
59 0.000401
60 0.000406
61 0.000423
62 0.000423
63 0.000423
64 0.000439
65 0.000445
66 0.000444
67 0.000451
68 0.000466
69 0.000466
70 0.000465
71 0.000483
72 0.000486
73 0.000486
74 0.000494
75 0.000507
76 0.000507
77 0.000507
78 0.000526
79 0.000527
80 0.000527
81 0.000536
82 0.000547
83 0.000547
84 0.000546
85 0.000567
86 0.000566
87 0.000566
88 0.000577
89 0.000586
90 0.000585
91 0.000587
92 0.000605
93 0.000604
94 0.000604
95 0.000616
96 0.000623
97 0.000623
98 0.000625
99 0.000641
100 0.000641
101 0.000640
102 0.000654
103 0.000659
104 0.000659
105 0.000663
106 0.000677
107 0.000676
108 0.000676
109 0.000691
110 0.000694
111 0.000694
112 0.000700
113 0.000712
114 0.000711
115 0.000711
116 0.000727
117 0.000728
118 0.000728
119 0.000735
120 0.000746
121 0.000745
122 0.000745
123 0.000762
124 0.000762
125 0.000762
126 0.000770
127 0.000779
128 0.000778
129 0.000779
130 0.000795
131 0.000795
132 0.000795
133 0.000805
134 0.000811
135 0.000811
136 0.000813
137 0.000828
138 0.000828
139 0.000828
140 0.000839
141 0.000844
142 0.000844
143 0.000848
144 0.000861
145 0.000861
146 0.000861
147 0.000873
148 0.000877
149 0.000877
150 0.000882
151 0.000894
152 0.000894
153 0.000894
154 0.000907
155 0.000910
156 0.000910
157 0.000916
158 0.000926
159 0.000926
160 0.000926
161 0.000941
162 0.000942
163 0.000943
164 0.000950
165 0.000959
166 0.000959
167 0.000960
168 0.000975
169 0.000976
170 0.000976
171 0.000985
172 0.000992
173 0.000992
174 0.000994
175 0.001008
176 0.001008
177 0.001008
178 0.001018
179 0.001024
180 0.001024
181 0.001027
182 0.001039
183 0.001040
184 0.001040
185 0.001051
186 0.001056
187 0.001056
188 0.001060
189 0.001071
190 0.001071
191 0.001072
192 0.001083
193 0.001086
194 0.001087
195 0.001092
196 0.001102
197 0.001102
198 0.001102
199 0.001115
200 0.001117
201 0.001117
202 0.001123
203 0.001132
204 0.001132
205 0.001133
206 0.001146
207 0.001148
208 0.001148
209 0.001156
210 0.001163
211 0.001164
212 0.001165
213 0.001178
214 0.001179
215 0.001180
216 0.001188
217 0.001195
218 0.001195
219 0.001198
220 0.001210
221 0.001211
222 0.001212
223 0.001221
224 0.001226
225 0.001227
226 0.001230
227 0.001241
228 0.001242
229 0.001243
230 0.001253
231 0.001257
232 0.001258
233 0.001262
234 0.001271
235 0.001272
236 0.001273
237 0.001284
238 0.001287
239 0.001288
240 0.001294
241 0.001302
242 0.001303
243 0.001304
244 0.001316
245 0.001318
246 0.001320
247 0.001326
248 0.001334
249 0.001336
250 0.001337
251 0.001350
252 0.001351
253 0.001353
254 0.001360
255 0.001367
256 0.001368
257 0.001371
258 0.001382
259 0.001384
260 0.001386
261 0.001394
262 0.001399
263 0.001401
264 0.001405
265 0.001415
266 0.001417
267 0.001418
268 0.001427
269 0.001432
270 0.001433
271 0.001438
272 0.001447
273 0.001448
274 0.001450
275 0.001460
276 0.001463
277 0.001466
278 0.001471
279 0.001480
280 0.001483
281 0.001485
282 0.001496
283 0.001500
284 0.001503
285 0.001510
286 0.001518
287 0.001521
288 0.001524
289 0.001535
290 0.001538
291 0.001541
292 0.001549
293 0.001556
294 0.001559
295 0.001562
296 0.001573
297 0.001576
298 0.001579
299 0.001586
300 0.001593
301 0.001595
302 0.001598
303 0.001608
304 0.001611
305 0.001613
306 0.001621
307 0.001626
308 0.001628
309 0.001632
310 0.001641
311 0.001643
312 0.001645
313 0.001653
314 0.001657
315 0.001659
316 0.001663
317 0.001671
318 0.001673
319 0.001675
320 0.001684
321 0.001688
322 0.001690
323 0.001695
324 0.001701
325 0.001703
326 0.001705
327 0.001714
328 0.001716
329 0.001718
330 0.001724
331 0.001729
