0 0.361342
1 0.000001
2 0.000074
3 0.000074
4 0.000074
5 0.000074
6 0.000074
7 0.000074
8 0.000074
9 0.000074
10 0.000074
11 0.000158
12 0.000182
13 0.000182
14 0.000182
15 0.000191
16 0.000235
17 0.000235
18 0.000265
19 0.000270
20 0.000290
21 0.000305
22 0.000314
23 0.000339
24 0.000339
25 0.000372
26 0.000374
27 0.000395
28 0.000407
29 0.000418
30 0.000441
31 0.000442
32 0.000474
33 0.000474
34 0.000498
35 0.000507
36 0.000520
37 0.000539
38 0.000543
39 0.000571
40 0.000571
41 0.000597
42 0.000603
43 0.000619
44 0.000635
45 0.000641
46 0.000666
47 0.000666
48 0.000693
49 0.000697
50 0.000714
51 0.000727
52 0.000735
53 0.000757
54 0.000757
55 0.000786
56 0.000787
57 0.000807
58 0.000817
59 0.000827
60 0.000846
61 0.000847
62 0.000875
63 0.000875
64 0.000896
65 0.000903
66 0.000916
67 0.000931
68 0.000935
69 0.000959
70 0.000959
71 0.000982
72 0.000987
73 0.001001
74 0.001014
75 0.001020
76 0.001041
77 0.001041
78 0.001066
79 0.001067
80 0.001084
81 0.001093
82 0.001102
83 0.001120
84 0.001120
85 0.001145
86 0.001145
87 0.001163
88 0.001170
89 0.001180
90 0.001196
91 0.001197
92 0.001220
93 0.001220
94 0.001239
95 0.001244
96 0.001256
97 0.001268
98 0.001272
99 0.001292
100 0.001292
101 0.001312
102 0.001315
103 0.001328
104 0.001338
105 0.001344
106 0.001361
107 0.001361
108 0.001382
109 0.001383
110 0.001397
111 0.001405
112 0.001412
113 0.001427
114 0.001427
115 0.001448
116 0.001448
117 0.001463
118 0.001469
119 0.001478
120 0.001490
121 0.001492
122 0.001511
123 0.001510
124 0.001527
125 0.001530
126 0.001540
127 0.001550
128 0.001554
129 0.001570
130 0.001570
131 0.001587
132 0.001589
133 0.001600
134 0.001609
135 0.001613
136 0.001627
137 0.001627
138 0.001646
139 0.001645
140 0.001658
141 0.001664
142 0.001671
143 0.001682
144 0.001683
145 0.001700
146 0.001700
147 0.001713
148 0.001717
149 0.001725
150 0.001734
151 0.001737
152 0.001751
153 0.001751
154 0.001765
155 0.001768
156 0.001776
157 0.001784
158 0.001787
159 0.001800
160 0.001800
161 0.001815
162 0.001815
163 0.001825
164 0.001831
165 0.001836
166 0.001846
167 0.001846
168 0.001861
169 0.001861
170 0.001871
171 0.001876
172 0.001881
173 0.001890
174 0.001891
175 0.001904
176 0.001904
177 0.001915
178 0.001918
179 0.001924
180 0.001931
181 0.001934
182 0.001945
183 0.001945
184 0.001956
185 0.001958
186 0.001965
187 0.001970
188 0.001974
189 0.001983
190 0.001983
191 0.001994
192 0.001995
193 0.002003
194 0.002007
195 0.002011
196 0.002019
197 0.002019
198 0.002030
199 0.002030
200 0.002039
201 0.002042
202 0.002046
203 0.002053
204 0.002054
205 0.002064
206 0.002064
207 0.002072
208 0.002075
209 0.002080
210 0.002085
211 0.002087
212 0.002095
213 0.002096
214 0.002104
215 0.002106
216 0.002112
217 0.002116
218 0.002119
219 0.002126
220 0.002126
221 0.002135
222 0.002136
223 0.002142
224 0.002145
225 0.002149
226 0.002154
227 0.002155
228 0.002163
229 0.002163
230 0.002169
231 0.002172
232 0.002176
233 0.002180
234 0.002182
235 0.002188
236 0.002189
237 0.002195
238 0.002197
239 0.002201
240 0.002204
241 0.002207
242 0.002212
243 0.002213
244 0.002219
245 0.002220
246 0.002224
247 0.002227
248 0.002229
249 0.002234
250 0.002235
251 0.002241
252 0.002242
253 0.002246
254 0.002248
255 0.002250
256 0.002254
257 0.002255
258 0.002260
259 0.002260
260 0.002264
261 0.002265
262 0.002267
263 0.002270
264 0.002272
265 0.002275
266 0.002276
267 0.002279
268 0.002281
269 0.002284
270 0.002286
271 0.002288
272 0.002290
273 0.002292
274 0.002295
275 0.002296
276 0.002299
277 0.002301
278 0.002303
279 0.002305
280 0.002307
281 0.002309
282 0.002311
283 0.002313
284 0.002315
285 0.002317
286 0.002319
287 0.002321
288 0.002323
289 0.002325
290 0.002327
291 0.002329
292 0.002330
293 0.002332
294 0.002334
295 0.002335
296 0.002337
297 0.002338
298 0.002340
299 0.002341
300 0.002343
301 0.002344
302 0.002345
303 0.002347
304 0.002347
305 0.002348
306 0.002349
307 0.002350
308 0.002352
309 0.002351
310 0.002353
311 0.002352
312 0.002354
313 0.002354
314 0.002355
315 0.002355
316 0.002355
317 0.002357
318 0.002355
319 0.002357
320 0.002355
321 0.002356
322 0.002356
323 0.002355
324 0.002356
325 0.002353
326 0.002355
327 0.002351
328 0.002351
329 0.002350
330 0.002349
331 0.002348
