0 0.361342
1 0.000001
2 0.000098
3 0.000098
4 0.000098
5 0.000098
6 0.000098
7 0.000098
8 0.000098
9 0.000098
10 0.000098
11 0.000098
12 0.000098
13 0.000161
14 0.000232
15 0.000232
16 0.000232
17 0.000232
18 0.000296
19 0.000306
20 0.000306
21 0.000306
22 0.000319
23 0.000361
24 0.000361
25 0.000395
26 0.000396
27 0.000419
28 0.000432
29 0.000443
30 0.000467
31 0.000468
32 0.000501
33 0.000501
34 0.000526
35 0.000535
36 0.000549
37 0.000569
38 0.000572
39 0.000602
40 0.000601
41 0.000628
42 0.000634
43 0.000650
44 0.000666
45 0.000672
46 0.000698
47 0.000697
48 0.000726
49 0.000729
50 0.000747
51 0.000759
52 0.000768
53 0.000790
54 0.000789
55 0.000819
56 0.000819
57 0.000839
58 0.000848
59 0.000859
60 0.000877
61 0.000878
62 0.000906
63 0.000905
64 0.000926
65 0.000933
66 0.000945
67 0.000960
68 0.000963
69 0.000987
70 0.000986
71 0.001009
72 0.001013
73 0.001027
74 0.001039
75 0.001045
76 0.001065
77 0.001065
78 0.001089
79 0.001090
80 0.001106
81 0.001116
82 0.001124
83 0.001141
84 0.001141
85 0.001166
86 0.001166
87 0.001183
88 0.001191
89 0.001200
90 0.001215
91 0.001217
92 0.001240
93 0.001240
94 0.001259
95 0.001264
96 0.001276
97 0.001289
98 0.001293
99 0.001314
100 0.001314
101 0.001335
102 0.001338
103 0.001352
104 0.001363
105 0.001369
106 0.001387
107 0.001387
108 0.001410
109 0.001412
110 0.001427
111 0.001436
112 0.001445
113 0.001461
114 0.001462
115 0.001485
116 0.001486
117 0.001503
118 0.001510
119 0.001520
120 0.001533
121 0.001536
122 0.001557
123 0.001558
124 0.001576
125 0.001581
126 0.001592
127 0.001604
128 0.001609
129 0.001626
130 0.001627
131 0.001647
132 0.001650
133 0.001663
134 0.001672
135 0.001679
136 0.001695
137 0.001696
138 0.001717
139 0.001719
140 0.001734
141 0.001742
142 0.001751
143 0.001765
144 0.001768
145 0.001788
146 0.001790
147 0.001806
148 0.001813
149 0.001823
150 0.001835
151 0.001840
152 0.001858
153 0.001860
154 0.001877
155 0.001882
156 0.001894
157 0.001904
158 0.001910
159 0.001926
160 0.001929
161 0.001947
162 0.001951
163 0.001964
164 0.001974
165 0.001982
166 0.001997
167 0.002001
168 0.002020
169 0.002024
170 0.002039
171 0.002047
172 0.002057
173 0.002071
174 0.002076
175 0.002094
176 0.002097
177 0.002113
178 0.002120
179 0.002131
180 0.002143
181 0.002149
182 0.002165
183 0.002169
184 0.002186
185 0.002192
186 0.002206
187 0.002218
188 0.002227
189 0.002244
190 0.002250
191 0.002270
192 0.002277
193 0.002292
194 0.002303
195 0.002314
196 0.002329
197 0.002336
198 0.002355
199 0.002361
200 0.002376
201 0.002385
202 0.002396
203 0.002409
204 0.002415
205 0.002431
206 0.002436
207 0.002451
208 0.002458
209 0.002469
210 0.002479
211 0.002486
212 0.002500
213 0.002505
214 0.002520
215 0.002526
216 0.002537
217 0.002547
218 0.002554
219 0.002566
220 0.002570
221 0.002585
222 0.002590
223 0.002601
224 0.002609
225 0.002616
226 0.002626
227 0.002630
228 0.002642
229 0.002645
230 0.002654
231 0.002658
232 0.002663
233 0.002669
234 0.002671
235 0.002679
236 0.002679
237 0.002686
238 0.002687
239 0.002691
240 0.002694
241 0.002695
242 0.002700
243 0.002700
244 0.002705
245 0.002705
246 0.002707
247 0.002708
248 0.002708
249 0.002710
250 0.002707
251 0.002710
252 0.002706
253 0.002706
254 0.002703
255 0.002701
256 0.002700
257 0.002696
258 0.002696
259 0.002692
260 0.002691
261 0.002687
262 0.002684
263 0.002681
264 0.002676
265 0.002673
266 0.002667
267 0.002663
268 0.002656
269 0.002650
270 0.002644
271 0.002637
272 0.002631
273 0.002624
274 0.002618
275 0.002610
276 0.002604
277 0.002597
278 0.002590
279 0.002583
280 0.002575
281 0.002567
282 0.002558
283 0.002549
284 0.002539
285 0.002530
286 0.002521
287 0.002511
288 0.002503
289 0.002494
290 0.002486
291 0.002478
292 0.002470
293 0.002461
294 0.002454
295 0.002445
296 0.002437
297 0.002429
298 0.002421
299 0.002413
300 0.002405
301 0.002398
302 0.002390
303 0.002383
304 0.002375
305 0.002369
306 0.002362
307 0.002356
308 0.002350
309 0.002343
310 0.002338
311 0.002331
312 0.002328
313 0.002322
314 0.002317
315 0.002313
316 0.002308
317 0.002305
318 0.002300
319 0.002299
320 0.002295
321 0.002293
322 0.002291
323 0.002289
324 0.002289
325 0.002286
326 0.002287
327 0.002283
328 0.002284
329 0.002282
330 0.002282
331 0.002282
