0 0.361342
1 0.000001
2 0.000096
3 0.000095
4 0.000096
5 0.000096
6 0.000096
7 0.000095
8 0.000096
9 0.000096
10 0.000096
11 0.000096
12 0.000096
13 0.000096
14 0.000096
15 0.000119
16 0.000237
17 0.000237
18 0.000237
19 0.000237
20 0.000237
21 0.000237
22 0.000260
23 0.000329
24 0.000328
25 0.000329
26 0.000328
27 0.000328
28 0.000328
29 0.000351
30 0.000396
31 0.000396
32 0.000396
33 0.000436
34 0.000441
35 0.000441
36 0.000460
37 0.000485
38 0.000485
39 0.000485
40 0.000527
41 0.000529
42 0.000529
43 0.000551
44 0.000573
45 0.000573
46 0.000574
47 0.000616
48 0.000616
49 0.000616
50 0.000641
51 0.000659
52 0.000659
53 0.000664
54 0.000701
55 0.000701
56 0.000701
57 0.000729
58 0.000743
59 0.000744
60 0.000752
61 0.000785
62 0.000785
63 0.000785
64 0.000816
65 0.000827
66 0.000827
67 0.000839
68 0.000868
69 0.000868
70 0.000868
71 0.000902
72 0.000909
73 0.000909
74 0.000924
75 0.000949
76 0.000950
77 0.000950
78 0.000986
79 0.000990
80 0.000990
81 0.001008
82 0.001030
83 0.001030
84 0.001031
85 0.001070
86 0.001070
87 0.001071
88 0.001092
89 0.001110
90 0.001111
91 0.001114
92 0.001150
93 0.001150
94 0.001151
95 0.001175
96 0.001190
97 0.001191
98 0.001198
99 0.001230
100 0.001231
101 0.001231
102 0.001258
103 0.001270
104 0.001270
105 0.001281
106 0.001309
107 0.001310
108 0.001311
109 0.001341
110 0.001349
111 0.001350
112 0.001363
113 0.001388
114 0.001389
115 0.001390
116 0.001423
117 0.001428
118 0.001429
119 0.001445
120 0.001467
121 0.001469
122 0.001470
123 0.001505
124 0.001508
125 0.001509
126 0.001528
127 0.001547
128 0.001548
129 0.001551
130 0.001586
131 0.001588
132 0.001589
133 0.001611
134 0.001627
135 0.001628
136 0.001635
137 0.001666
138 0.001668
139 0.001669
140 0.001694
141 0.001707
142 0.001708
143 0.001717
144 0.001746
145 0.001748
146 0.001750
147 0.001776
148 0.001787
149 0.001789
150 0.001800
151 0.001825
152 0.001827
153 0.001829
154 0.001859
155 0.001866
156 0.001868
157 0.001882
158 0.001905
159 0.001907
160 0.001909
161 0.001941
162 0.001946
163 0.001948
164 0.001965
165 0.001985
166 0.001987
167 0.001989
168 0.002023
169 0.002026
170 0.002028
171 0.002047
172 0.002064
173 0.002065
174 0.002070
175 0.002101
176 0.002103
177 0.002105
178 0.002126
179 0.002140
180 0.002142
181 0.002149
182 0.002177
183 0.002178
184 0.002181
185 0.002204
186 0.002215
187 0.002217
188 0.002227
189 0.002251
190 0.002253
191 0.002255
192 0.002281
193 0.002289
194 0.002291
195 0.002303
196 0.002324
197 0.002326
198 0.002327
199 0.002354
200 0.002359
201 0.002361
202 0.002374
203 0.002392
204 0.002393
205 0.002394
206 0.002421
207 0.002423
208 0.002423
209 0.002437
210 0.002451
211 0.002451
212 0.002452
213 0.002478
214 0.002477
215 0.002476
216 0.002491
217 0.002502
218 0.002501
219 0.002505
220 0.002529
221 0.002531
222 0.002532
223 0.002548
224 0.002555
225 0.002553
226 0.002556
227 0.002574
228 0.002571
229 0.002567
230 0.002582
231 0.002584
232 0.002579
233 0.002581
234 0.002594
235 0.002588
236 0.002583
237 0.002596
238 0.002594
239 0.002588
240 0.002590
241 0.002598
242 0.002591
243 0.002584
244 0.002597
245 0.002592
246 0.002584
247 0.002586
248 0.002590
249 0.002583
250 0.002576
251 0.002590
252 0.002583
253 0.002576
254 0.002580
255 0.002583
256 0.002577
257 0.002573
258 0.002586
259 0.002581
260 0.002575
261 0.002581
262 0.002582
263 0.002577
264 0.002575
265 0.002586
266 0.002581
267 0.002577
268 0.002587
269 0.002589
270 0.002586
271 0.002588
272 0.002599
273 0.002597
274 0.002595
275 0.002608
276 0.002610
277 0.002610
278 0.002615
279 0.002626
280 0.002626
281 0.002627
282 0.002642
283 0.002644
284 0.002645
285 0.002653
286 0.002663
287 0.002664
288 0.002665
289 0.002682
290 0.002684
291 0.002686
292 0.002696
293 0.002706
294 0.002709
295 0.002712
296 0.002730
297 0.002733
298 0.002736
299 0.002748
300 0.002758
301 0.002761
302 0.002767
303 0.002783
304 0.002787
305 0.002791
306 0.002804
307 0.002813
308 0.002817
309 0.002825
310 0.002840
311 0.002844
312 0.002849
313 0.002864
314 0.002872
315 0.002877
316 0.002886
317 0.002900
318 0.002905
319 0.002910
320 0.002926
321 0.002934
322 0.002939
323 0.002949
324 0.002962
325 0.002968
326 0.002973
327 0.002990
328 0.002996
329 0.003002
330 0.003013
331 0.003025
