0 0.361342
1 0.000001
2 0.000032
3 0.000032
4 0.000032
5 0.000032
6 0.000032
7 0.000032
8 0.000032
9 0.000032
10 0.000032
11 0.000032
12 0.000032
13 0.000032
14 0.000032
15 0.000032
16 0.000032
17 0.000032
18 0.000032
19 0.000032
20 0.000032
21 0.000032
22 0.000032
23 0.000032
24 0.000032
25 0.000032
26 0.000032
27 0.000032
28 0.000032
29 0.000032
30 0.000032
31 0.000032
32 0.000032
33 0.000071
34 0.000076
35 0.000076
36 0.000076
37 0.000076
38 0.000076
39 0.000076
40 0.000076
41 0.000076
42 0.000076
43 0.000076
44 0.000076
45 0.000076
46 0.000077
47 0.000099
48 0.000099
49 0.000099
50 0.000099
51 0.000099
52 0.000099
53 0.000099
54 0.000099
55 0.000099
56 0.000099
57 0.000111
58 0.000118
59 0.000118
60 0.000118
61 0.000118
62 0.000118
63 0.000118
64 0.000118
65 0.000118
66 0.000118
67 0.000122
68 0.000133
69 0.000133
70 0.000133
71 0.000133
72 0.000133
73 0.000133
74 0.000137
75 0.000145
76 0.000145
77 0.000145
78 0.000145
79 0.000145
80 0.000145
81 0.000150
82 0.000156
83 0.000156
84 0.000156
85 0.000156
86 0.000156
87 0.000156
88 0.000162
89 0.000168
90 0.000168
91 0.000168
92 0.000168
93 0.000167
94 0.000167
95 0.000174
96 0.000179
97 0.000179
98 0.000178
99 0.000179
100 0.000179
101 0.000179
102 0.000186
103 0.000189
104 0.000189
105 0.000189
106 0.000189
107 0.000189
108 0.000189
109 0.000198
110 0.000200
111 0.000200
112 0.000200
113 0.000200
114 0.000199
115 0.000200
116 0.000209
117 0.000210
118 0.000210
119 0.000210
120 0.000210
121 0.000210
122 0.000210
123 0.000220
124 0.000220
125 0.000220
126 0.000220
127 0.000220
128 0.000220
129 0.000220
130 0.000229
131 0.000230
132 0.000230
133 0.000229
134 0.000229
135 0.000229
136 0.000230
137 0.000236
138 0.000237
139 0.000236
140 0.000239
141 0.000241
142 0.000241
143 0.000242
144 0.000246
145 0.000245
146 0.000245
147 0.000249
148 0.000250
149 0.000250
150 0.000251
151 0.000254
152 0.000254
153 0.000254
154 0.000258
155 0.000259
156 0.000258
157 0.000260
158 0.000263
159 0.000263
160 0.000262
161 0.000267
162 0.000267
163 0.000267
164 0.000269
165 0.000271
166 0.000271
167 0.000271
168 0.000275
169 0.000275
170 0.000275
171 0.000277
172 0.000279
173 0.000279
174 0.000279
175 0.000283
176 0.000282
177 0.000282
178 0.000285
179 0.000286
180 0.000286
181 0.000287
182 0.000290
183 0.000290
184 0.000290
185 0.000292
186 0.000293
187 0.000294
188 0.000294
189 0.000297
190 0.000297
191 0.000297
192 0.000300
193 0.000301
194 0.000301
195 0.000301
196 0.000304
197 0.000304
198 0.000304
199 0.000307
200 0.000307
201 0.000307
202 0.000308
203 0.000311
204 0.000311
205 0.000310
206 0.000314
207 0.000314
208 0.000314
209 0.000315
210 0.000317
211 0.000317
212 0.000317
213 0.000320
214 0.000320
215 0.000320
216 0.000322
217 0.000323
218 0.000323
219 0.000323
220 0.000326
221 0.000326
222 0.000326
223 0.000328
224 0.000329
225 0.000328
226 0.000329
227 0.000331
228 0.000332
229 0.000331
230 0.000334
231 0.000334
232 0.000334
233 0.000335
234 0.000337
235 0.000337
236 0.000337
237 0.000339
238 0.000339
239 0.000339
240 0.000340
241 0.000342
242 0.000342
243 0.000342
244 0.000344
245 0.000345
246 0.000345
247 0.000346
248 0.000347
249 0.000347
250 0.000347
251 0.000350
252 0.000350
253 0.000349
254 0.000351
255 0.000352
256 0.000352
257 0.000352
258 0.000354
259 0.000354
260 0.000354
261 0.000356
262 0.000356
263 0.000356
264 0.000357
265 0.000359
266 0.000358
267 0.000359
268 0.000360
269 0.000361
270 0.000361
271 0.000361
272 0.000363
273 0.000363
274 0.000363
275 0.000365
276 0.000365
277 0.000365
278 0.000366
279 0.000367
280 0.000367
281 0.000367
282 0.000369
283 0.000369
284 0.000369
285 0.000370
286 0.000371
287 0.000371
288 0.000371
289 0.000373
290 0.000373
291 0.000372
292 0.000374
293 0.000374
294 0.000374
295 0.000374
296 0.000376
297 0.000376
298 0.000376
299 0.000377
300 0.000377
301 0.000377
302 0.000378
303 0.000379
304 0.000379
305 0.000379
306 0.000380
307 0.000381
308 0.000380
309 0.000381
310 0.000382
311 0.000382
312 0.000382
313 0.000383
314 0.000383
315 0.000383
316 0.000384
317 0.000385
318 0.000385
319 0.000385
320 0.000386
321 0.000386
322 0.000386
323 0.000386
324 0.000387
325 0.000387
326 0.000387
327 0.000388
328 0.000388
329 0.000388
330 0.000389
331 0.000389
