0 0.361342
1 0.000001
2 0.000013
3 0.000013
4 0.000013
5 0.000013
6 0.000013
7 0.000013
8 0.000013
9 0.000013
10 0.000013
11 0.000013
12 0.000013
13 0.000013
14 0.000013
15 0.000013
16 0.000013
17 0.000013
18 0.000013
19 0.000013
20 0.000013
21 0.000013
22 0.000013
23 0.000013
24 0.000013
25 0.000013
26 0.000013
27 0.000013
28 0.000013
29 0.000013
30 0.000013
31 0.000013
32 0.000013
33 0.000013
34 0.000013
35 0.000013
36 0.000013
37 0.000013
38 0.000013
39 0.000013
40 0.000013
41 0.000013
42 0.000013
43 0.000013
44 0.000013
45 0.000013
46 0.000013
47 0.000013
48 0.000013
49 0.000013
50 0.000013
51 0.000013
52 0.000013
53 0.000013
54 0.000013
55 0.000013
56 0.000013
57 0.000025
58 0.000031
59 0.000031
60 0.000031
61 0.000031
62 0.000031
63 0.000031
64 0.000031
65 0.000031
66 0.000031
67 0.000031
68 0.000031
69 0.000032
70 0.000031
71 0.000031
72 0.000031
73 0.000031
74 0.000031
75 0.000031
76 0.000031
77 0.000031
78 0.000031
79 0.000031
80 0.000031
81 0.000031
82 0.000031
83 0.000031
84 0.000031
85 0.000042
86 0.000042
87 0.000042
88 0.000042
89 0.000042
90 0.000042
91 0.000042
92 0.000042
93 0.000042
94 0.000042
95 0.000042
96 0.000042
97 0.000042
98 0.000042
99 0.000042
100 0.000042
101 0.000042
102 0.000042
103 0.000042
104 0.000042
105 0.000043
106 0.000049
107 0.000049
108 0.000049
109 0.000049
110 0.000049
111 0.000049
112 0.000049
113 0.000049
114 0.000049
115 0.000049
116 0.000049
117 0.000049
118 0.000049
119 0.000051
120 0.000055
121 0.000055
122 0.000054
123 0.000055
124 0.000055
125 0.000054
126 0.000055
127 0.000054
128 0.000054
129 0.000054
130 0.000054
131 0.000054
132 0.000054
133 0.000058
134 0.000060
135 0.000060
136 0.000060
137 0.000060
138 0.000060
139 0.000060
140 0.000060
141 0.000060
142 0.000060
143 0.000060
144 0.000060
145 0.000060
146 0.000060
147 0.000064
148 0.000065
149 0.000065
150 0.000065
151 0.000065
152 0.000065
153 0.000065
154 0.000065
155 0.000065
156 0.000065
157 0.000065
158 0.000065
159 0.000065
160 0.000065
161 0.000070
162 0.000071
163 0.000071
164 0.000071
165 0.000071
166 0.000071
167 0.000071
168 0.000071
169 0.000071
170 0.000071
171 0.000070
172 0.000071
173 0.000070
174 0.000071
175 0.000076
176 0.000076
177 0.000076
178 0.000076
179 0.000076
180 0.000076
181 0.000076
182 0.000076
183 0.000076
184 0.000076
185 0.000076
186 0.000076
187 0.000076
188 0.000077
189 0.000081
190 0.000081
191 0.000081
192 0.000081
193 0.000081
194 0.000081
195 0.000081
196 0.000081
197 0.000081
198 0.000081
199 0.000081
200 0.000081
201 0.000081
202 0.000083
203 0.000086
204 0.000086
205 0.000086
206 0.000086
207 0.000086
208 0.000086
209 0.000086
210 0.000086
211 0.000086
212 0.000086
213 0.000086
214 0.000086
215 0.000086
216 0.000088
217 0.000089
218 0.000089
219 0.000089
220 0.000089
221 0.000089
222 0.000089
223 0.000091
224 0.000092
225 0.000092
226 0.000092
227 0.000092
228 0.000092
229 0.000092
230 0.000093
231 0.000094
232 0.000094
233 0.000094
234 0.000094
235 0.000094
236 0.000094
237 0.000096
238 0.000096
239 0.000096
240 0.000096
241 0.000096
242 0.000096
243 0.000096
244 0.000098
245 0.000099
246 0.000099
247 0.000099
248 0.000099
249 0.000098
250 0.000099
251 0.000101
252 0.000101
253 0.000101
254 0.000101
255 0.000101
256 0.000101
257 0.000101
258 0.000103
259 0.000103
260 0.000103
261 0.000103
262 0.000103
263 0.000103
264 0.000103
265 0.000105
266 0.000105
267 0.000105
268 0.000105
269 0.000105
270 0.000105
271 0.000106
272 0.000108
273 0.000108
274 0.000107
275 0.000108
276 0.000107
277 0.000107
278 0.000108
279 0.000109
280 0.000110
281 0.000110
282 0.000110
283 0.000110
284 0.000109
285 0.000110
286 0.000112
287 0.000112
288 0.000112
289 0.000112
290 0.000112
291 0.000112
292 0.000113
293 0.000114
294 0.000114
295 0.000114
296 0.000114
297 0.000114
298 0.000114
299 0.000115
300 0.000116
301 0.000116
302 0.000116
303 0.000116
304 0.000116
305 0.000116
306 0.000117
307 0.000118
308 0.000118
309 0.000118
310 0.000118
311 0.000118
312 0.000118
313 0.000119
314 0.000120
315 0.000120
316 0.000120
317 0.000120
318 0.000120
319 0.000120
320 0.000122
321 0.000122
322 0.000122
323 0.000122
324 0.000122
325 0.000122
326 0.000122
327 0.000124
328 0.000124
329 0.000124
330 0.000124
331 0.000124
