0 0.361342
1 0.000001
2 0.000115
3 0.000115
4 0.000115
5 0.000115
6 0.000115
7 0.000115
8 0.000115
9 0.000115
10 0.000115
11 0.000225
12 0.000257
13 0.000283
14 0.000313
15 0.000322
16 0.000368
17 0.000368
18 0.000415
19 0.000423
20 0.000453
21 0.000477
22 0.000491
23 0.000531
24 0.000531
25 0.000582
26 0.000585
27 0.000619
28 0.000638
29 0.000655
30 0.000690
31 0.000692
32 0.000742
33 0.000742
34 0.000780
35 0.000794
36 0.000815
37 0.000845
38 0.000851
39 0.000896
40 0.000895
41 0.000936
42 0.000946
43 0.000970
44 0.000995
45 0.001005
46 0.001045
47 0.001045
48 0.001088
49 0.001093
50 0.001122
51 0.001142
52 0.001155
53 0.001189
54 0.001189
55 0.001235
56 0.001237
57 0.001268
58 0.001284
59 0.001300
60 0.001330
61 0.001333
62 0.001376
63 0.001376
64 0.001411
65 0.001421
66 0.001442
67 0.001467
68 0.001473
69 0.001512
70 0.001512
71 0.001549
72 0.001556
73 0.001579
74 0.001600
75 0.001610
76 0.001643
77 0.001643
78 0.001683
79 0.001686
80 0.001712
81 0.001729
82 0.001742
83 0.001771
84 0.001771
85 0.001812
86 0.001812
87 0.001841
88 0.001853
89 0.001869
90 0.001894
91 0.001897
92 0.001934
93 0.001934
94 0.001965
95 0.001973
96 0.001992
97 0.002012
98 0.002019
99 0.002051
100 0.002051
101 0.002084
102 0.002090
103 0.002111
104 0.002127
105 0.002137
106 0.002165
107 0.002165
108 0.002200
109 0.002203
110 0.002226
111 0.002239
112 0.002251
113 0.002275
114 0.002277
115 0.002311
116 0.002311
117 0.002337
118 0.002347
119 0.002361
120 0.002381
121 0.002385
122 0.002416
123 0.002415
124 0.002442
125 0.002449
126 0.002466
127 0.002482
128 0.002488
129 0.002515
130 0.002515
131 0.002543
132 0.002547
133 0.002566
134 0.002579
135 0.002588
136 0.002610
137 0.002611
138 0.002641
139 0.002642
140 0.002662
141 0.002673
142 0.002684
143 0.002703
144 0.002705
145 0.002733
146 0.002733
147 0.002755
148 0.002762
149 0.002775
150 0.002790
151 0.002794
152 0.002818
153 0.002818
154 0.002841
155 0.002845
156 0.002859
157 0.002872
158 0.002878
159 0.002898
160 0.002898
161 0.002923
162 0.002925
163 0.002941
164 0.002951
165 0.002959
166 0.002976
167 0.002977
168 0.003002
169 0.003002
170 0.003019
171 0.003027
172 0.003037
173 0.003052
174 0.003054
175 0.003076
176 0.003077
177 0.003094
178 0.003099
179 0.003109
180 0.003120
181 0.003124
182 0.003141
183 0.003141
184 0.003159
185 0.003162
186 0.003173
187 0.003182
188 0.003187
189 0.003202
190 0.003202
191 0.003221
192 0.003222
193 0.003234
194 0.003241
195 0.003248
196 0.003261
197 0.003261
198 0.003279
199 0.003279
200 0.003292
201 0.003297
202 0.003304
203 0.003310
204 0.003308
205 0.003323
206 0.003322
207 0.003334
208 0.003337
209 0.003344
210 0.003353
211 0.003355
212 0.003368
213 0.003369
214 0.003383
215 0.003386
216 0.003395
217 0.003403
218 0.003408
219 0.003420
220 0.003421
221 0.003437
222 0.003439
223 0.003450
224 0.003456
225 0.003463
226 0.003474
227 0.003477
228 0.003491
229 0.003494
230 0.003505
231 0.003511
232 0.003519
233 0.003528
234 0.003532
235 0.003544
236 0.003547
237 0.003558
238 0.003563
239 0.003571
240 0.003578
241 0.003583
242 0.003593
243 0.003595
244 0.003606
245 0.003609
246 0.003617
247 0.003621
248 0.003620
249 0.003623
250 0.003620
251 0.003623
252 0.003618
253 0.003618
254 0.003615
255 0.003610
256 0.003606
257 0.003597
258 0.003596
259 0.003596
260 0.003601
261 0.003601
262 0.003603
263 0.003606
264 0.003606
265 0.003609
266 0.003610
267 0.003613
268 0.003613
269 0.003615
270 0.003616
271 0.003616
272 0.003618
273 0.003618
274 0.003620
275 0.003620
276 0.003621
277 0.003622
278 0.003622
279 0.003623
280 0.003622
281 0.003623
282 0.003622
283 0.003622
284 0.003621
285 0.003620
286 0.003620
287 0.003619
288 0.003618
289 0.003618
290 0.003617
291 0.003616
292 0.003616
293 0.003615
294 0.003614
295 0.003613
296 0.003612
297 0.003610
298 0.003610
299 0.003608
300 0.003607
301 0.003607
302 0.003605
303 0.003604
304 0.003600
305 0.003600
306 0.003597
307 0.003595
308 0.003593
309 0.003590
310 0.003590
311 0.003586
312 0.003586
313 0.003582
314 0.003581
315 0.003579
316 0.003576
317 0.003576
318 0.003572
319 0.003572
320 0.003567
321 0.003567
322 0.003564
323 0.003562
324 0.003560
325 0.003554
326 0.003554
327 0.003548
328 0.003547
329 0.003542
330 0.003540
331 0.003538
