0 0.361342
1 0.000001
2 0.000091
3 0.000091
4 0.000091
5 0.000091
6 0.000091
7 0.000091
8 0.000091
9 0.000091
10 0.000091
11 0.000091
12 0.000091
13 0.000146
14 0.000209
15 0.000209
16 0.000209
17 0.000209
18 0.000266
19 0.000275
20 0.000275
21 0.000275
22 0.000288
23 0.000325
24 0.000325
25 0.000356
26 0.000357
27 0.000378
28 0.000390
29 0.000401
30 0.000422
31 0.000423
32 0.000454
33 0.000454
34 0.000477
35 0.000485
36 0.000499
37 0.000517
38 0.000521
39 0.000548
40 0.000548
41 0.000573
42 0.000580
43 0.000595
44 0.000610
45 0.000616
46 0.000640
47 0.000640
48 0.000667
49 0.000670
50 0.000687
51 0.000700
52 0.000708
53 0.000729
54 0.000729
55 0.000757
56 0.000758
57 0.000778
58 0.000788
59 0.000798
60 0.000817
61 0.000818
62 0.000845
63 0.000845
64 0.000866
65 0.000873
66 0.000886
67 0.000901
68 0.000905
69 0.000929
70 0.000929
71 0.000952
72 0.000957
73 0.000971
74 0.000984
75 0.000990
76 0.001011
77 0.001012
78 0.001036
79 0.001038
80 0.001054
81 0.001065
82 0.001073
83 0.001092
84 0.001092
85 0.001118
86 0.001118
87 0.001136
88 0.001144
89 0.001154
90 0.001170
91 0.001172
92 0.001195
93 0.001196
94 0.001215
95 0.001221
96 0.001233
97 0.001246
98 0.001250
99 0.001271
100 0.001271
101 0.001292
102 0.001296
103 0.001309
104 0.001320
105 0.001327
106 0.001344
107 0.001345
108 0.001367
109 0.001369
110 0.001384
111 0.001393
112 0.001401
113 0.001417
114 0.001418
115 0.001440
116 0.001441
117 0.001457
118 0.001464
119 0.001473
120 0.001486
121 0.001490
122 0.001510
123 0.001510
124 0.001528
125 0.001533
126 0.001544
127 0.001555
128 0.001560
129 0.001578
130 0.001579
131 0.001598
132 0.001601
133 0.001613
134 0.001623
135 0.001629
136 0.001644
137 0.001646
138 0.001666
139 0.001667
140 0.001681
141 0.001689
142 0.001697
143 0.001710
144 0.001712
145 0.001732
146 0.001733
147 0.001748
148 0.001754
149 0.001763
150 0.001774
151 0.001778
152 0.001795
153 0.001797
154 0.001813
155 0.001817
156 0.001827
157 0.001837
158 0.001842
159 0.001856
160 0.001858
161 0.001874
162 0.001877
163 0.001889
164 0.001897
165 0.001904
166 0.001916
167 0.001918
168 0.001936
169 0.001938
170 0.001950
171 0.001958
172 0.001966
173 0.001978
174 0.001981
175 0.001997
176 0.002000
177 0.002014
178 0.002019
179 0.002028
180 0.002038
181 0.002043
182 0.002056
183 0.002059
184 0.002073
185 0.002076
186 0.002087
187 0.002095
188 0.002101
189 0.002113
190 0.002115
191 0.002130
192 0.002133
193 0.002143
194 0.002150
195 0.002156
196 0.002167
197 0.002169
198 0.002182
199 0.002184
200 0.002194
201 0.002199
202 0.002204
203 0.002212
204 0.002213
205 0.002223
206 0.002222
207 0.002231
208 0.002233
209 0.002241
210 0.002250
211 0.002255
212 0.002264
213 0.002265
214 0.002274
215 0.002276
216 0.002281
217 0.002283
218 0.002284
219 0.002288
220 0.002286
221 0.002292
222 0.002290
223 0.002293
224 0.002293
225 0.002293
226 0.002295
227 0.002293
228 0.002297
229 0.002294
230 0.002296
231 0.002294
232 0.002294
233 0.002295
234 0.002292
235 0.002295
236 0.002292
237 0.002293
238 0.002291
239 0.002291
240 0.002290
241 0.002287
242 0.002289
243 0.002285
244 0.002286
245 0.002283
246 0.002282
247 0.002279
248 0.002277
249 0.002276
250 0.002272
251 0.002273
252 0.002269
253 0.002268
254 0.002267
255 0.002267
256 0.002269
257 0.002270
258 0.002274
259 0.002275
260 0.002277
261 0.002274
262 0.002273
263 0.002271
264 0.002269
265 0.002268
266 0.002265
267 0.002265
268 0.002263
269 0.002262
270 0.002261
271 0.002260
272 0.002259
273 0.002257
274 0.002257
275 0.002255
276 0.002254
277 0.002252
278 0.002251
279 0.002250
280 0.002248
281 0.002248
282 0.002246
283 0.002246
284 0.002245
285 0.002244
286 0.002244
287 0.002243
288 0.002243
289 0.002243
290 0.002242
291 0.002242
292 0.002241
293 0.002241
294 0.002240
295 0.002239
296 0.002239
297 0.002238
298 0.002237
299 0.002236
300 0.002235
301 0.002234
302 0.002232
303 0.002232
304 0.002230
305 0.002229
306 0.002228
307 0.002227
308 0.002226
309 0.002224
310 0.002224
311 0.002222
312 0.002222
313 0.002220
314 0.002220
315 0.002219
316 0.002218
317 0.002218
318 0.002215
319 0.002216
320 0.002213
321 0.002213
322 0.002211
323 0.002209
324 0.002208
325 0.002205
326 0.002206
327 0.002202
328 0.002202
329 0.002199
330 0.002198
331 0.002197
