0 0.302882
1 0.000001
2 0.000062
3 0.000062
4 0.000062
5 0.000061
6 0.000062
7 0.000062
8 0.000062
9 0.000062
10 0.000062
11 0.000127
12 0.000146
13 0.000146
14 0.000149
15 0.000181
16 0.000187
17 0.000204
18 0.000214
19 0.000227
20 0.000240
21 0.000250
22 0.000266
23 0.000272
24 0.000292
25 0.000295
26 0.000316
27 0.000320
28 0.000338
29 0.000345
30 0.000359
31 0.000369
32 0.000380
33 0.000393
34 0.000400
35 0.000417
36 0.000421
37 0.000440
38 0.000443
39 0.000461
40 0.000466
41 0.000480
42 0.000488
43 0.000499
44 0.000510
45 0.000518
46 0.000531
47 0.000536
48 0.000553
49 0.000555
50 0.000572
51 0.000575
52 0.000590
53 0.000595
54 0.000607
55 0.000615
56 0.000623
57 0.000634
58 0.000639
59 0.000653
60 0.000655
61 0.000671
62 0.000673
63 0.000686
64 0.000690
65 0.000701
66 0.000707
67 0.000715
68 0.000724
69 0.000729
70 0.000740
71 0.000742
72 0.000756
73 0.000756
74 0.000770
75 0.000771
76 0.000782
77 0.000786
78 0.000794
79 0.000800
80 0.000805
81 0.000814
82 0.000816
83 0.000827
84 0.000827
85 0.000840
86 0.000840
87 0.000850
88 0.000852
89 0.000859
90 0.000863
91 0.000868
92 0.000874
93 0.000877
94 0.000886
95 0.000888
96 0.000900
97 0.000902
98 0.000914
99 0.000918
100 0.000929
101 0.000936
102 0.000944
103 0.000953
104 0.000960
105 0.000970
106 0.000976
107 0.000988
108 0.000992
109 0.001005
110 0.001009
111 0.001021
112 0.001027
113 0.001037
114 0.001045
115 0.001053
116 0.001062
117 0.001069
118 0.001080
119 0.001085
120 0.001098
121 0.001102
122 0.001114
123 0.001119
124 0.001130
125 0.001137
126 0.001146
127 0.001155
128 0.001162
129 0.001172
130 0.001178
131 0.001190
132 0.001195
133 0.001207
134 0.001212
135 0.001223
136 0.001230
137 0.001240
138 0.001248
139 0.001256
140 0.001265
141 0.001272
142 0.001282
143 0.001288
144 0.001300
145 0.001305
146 0.001316
147 0.001322
148 0.001332
149 0.001340
150 0.001348
151 0.001357
152 0.001364
153 0.001375
154 0.001381
155 0.001392
156 0.001398
157 0.001410
158 0.001416
159 0.001427
160 0.001434
161 0.001444
162 0.001452
163 0.001461
164 0.001470
165 0.001478
166 0.001488
167 0.001494
168 0.001505
169 0.001510
170 0.001520
171 0.001525
172 0.001532
173 0.001536
174 0.001542
175 0.001548
176 0.001552
177 0.001559
178 0.001562
179 0.001570
180 0.001573
181 0.001580
182 0.001584
183 0.001590
184 0.001594
185 0.001600
186 0.001605
187 0.001610
188 0.001616
189 0.001620
190 0.001627
191 0.001630
192 0.001637
193 0.001641
194 0.001648
195 0.001652
196 0.001658
197 0.001663
198 0.001668
199 0.001674
200 0.001679
201 0.001685
202 0.001689
203 0.001696
204 0.001700
205 0.001707
206 0.001711
207 0.001717
208 0.001723
209 0.001728
210 0.001734
211 0.001740
212 0.001746
213 0.001751
214 0.001757
215 0.001763
216 0.001769
217 0.001775
218 0.001781
219 0.001787
220 0.001794
221 0.001800
222 0.001807
223 0.001814
224 0.001821
225 0.001827
226 0.001835
227 0.001843
228 0.001852
229 0.001862
230 0.001872
231 0.001884
232 0.001895
233 0.001907
234 0.001919
235 0.001932
236 0.001944
237 0.001956
238 0.001967
239 0.001979
240 0.001989
241 0.002000
242 0.002010
243 0.002022
244 0.002033
245 0.002044
246 0.002055
247 0.002065
248 0.002076
249 0.002084
250 0.002094
251 0.002101
252 0.002111
253 0.002119
254 0.002128
255 0.002137
256 0.002146
257 0.002154
258 0.002161
259 0.002170
260 0.002176
261 0.002185
262 0.002190
263 0.002200
264 0.002203
265 0.002209
266 0.002209
267 0.002209
268 0.002206
269 0.002203
270 0.002200
271 0.002194
272 0.002191
273 0.002181
274 0.002177
275 0.002167
276 0.002163
277 0.002153
278 0.002148
279 0.002140
280 0.002134
281 0.002127
282 0.002119
283 0.002114
284 0.002105
285 0.002101
286 0.002089
287 0.002086
288 0.002076
289 0.002071
290 0.002062
291 0.002056
292 0.002048
293 0.002041
294 0.002035
295 0.002025
296 0.002022
297 0.002010
298 0.002008
299 0.001997
300 0.001995
301 0.001988
302 0.001988
303 0.001986
304 0.001986
305 0.001988
306 0.001988
307 0.001994
308 0.001993
309 0.002002
310 0.002000
311 0.002012
312 0.002014
313 0.002025
314 0.002031
315 0.002042
316 0.002054
317 0.002065
318 0.002082
319 0.002095
320 0.002117
321 0.002071
322 0.002098
323 0.002104
324 0.002130
325 0.002177
326 0.002207
327 0.002248
328 0.002289
329 0.002332
330 0.002390
331 0.002432
