0 0.351434
1 0.000001
2 0.000063
3 0.000063
4 0.000063
5 0.000063
6 0.000063
7 0.000063
8 0.000063
9 0.000063
10 0.000063
11 0.000063
12 0.000063
13 0.000063
14 0.000063
15 0.000063
16 0.000063
17 0.000063
18 0.000063
19 0.000063
20 0.000063
21 0.000063
22 0.000063
23 0.000063
24 0.000067
25 0.000068
26 0.000068
27 0.000068
28 0.000068
29 0.000068
30 0.000068
31 0.000068
32 0.000068
33 0.000068
34 0.000068
35 0.000071
36 0.000071
37 0.000072
38 0.000071
39 0.000071
40 0.000072
41 0.000074
42 0.000074
43 0.000074
44 0.000074
45 0.000074
46 0.000130
47 0.000151
48 0.000151
49 0.000151
50 0.000151
51 0.000152
52 0.000153
53 0.000153
54 0.000153
55 0.000153
56 0.000153
57 0.000154
58 0.000155
59 0.000155
60 0.000155
61 0.000155
62 0.000160
63 0.000197
64 0.000197
65 0.000197
66 0.000197
67 0.000197
68 0.000198
69 0.000199
70 0.000199
71 0.000199
72 0.000199
73 0.000199
74 0.000200
75 0.000201
76 0.000201
77 0.000200
78 0.000201
79 0.000219
80 0.000235
81 0.000235
82 0.000235
83 0.000235
84 0.000235
85 0.000237
86 0.000237
87 0.000237
88 0.000237
89 0.000237
90 0.000249
91 0.000264
92 0.000264
93 0.000264
94 0.000264
95 0.000264
96 0.000266
97 0.000266
98 0.000266
99 0.000266
100 0.000266
101 0.000277
102 0.000293
103 0.000293
104 0.000293
105 0.000293
106 0.000293
107 0.000294
108 0.000295
109 0.000294
110 0.000294
111 0.000294
112 0.000303
113 0.000321
114 0.000321
115 0.000321
116 0.000321
117 0.000321
118 0.000322
119 0.000322
120 0.000322
121 0.000322
122 0.000322
123 0.000329
124 0.000348
125 0.000348
126 0.000348
127 0.000348
128 0.000348
129 0.000350
130 0.000350
131 0.000350
132 0.000350
133 0.000350
134 0.000355
135 0.000375
136 0.000376
137 0.000375
138 0.000375
139 0.000375
140 0.000376
141 0.000377
142 0.000377
143 0.000377
144 0.000377
145 0.000380
146 0.000402
147 0.000402
148 0.000402
149 0.000402
150 0.000402
151 0.000403
152 0.000403
153 0.000403
154 0.000403
155 0.000403
156 0.000405
157 0.000428
158 0.000428
159 0.000428
160 0.000428
161 0.000428
162 0.000428
163 0.000429
164 0.000429
165 0.000429
166 0.000429
167 0.000429
168 0.000448
169 0.000447
170 0.000448
171 0.000448
172 0.000448
173 0.000453
174 0.000460
175 0.000460
176 0.000460
177 0.000460
178 0.000460
179 0.000472
180 0.000473
181 0.000473
182 0.000473
183 0.000472
184 0.000477
185 0.000485
186 0.000485
187 0.000485
188 0.000485
189 0.000485
190 0.000496
191 0.000497
192 0.000497
193 0.000497
194 0.000497
195 0.000502
196 0.000509
197 0.000509
198 0.000510
199 0.000509
200 0.000509
201 0.000519
202 0.000521
203 0.000521
204 0.000521
205 0.000522
206 0.000525
207 0.000534
208 0.000533
209 0.000534
210 0.000533
211 0.000534
212 0.000542
213 0.000545
214 0.000545
215 0.000546
216 0.000545
217 0.000548
218 0.000557
219 0.000557
220 0.000557
221 0.000557
222 0.000557
223 0.000565
224 0.000569
225 0.000569
226 0.000569
227 0.000569
228 0.000571
229 0.000580
230 0.000581
231 0.000580
232 0.000581
233 0.000581
234 0.000588
235 0.000592
236 0.000592
237 0.000592
238 0.000592
239 0.000593
240 0.000603
241 0.000604
242 0.000604
243 0.000604
244 0.000604
245 0.000610
246 0.000615
247 0.000615
248 0.000615
249 0.000615
250 0.000615
251 0.000626
252 0.000626
253 0.000626
254 0.000627
255 0.000627
256 0.000632
257 0.000637
258 0.000638
259 0.000638
260 0.000638
261 0.000638
262 0.000648
263 0.000649
264 0.000649
265 0.000649
266 0.000649
267 0.000654
268 0.000660
269 0.000660
270 0.000660
271 0.000660
272 0.000661
273 0.000670
274 0.000671
275 0.000671
276 0.000671
277 0.000672
278 0.000675
279 0.000682
280 0.000682
281 0.000682
282 0.000682
283 0.000682
284 0.000691
285 0.000693
286 0.000693
287 0.000693
288 0.000693
289 0.000696
290 0.000703
291 0.000703
292 0.000704
293 0.000704
294 0.000704
295 0.000711
296 0.000714
297 0.000714
298 0.000715
299 0.000715
300 0.000717
301 0.000725
302 0.000725
303 0.000725
304 0.000725
305 0.000725
306 0.000732
307 0.000736
308 0.000736
309 0.000736
310 0.000736
311 0.000738
312 0.000746
313 0.000747
314 0.000747
315 0.000747
316 0.000747
317 0.000753
318 0.000757
319 0.000757
320 0.000758
321 0.000758
322 0.000759
323 0.000767
324 0.000768
325 0.000768
326 0.000768
327 0.000769
328 0.000774
329 0.000778
330 0.000779
331 0.000779
