0 0.343953
1 0.000001
2 0.000502
3 0.000501
4 0.000498
5 0.000498
6 0.000496
7 0.000494
8 0.000493
9 0.000492
10 0.000490
11 0.000489
12 0.000487
13 0.001131
14 0.001169
15 0.001161
16 0.001154
17 0.001146
18 0.001267
19 0.001451
20 0.001439
21 0.001558
22 0.001619
23 0.001603
24 0.001761
25 0.001769
26 0.001771
27 0.001924
28 0.001902
29 0.001943
30 0.002043
31 0.002019
32 0.002094
33 0.002145
34 0.002120
35 0.002227
36 0.002231
37 0.002210
38 0.002335
39 0.002305
40 0.002316
41 0.002396
42 0.002365
43 0.002406
44 0.002446
45 0.002413
46 0.002481
47 0.002484
48 0.002450
49 0.002543
50 0.002512
51 0.002503
52 0.002567
53 0.002532
54 0.002548
55 0.002579
56 0.002544
57 0.002584
58 0.002585
59 0.002550
60 0.002609
61 0.002585
62 0.002563
63 0.002615
64 0.002580
65 0.002579
66 0.002605
67 0.002570
68 0.002590
69 0.002591
70 0.002557
71 0.002594
72 0.002574
73 0.002546
74 0.002588
75 0.002555
76 0.002545
77 0.002566
78 0.002534
79 0.002540
80 0.002542
81 0.002511
82 0.002532
83 0.002517
84 0.002487
85 0.002521
86 0.002491
87 0.002476
88 0.002494
89 0.002465
90 0.002464
91 0.002466
92 0.002438
93 0.002449
94 0.002438
95 0.002411
96 0.002433
97 0.002409
98 0.002392
99 0.002407
100 0.002382
101 0.002375
102 0.002379
103 0.002354
104 0.002358
105 0.002351
106 0.002327
107 0.002341
108 0.002324
109 0.002305
110 0.002319
111 0.002297
112 0.002288
113 0.002292
114 0.002271
115 0.002271
116 0.002266
117 0.002246
118 0.002255
119 0.002242
120 0.002223
121 0.002237
122 0.002218
123 0.002208
124 0.002213
125 0.002196
126 0.002194
127 0.002191
128 0.002174
129 0.002179
130 0.002171
131 0.002154
132 0.002166
133 0.002151
134 0.002141
135 0.002147
136 0.002132
137 0.002129
138 0.002129
139 0.002114
140 0.002117
141 0.002111
142 0.002097
143 0.002105
144 0.002093
145 0.002083
146 0.002089
147 0.002077
148 0.002071
149 0.002072
150 0.002060
151 0.002059
152 0.002055
153 0.002043
154 0.002046
155 0.002037
156 0.002026
157 0.002031
158 0.002019
159 0.002013
160 0.002014
161 0.002002
162 0.001999
163 0.001996
164 0.001984
165 0.001985
166 0.001978
167 0.001966
168 0.001970
169 0.001959
170 0.001952
171 0.001951
172 0.001941
173 0.001936
174 0.001932
175 0.001921
176 0.001920
177 0.001913
178 0.001902
179 0.001903
180 0.001893
181 0.001884
182 0.001882
183 0.001872
184 0.001866
185 0.001861
186 0.001851
187 0.001846
188 0.001839
189 0.001829
190 0.001826
191 0.001817
192 0.001808
193 0.001806
194 0.001797
195 0.001790
196 0.001786
197 0.001778
198 0.001773
199 0.001768
200 0.001760
201 0.001758
202 0.001751
203 0.001744
204 0.001743
205 0.001736
206 0.001730
207 0.001727
208 0.001722
209 0.001718
210 0.001716
211 0.001712
212 0.001712
213 0.001710
214 0.001708
215 0.001709
216 0.001707
217 0.001706
218 0.001706
219 0.001705
220 0.001705
221 0.001705
222 0.001704
223 0.001706
224 0.001707
225 0.001707
226 0.001710
227 0.001712
228 0.001716
229 0.001722
230 0.001729
231 0.001739
232 0.001750
233 0.001763
234 0.001778
235 0.001795
236 0.001813
237 0.001832
238 0.001852
239 0.001874
240 0.001897
241 0.001921
242 0.001947
243 0.001973
244 0.002001
245 0.002032
246 0.002073
247 0.002119
248 0.002164
249 0.002213
250 0.002262
251 0.002306
252 0.002352
253 0.002396
254 0.002435
255 0.002477
256 0.002514
257 0.002548
258 0.002583
259 0.002607
260 0.002629
261 0.002649
262 0.002657
263 0.002667
264 0.002675
265 0.002674
266 0.002677
267 0.002676
268 0.002671
269 0.002670
270 0.002661
271 0.002653
272 0.002647
273 0.002630
274 0.002619
275 0.002607
276 0.002584
277 0.002564
278 0.002537
279 0.002506
280 0.002482
281 0.002450
282 0.002420
283 0.002395
284 0.002360
285 0.002332
286 0.002307
287 0.002270
288 0.002247
289 0.002221
290 0.002190
291 0.002169
292 0.002141
293 0.002115
294 0.002096
295 0.002067
296 0.002045
297 0.002028
298 0.001998
299 0.001981
300 0.001963
301 0.001937
302 0.001922
303 0.001903
304 0.001881
305 0.001868
306 0.001846
307 0.001828
308 0.001816
309 0.001791
310 0.001778
311 0.001765
312 0.001741
313 0.001731
314 0.001715
315 0.001695
316 0.001685
317 0.001666
318 0.001651
319 0.001642
320 0.001620
321 0.001609
322 0.001601
323 0.001578
324 0.001571
325 0.001560
326 0.001541
327 0.001535
328 0.001520
329 0.001506
330 0.001500
331 0.001481
