0 0.266620
1 0.000001
2 0.000057
3 0.000057
4 0.000057
5 0.000057
6 0.000057
7 0.000077
8 0.000105
9 0.000104
10 0.000104
11 0.000104
12 0.000104
13 0.000155
14 0.000159
15 0.000159
16 0.000159
17 0.000159
18 0.000181
19 0.000214
20 0.000214
21 0.000214
22 0.000214
23 0.000213
24 0.000261
25 0.000268
26 0.000267
27 0.000267
28 0.000267
29 0.000284
30 0.000320
31 0.000319
32 0.000319
33 0.000319
34 0.000318
35 0.000359
36 0.000369
37 0.000369
38 0.000368
39 0.000368
40 0.000381
41 0.000417
42 0.000416
43 0.000416
44 0.000415
45 0.000414
46 0.000459
47 0.000475
48 0.000474
49 0.000473
50 0.000472
51 0.000481
52 0.000517
53 0.000516
54 0.000515
55 0.000514
56 0.000513
57 0.000542
58 0.000555
59 0.000554
60 0.000553
61 0.000552
62 0.000557
63 0.000600
64 0.000598
65 0.000597
66 0.000596
67 0.000594
68 0.000618
69 0.000634
70 0.000632
71 0.000631
72 0.000629
73 0.000631
74 0.000667
75 0.000665
76 0.000664
77 0.000662
78 0.000661
79 0.000683
80 0.000701
81 0.000700
82 0.000698
83 0.000697
84 0.000695
85 0.000731
86 0.000729
87 0.000727
88 0.000725
89 0.000723
90 0.000740
91 0.000759
92 0.000757
93 0.000755
94 0.000754
95 0.000752
96 0.000782
97 0.000782
98 0.000780
99 0.000778
100 0.000776
101 0.000789
102 0.000809
103 0.000807
104 0.000805
105 0.000803
106 0.000801
107 0.000826
108 0.000828
109 0.000827
110 0.000825
111 0.000824
112 0.000833
113 0.000854
114 0.000853
115 0.000852
116 0.000851
117 0.000850
118 0.000871
119 0.000876
120 0.000875
121 0.000874
122 0.000873
123 0.000880
124 0.000902
125 0.000901
126 0.000901
127 0.000901
128 0.000900
129 0.000919
130 0.000927
131 0.000927
132 0.000928
133 0.000928
134 0.000935
135 0.000959
136 0.000960
137 0.000962
138 0.000963
139 0.000966
140 0.000984
141 0.000995
142 0.000998
143 0.001001
144 0.001004
145 0.001011
146 0.001038
147 0.001041
148 0.001045
149 0.001049
150 0.001052
151 0.001070
152 0.001083
153 0.001087
154 0.001091
155 0.001095
156 0.001101
157 0.001128
158 0.001132
159 0.001136
160 0.001141
161 0.001145
162 0.001161
163 0.001176
164 0.001180
165 0.001184
166 0.001189
167 0.001193
168 0.001222
169 0.001226
170 0.001231
171 0.001236
172 0.001241
173 0.001255
174 0.001272
175 0.001277
176 0.001282
177 0.001287
178 0.001292
179 0.001318
180 0.001325
181 0.001331
182 0.001336
183 0.001342
184 0.001355
185 0.001373
186 0.001378
187 0.001384
188 0.001390
189 0.001395
190 0.001419
191 0.001427
192 0.001433
193 0.001439
194 0.001444
195 0.001456
196 0.001474
197 0.001479
198 0.001485
199 0.001490
200 0.001496
201 0.001516
202 0.001525
203 0.001531
204 0.001536
205 0.001541
206 0.001551
207 0.001568
208 0.001572
209 0.001577
210 0.001582
211 0.001586
212 0.001602
213 0.001611
214 0.001615
215 0.001619
216 0.001623
217 0.001630
218 0.001645
219 0.001649
220 0.001652
221 0.001655
222 0.001658
223 0.001671
224 0.001679
225 0.001683
226 0.001686
227 0.001690
228 0.001696
229 0.001710
230 0.001714
231 0.001718
232 0.001722
233 0.001726
234 0.001737
235 0.001746
236 0.001749
237 0.001754
238 0.001758
239 0.001762
240 0.001775
241 0.001779
242 0.001784
243 0.001788
244 0.001792
245 0.001801
246 0.001808
247 0.001812
248 0.001816
249 0.001820
250 0.001823
251 0.001833
252 0.001837
253 0.001841
254 0.001844
255 0.001848
256 0.001855
257 0.001862
258 0.001866
259 0.001870
260 0.001874
261 0.001879
262 0.001886
263 0.001891
264 0.001895
265 0.001900
266 0.001904
267 0.001909
268 0.001915
269 0.001919
270 0.001923
271 0.001928
272 0.001933
273 0.001938
274 0.001943
275 0.001947
276 0.001952
277 0.001956
278 0.001961
279 0.001965
280 0.001970
281 0.001975
282 0.001980
283 0.001985
284 0.001988
285 0.001992
286 0.001997
287 0.002002
288 0.002007
289 0.002011
290 0.002013
291 0.002018
292 0.002023
293 0.002028
294 0.002033
295 0.002034
296 0.002038
297 0.002043
298 0.002048
299 0.002053
300 0.002057
301 0.002056
302 0.002062
303 0.002067
304 0.002072
305 0.002078
306 0.002077
307 0.002079
308 0.002085
309 0.002091
310 0.002096
311 0.002101
312 0.002096
313 0.002102
314 0.002108
315 0.002113
316 0.002118
317 0.002116
318 0.002116
319 0.002121
320 0.002127
321 0.002132
322 0.002137
323 0.002128
324 0.002133
325 0.002138
326 0.002143
327 0.002149
328 0.002145
329 0.002142
330 0.002147
331 0.002152
