0 0.360646
1 0.000001
2 0.000068
3 0.000068
4 0.000068
5 0.000068
6 0.000068
7 0.000068
8 0.000068
9 0.000068
10 0.000068
11 0.000068
12 0.000068
13 0.000160
14 0.000167
15 0.000166
16 0.000166
17 0.000166
18 0.000192
19 0.000230
20 0.000230
21 0.000230
22 0.000231
23 0.000230
24 0.000285
25 0.000293
26 0.000293
27 0.000293
28 0.000293
29 0.000314
30 0.000355
31 0.000355
32 0.000355
33 0.000355
34 0.000355
35 0.000403
36 0.000415
37 0.000415
38 0.000415
39 0.000416
40 0.000431
41 0.000474
42 0.000475
43 0.000475
44 0.000475
45 0.000475
46 0.000517
47 0.000533
48 0.000533
49 0.000533
50 0.000533
51 0.000545
52 0.000590
53 0.000590
54 0.000590
55 0.000590
56 0.000591
57 0.000628
58 0.000646
59 0.000647
60 0.000647
61 0.000647
62 0.000655
63 0.000701
64 0.000702
65 0.000702
66 0.000703
67 0.000703
68 0.000734
69 0.000756
70 0.000756
71 0.000757
72 0.000757
73 0.000761
74 0.000809
75 0.000810
76 0.000810
77 0.000811
78 0.000812
79 0.000839
80 0.000862
81 0.000863
82 0.000864
83 0.000865
84 0.000865
85 0.000914
86 0.000915
87 0.000916
88 0.000916
89 0.000917
90 0.000940
91 0.000966
92 0.000967
93 0.000968
94 0.000969
95 0.000970
96 0.001014
97 0.001018
98 0.001019
99 0.001020
100 0.001021
101 0.001040
102 0.001068
103 0.001069
104 0.001070
105 0.001071
106 0.001072
107 0.001112
108 0.001119
109 0.001120
110 0.001121
111 0.001123
112 0.001138
113 0.001168
114 0.001169
115 0.001171
116 0.001172
117 0.001174
118 0.001208
119 0.001218
120 0.001220
121 0.001222
122 0.001223
123 0.001236
124 0.001267
125 0.001269
126 0.001271
127 0.001273
128 0.001275
129 0.001305
130 0.001318
131 0.001320
132 0.001322
133 0.001324
134 0.001334
135 0.001366
136 0.001368
137 0.001370
138 0.001372
139 0.001374
140 0.001400
141 0.001414
142 0.001417
143 0.001418
144 0.001420
145 0.001427
146 0.001459
147 0.001461
148 0.001463
149 0.001465
150 0.001466
151 0.001488
152 0.001504
153 0.001506
154 0.001508
155 0.001510
156 0.001514
157 0.001546
158 0.001548
159 0.001549
160 0.001551
161 0.001553
162 0.001571
163 0.001588
164 0.001589
165 0.001591
166 0.001593
167 0.001594
168 0.001626
169 0.001628
170 0.001629
171 0.001631
172 0.001632
173 0.001647
174 0.001663
175 0.001664
176 0.001665
177 0.001666
178 0.001667
179 0.001693
180 0.001695
181 0.001695
182 0.001696
183 0.001695
184 0.001706
185 0.001722
186 0.001721
187 0.001721
188 0.001721
189 0.001721
190 0.001742
191 0.001745
192 0.001745
193 0.001744
194 0.001744
195 0.001751
196 0.001766
197 0.001765
198 0.001765
199 0.001764
200 0.001764
201 0.001780
202 0.001784
203 0.001783
204 0.001782
205 0.001781
206 0.001786
207 0.001799
208 0.001798
209 0.001797
210 0.001796
211 0.001795
212 0.001807
213 0.001810
214 0.001809
215 0.001808
216 0.001806
217 0.001808
218 0.001819
219 0.001818
220 0.001816
221 0.001814
222 0.001812
223 0.001820
224 0.001823
225 0.001822
226 0.001820
227 0.001818
228 0.001817
229 0.001827
230 0.001825
231 0.001823
232 0.001820
233 0.001818
234 0.001823
235 0.001825
236 0.001822
237 0.001820
238 0.001817
239 0.001816
240 0.001822
241 0.001819
242 0.001817
243 0.001814
244 0.001811
245 0.001812
246 0.001813
247 0.001810
248 0.001806
249 0.001803
250 0.001800
251 0.001804
252 0.001801
253 0.001798
254 0.001795
255 0.001793
256 0.001792
257 0.001792
258 0.001790
259 0.001787
260 0.001785
261 0.001783
262 0.001784
263 0.001783
264 0.001781
265 0.001779
266 0.001777
267 0.001775
268 0.001775
269 0.001773
270 0.001771
271 0.001769
272 0.001767
273 0.001766
274 0.001764
275 0.001762
276 0.001760
277 0.001758
278 0.001756
279 0.001754
280 0.001752
281 0.001751
282 0.001749
283 0.001748
284 0.001745
285 0.001744
286 0.001745
287 0.001746
288 0.001747
289 0.001747
290 0.001746
291 0.001748
292 0.001749
293 0.001751
294 0.001752
295 0.001750
296 0.001751
297 0.001752
298 0.001754
299 0.001756
300 0.001757
301 0.001754
302 0.001756
303 0.001758
304 0.001760
305 0.001761
306 0.001758
307 0.001757
308 0.001760
309 0.001762
310 0.001764
311 0.001765
312 0.001758
313 0.001761
314 0.001763
315 0.001765
316 0.001767
317 0.001763
318 0.001761
319 0.001763
320 0.001765
321 0.001767
322 0.001768
323 0.001759
324 0.001761
325 0.001764
326 0.001766
327 0.001768
328 0.001763
329 0.001759
330 0.001761
331 0.001764
