0 0.360646
1 0.000001
2 0.000135
3 0.000135
4 0.000135
5 0.000135
6 0.000135
7 0.000227
8 0.000332
9 0.000333
10 0.000422
11 0.000460
12 0.000461
13 0.000577
14 0.000586
15 0.000607
16 0.000709
17 0.000709
18 0.000757
19 0.000830
20 0.000830
21 0.000905
22 0.000948
23 0.000949
24 0.001049
25 0.001065
26 0.001077
27 0.001178
28 0.001179
29 0.001217
30 0.001291
31 0.001292
32 0.001354
33 0.001402
34 0.001403
35 0.001488
36 0.001511
37 0.001516
38 0.001616
39 0.001618
40 0.001647
41 0.001722
42 0.001725
43 0.001776
44 0.001827
45 0.001830
46 0.001902
47 0.001931
48 0.001934
49 0.002027
50 0.002034
51 0.002056
52 0.002131
53 0.002136
54 0.002178
55 0.002233
56 0.002238
57 0.002300
58 0.002334
59 0.002340
60 0.002420
61 0.002435
62 0.002453
63 0.002529
64 0.002537
65 0.002573
66 0.002631
67 0.002639
68 0.002692
69 0.002730
70 0.002737
71 0.002806
72 0.002826
73 0.002838
74 0.002911
75 0.002918
76 0.002945
77 0.003000
78 0.003007
79 0.003048
80 0.003086
81 0.003092
82 0.003147
83 0.003169
84 0.003175
85 0.003241
86 0.003247
87 0.003266
88 0.003314
89 0.003317
90 0.003345
91 0.003375
92 0.003376
93 0.003412
94 0.003427
95 0.003426
96 0.003470
97 0.003472
98 0.003478
99 0.003514
100 0.003512
101 0.003526
102 0.003548
103 0.003545
104 0.003566
105 0.003576
106 0.003572
107 0.003598
108 0.003597
109 0.003595
110 0.003617
111 0.003610
112 0.003613
113 0.003625
114 0.003617
115 0.003624
116 0.003627
117 0.003618
118 0.003627
119 0.003622
120 0.003612
121 0.003620
122 0.003609
123 0.003601
124 0.003601
125 0.003589
126 0.003583
127 0.003578
128 0.003567
129 0.003564
130 0.003556
131 0.003547
132 0.003547
133 0.003539
134 0.003532
135 0.003528
136 0.003520
137 0.003513
138 0.003507
139 0.003498
140 0.003491
141 0.003484
142 0.003479
143 0.003472
144 0.003474
145 0.003478
146 0.003478
147 0.003484
148 0.003486
149 0.003487
150 0.003495
151 0.003495
152 0.003497
153 0.003505
154 0.003500
155 0.003506
156 0.003513
157 0.003503
158 0.003512
159 0.003514
160 0.003508
161 0.003516
162 0.003512
163 0.003510
164 0.003519
165 0.003507
166 0.003510
167 0.003520
168 0.003498
169 0.003508
170 0.003510
171 0.003494
172 0.003505
173 0.003497
174 0.003488
175 0.003499
176 0.003481
177 0.003479
178 0.003491
179 0.003460
180 0.003468
181 0.003472
182 0.003444
183 0.003455
184 0.003446
185 0.003427
186 0.003439
187 0.003417
188 0.003409
189 0.003421
190 0.003382
191 0.003387
192 0.003393
193 0.003349
194 0.003362
195 0.003353
196 0.003321
197 0.003334
198 0.003308
199 0.003290
200 0.003303
201 0.003256
202 0.003254
203 0.003265
204 0.003202
205 0.003216
206 0.003207
207 0.003159
208 0.003173
209 0.003142
210 0.003112
211 0.003125
212 0.003071
213 0.003060
214 0.003073
215 0.002993
216 0.003003
217 0.002996
218 0.002927
219 0.002941
220 0.002908
221 0.002860
222 0.002873
223 0.002812
224 0.002787
225 0.002800
226 0.002707
227 0.002707
228 0.002704
229 0.002609
230 0.002622
231 0.002587
232 0.002517
233 0.002528
234 0.002459
235 0.002416
236 0.002428
237 0.002321
238 0.002308
239 0.002309
240 0.002182
241 0.002192
242 0.002156
243 0.002058
244 0.002066
245 0.001991
246 0.001924
247 0.001932
248 0.001814
249 0.001782
250 0.001789
251 0.001625
252 0.001631
253 0.001595
254 0.001465
255 0.001470
256 0.001389
257 0.001296
258 0.001300
259 0.001172
260 0.001119
261 0.001121
262 0.000943
263 0.000932
264 0.000901
265 0.000736
266 0.000738
267 0.000657
268 0.000535
269 0.000536
270 0.000336
271 0.000220
272 0.000220
273 0.000220
274 0.000220
275 0.000199
276 0.000011
277 0.000011
278 0.000011
279 0.000011
280 0.000011
281 0.000010
282 0.000011
283 0.000011
284 0.000011
285 0.000010
286 0.000033
287 0.000668
288 0.000668
289 0.000667
290 0.000666
291 0.000665
292 0.000760
293 0.000854
294 0.000853
295 0.000943
296 0.000974
297 0.000972
298 0.001088
299 0.001091
300 0.001113
301 0.001206
302 0.001204
303 0.001253
304 0.001316
305 0.001314
306 0.001387
307 0.001423
308 0.001420
309 0.001518
310 0.001526
311 0.001538
312 0.001630
313 0.001626
314 0.001662
315 0.001726
316 0.001723
317 0.001782
318 0.001821
319 0.001817
320 0.001899
321 0.001912
322 0.001914
323 0.002004
324 0.002001
325 0.002026
326 0.002091
327 0.002087
328 0.002135
329 0.002175
330 0.002172
331 0.002240
