0 0.356032
1 0.000001
2 0.000071
3 0.000071
4 0.000071
5 0.000071
6 0.000071
7 0.000119
8 0.000175
9 0.000175
10 0.000223
11 0.000243
12 0.000243
13 0.000305
14 0.000310
15 0.000321
16 0.000375
17 0.000375
18 0.000401
19 0.000439
20 0.000439
21 0.000479
22 0.000502
23 0.000502
24 0.000556
25 0.000564
26 0.000570
27 0.000624
28 0.000624
29 0.000644
30 0.000683
31 0.000683
32 0.000716
33 0.000741
34 0.000741
35 0.000786
36 0.000797
37 0.000798
38 0.000852
39 0.000852
40 0.000866
41 0.000906
42 0.000905
43 0.000932
44 0.000958
45 0.000958
46 0.000995
47 0.001009
48 0.001008
49 0.001057
50 0.001058
51 0.001068
52 0.001107
53 0.001106
54 0.001127
55 0.001154
56 0.001153
57 0.001184
58 0.001199
59 0.001199
60 0.001240
61 0.001244
62 0.001250
63 0.001287
64 0.001287
65 0.001303
66 0.001330
67 0.001329
68 0.001354
69 0.001370
70 0.001370
71 0.001403
72 0.001409
73 0.001412
74 0.001448
75 0.001447
76 0.001458
77 0.001485
78 0.001484
79 0.001503
80 0.001520
81 0.001520
82 0.001547
83 0.001555
84 0.001555
85 0.001589
86 0.001589
87 0.001597
88 0.001623
89 0.001623
90 0.001638
91 0.001655
92 0.001655
93 0.001677
94 0.001687
95 0.001687
96 0.001715
97 0.001717
98 0.001722
99 0.001746
100 0.001747
101 0.001758
102 0.001775
103 0.001776
104 0.001793
105 0.001803
106 0.001804
107 0.001827
108 0.001831
109 0.001834
110 0.001857
111 0.001858
112 0.001867
113 0.001884
114 0.001886
115 0.001900
116 0.001912
117 0.001914
118 0.001933
119 0.001939
120 0.001942
121 0.001963
122 0.001966
123 0.001973
124 0.001989
125 0.001992
126 0.002003
127 0.002015
128 0.002018
129 0.002032
130 0.002040
131 0.002043
132 0.002061
133 0.002064
134 0.002071
135 0.002085
136 0.002088
137 0.002097
138 0.002108
139 0.002112
140 0.002123
141 0.002131
142 0.002134
143 0.002147
144 0.002151
145 0.002156
146 0.002166
147 0.002170
148 0.002176
149 0.002184
150 0.002186
151 0.002193
152 0.002199
153 0.002202
154 0.002210
155 0.002214
156 0.002217
157 0.002224
158 0.002227
159 0.002232
160 0.002237
161 0.002239
162 0.002243
163 0.002246
164 0.002249
165 0.002252
166 0.002254
167 0.002257
168 0.002259
169 0.002261
170 0.002263
171 0.002265
172 0.002267
173 0.002268
174 0.002270
175 0.002272
176 0.002272
177 0.002274
178 0.002277
179 0.002275
180 0.002278
181 0.002280
182 0.002277
183 0.002281
184 0.002281
185 0.002280
186 0.002283
187 0.002281
188 0.002282
189 0.002286
190 0.002281
191 0.002284
192 0.002287
193 0.002280
194 0.002285
195 0.002285
196 0.002280
197 0.002285
198 0.002281
199 0.002279
200 0.002285
201 0.002276
202 0.002278
203 0.002282
204 0.002270
205 0.002275
206 0.002275
207 0.002266
208 0.002271
209 0.002265
210 0.002260
211 0.002265
212 0.002254
213 0.002253
214 0.002259
215 0.002240
216 0.002245
217 0.002245
218 0.002229
219 0.002233
220 0.002224
221 0.002211
222 0.002213
223 0.002196
224 0.002189
225 0.002191
226 0.002166
227 0.002165
228 0.002160
229 0.002129
230 0.002125
231 0.002108
232 0.002082
233 0.002076
234 0.002050
235 0.002030
236 0.002023
237 0.001986
238 0.001973
239 0.001964
240 0.001922
241 0.001914
242 0.001894
243 0.001859
244 0.001851
245 0.001822
246 0.001796
247 0.001788
248 0.001750
249 0.001733
250 0.001725
251 0.001678
252 0.001671
253 0.001654
254 0.001616
255 0.001609
256 0.001583
257 0.001554
258 0.001548
259 0.001512
260 0.001493
261 0.001487
262 0.001442
263 0.001433
264 0.001421
265 0.001379
266 0.001374
267 0.001351
268 0.001320
269 0.001315
270 0.001282
271 0.001261
272 0.001257
273 0.001213
274 0.001203
275 0.001194
276 0.001149
277 0.001145
278 0.001126
279 0.001091
280 0.001088
281 0.001057
282 0.001034
283 0.001031
284 0.000989
285 0.000977
286 0.000972
287 0.000922
288 0.000919
289 0.000904
290 0.000865
291 0.000863
292 0.000835
293 0.000807
294 0.000806
295 0.000766
296 0.000750
297 0.000749
298 0.000696
299 0.000693
300 0.000681
301 0.000637
302 0.000635
303 0.000611
304 0.000578
305 0.000578
306 0.000540
307 0.000520
308 0.000520
309 0.000468
310 0.000462
311 0.000454
312 0.000403
313 0.000403
314 0.000380
315 0.000343
316 0.000343
317 0.000307
318 0.000283
319 0.000282
320 0.000232
321 0.000221
322 0.000215
323 0.000128
324 0.000128
325 0.000128
326 0.000128
327 0.000128
328 0.000064
329 0.000008
330 0.000008
331 0.000008
