0 0.300358
1 0.000001
2 0.000041
3 0.000041
4 0.000041
5 0.000041
6 0.000041
7 0.000070
8 0.000103
9 0.000103
10 0.000131
11 0.000143
12 0.000143
13 0.000180
14 0.000182
15 0.000189
16 0.000222
17 0.000221
18 0.000237
19 0.000260
20 0.000260
21 0.000284
22 0.000298
23 0.000297
24 0.000330
25 0.000334
26 0.000338
27 0.000371
28 0.000370
29 0.000382
30 0.000406
31 0.000406
32 0.000426
33 0.000441
34 0.000440
35 0.000468
36 0.000474
37 0.000475
38 0.000508
39 0.000507
40 0.000516
41 0.000540
42 0.000540
43 0.000556
44 0.000572
45 0.000571
46 0.000594
47 0.000603
48 0.000602
49 0.000633
50 0.000633
51 0.000639
52 0.000663
53 0.000662
54 0.000675
55 0.000692
56 0.000691
57 0.000711
58 0.000721
59 0.000720
60 0.000746
61 0.000748
62 0.000752
63 0.000776
64 0.000776
65 0.000785
66 0.000803
67 0.000802
68 0.000818
69 0.000829
70 0.000828
71 0.000850
72 0.000854
73 0.000855
74 0.000880
75 0.000879
76 0.000886
77 0.000903
78 0.000903
79 0.000915
80 0.000927
81 0.000926
82 0.000944
83 0.000949
84 0.000949
85 0.000972
86 0.000971
87 0.000976
88 0.000994
89 0.000992
90 0.001003
91 0.001014
92 0.001013
93 0.001028
94 0.001034
95 0.001033
96 0.001053
97 0.001053
98 0.001055
99 0.001073
100 0.001071
101 0.001079
102 0.001090
103 0.001089
104 0.001101
105 0.001107
106 0.001106
107 0.001122
108 0.001124
109 0.001124
110 0.001141
111 0.001139
112 0.001144
113 0.001156
114 0.001154
115 0.001163
116 0.001170
117 0.001168
118 0.001182
119 0.001185
120 0.001185
121 0.001201
122 0.001200
123 0.001204
124 0.001217
125 0.001216
126 0.001224
127 0.001232
128 0.001231
129 0.001243
130 0.001247
131 0.001246
132 0.001261
133 0.001261
134 0.001264
135 0.001275
136 0.001274
137 0.001280
138 0.001288
139 0.001287
140 0.001296
141 0.001299
142 0.001298
143 0.001309
144 0.001309
145 0.001309
146 0.001319
147 0.001317
148 0.001320
149 0.001326
150 0.001324
151 0.001329
152 0.001332
153 0.001329
154 0.001337
155 0.001336
156 0.001334
157 0.001343
158 0.001340
159 0.001340
160 0.001345
161 0.001342
162 0.001345
163 0.001347
164 0.001343
165 0.001348
166 0.001346
167 0.001342
168 0.001348
169 0.001344
170 0.001343
171 0.001346
172 0.001343
173 0.001343
174 0.001344
175 0.001340
176 0.001343
177 0.001342
178 0.001338
179 0.001342
180 0.001339
181 0.001337
182 0.001340
183 0.001337
184 0.001337
185 0.001338
186 0.001335
187 0.001336
188 0.001335
189 0.001332
190 0.001334
191 0.001332
192 0.001330
193 0.001333
194 0.001330
195 0.001330
196 0.001331
197 0.001329
198 0.001329
199 0.001329
200 0.001327
201 0.001328
202 0.001327
203 0.001326
204 0.001329
205 0.001328
206 0.001330
207 0.001334
208 0.001336
209 0.001340
210 0.001345
211 0.001348
212 0.001355
213 0.001361
214 0.001366
215 0.001375
216 0.001382
217 0.001389
218 0.001398
219 0.001405
220 0.001414
221 0.001426
222 0.001439
223 0.001453
224 0.001466
225 0.001478
226 0.001490
227 0.001501
228 0.001512
229 0.001523
230 0.001533
231 0.001544
232 0.001555
233 0.001566
234 0.001577
235 0.001587
236 0.001597
237 0.001606
238 0.001615
239 0.001624
240 0.001631
241 0.001639
242 0.001645
243 0.001651
244 0.001657
245 0.001662
246 0.001666
247 0.001671
248 0.001673
249 0.001677
250 0.001681
251 0.001681
252 0.001684
253 0.001686
254 0.001686
255 0.001688
256 0.001688
257 0.001686
258 0.001686
259 0.001681
260 0.001678
261 0.001676
262 0.001668
263 0.001664
264 0.001658
265 0.001647
266 0.001640
267 0.001629
268 0.001616
269 0.001605
270 0.001587
271 0.001572
272 0.001558
273 0.001539
274 0.001526
275 0.001513
276 0.001494
277 0.001482
278 0.001468
279 0.001451
280 0.001440
281 0.001425
282 0.001411
283 0.001401
284 0.001384
285 0.001373
286 0.001364
287 0.001346
288 0.001338
289 0.001328
290 0.001313
291 0.001306
292 0.001294
293 0.001282
294 0.001275
295 0.001262
296 0.001253
297 0.001247
298 0.001231
299 0.001225
300 0.001218
301 0.001204
302 0.001200
303 0.001191
304 0.001180
305 0.001176
306 0.001165
307 0.001158
308 0.001156
309 0.001142
310 0.001138
311 0.001134
312 0.001121
313 0.001119
314 0.001112
315 0.001102
316 0.001100
317 0.001090
318 0.001083
319 0.001082
320 0.001069
321 0.001065
322 0.001062
323 0.001047
324 0.001044
325 0.001036
326 0.001023
327 0.001019
328 0.001007
329 0.000997
330 0.000994
331 0.000979
