0 0.291862
1 0.000001
2 0.000086
3 0.000086
4 0.000086
5 0.000086
6 0.000086
7 0.000086
8 0.000086
9 0.000086
10 0.000086
11 0.000155
12 0.000175
13 0.000175
14 0.000179
15 0.000226
16 0.000225
17 0.000225
18 0.000245
19 0.000275
20 0.000275
21 0.000275
22 0.000301
23 0.000311
24 0.000332
25 0.000335
26 0.000359
27 0.000363
28 0.000382
29 0.000389
30 0.000405
31 0.000416
32 0.000427
33 0.000442
34 0.000450
35 0.000468
36 0.000472
37 0.000493
38 0.000497
39 0.000516
40 0.000526
41 0.000555
42 0.000564
43 0.000577
44 0.000589
45 0.000598
46 0.000614
47 0.000620
48 0.000639
49 0.000642
50 0.000663
51 0.000667
52 0.000684
53 0.000692
54 0.000706
55 0.000718
56 0.000729
57 0.000749
58 0.000760
59 0.000777
60 0.000782
61 0.000803
62 0.000808
63 0.000827
64 0.000835
65 0.000851
66 0.000862
67 0.000876
68 0.000890
69 0.000900
70 0.000922
71 0.000931
72 0.000951
73 0.000956
74 0.000976
75 0.000983
76 0.001000
77 0.001010
78 0.001024
79 0.001036
80 0.001048
81 0.001067
82 0.001076
83 0.001094
84 0.001099
85 0.001120
86 0.001125
87 0.001142
88 0.001150
89 0.001164
90 0.001175
91 0.001186
92 0.001202
93 0.001212
94 0.001227
95 0.001233
96 0.001250
97 0.001254
98 0.001270
99 0.001276
100 0.001289
101 0.001298
102 0.001312
103 0.001322
104 0.001330
105 0.001342
106 0.001348
107 0.001362
108 0.001365
109 0.001381
110 0.001385
111 0.001402
112 0.001407
113 0.001418
114 0.001425
115 0.001432
116 0.001441
117 0.001446
118 0.001458
119 0.001460
120 0.001477
121 0.001479
122 0.001491
123 0.001495
124 0.001505
125 0.001510
126 0.001518
127 0.001527
128 0.001534
129 0.001549
130 0.001556
131 0.001571
132 0.001577
133 0.001594
134 0.001602
135 0.001619
136 0.001631
137 0.001649
138 0.001664
139 0.001680
140 0.001699
141 0.001714
142 0.001737
143 0.001754
144 0.001783
145 0.001802
146 0.001832
147 0.001855
148 0.001886
149 0.001914
150 0.001946
151 0.001980
152 0.002013
153 0.002051
154 0.002085
155 0.002128
156 0.002163
157 0.002210
158 0.002251
159 0.002301
160 0.002348
161 0.002400
162 0.002456
163 0.002517
164 0.002585
165 0.002654
166 0.002736
167 0.002814
168 0.002910
169 0.002986
170 0.003048
171 0.003092
172 0.003124
173 0.003139
174 0.003139
175 0.003138
176 0.003129
177 0.003122
178 0.003104
179 0.003095
180 0.003074
181 0.003058
182 0.003030
183 0.003011
184 0.002994
185 0.002980
186 0.002968
187 0.002961
188 0.002972
189 0.002993
190 0.003033
191 0.003067
192 0.003114
193 0.003159
194 0.003212
195 0.003255
196 0.003294
197 0.003326
198 0.003357
199 0.003392
200 0.003430
201 0.003477
202 0.003523
203 0.003574
204 0.003614
205 0.003656
206 0.003690
207 0.003726
208 0.003762
209 0.003801
210 0.003843
211 0.003887
212 0.003927
213 0.003955
214 0.003985
215 0.004011
216 0.004041
217 0.004071
218 0.004112
219 0.004152
220 0.004190
221 0.004225
222 0.004264
223 0.004309
224 0.004361
225 0.004416
226 0.004464
227 0.004508
228 0.004551
229 0.004597
230 0.004647
231 0.004697
232 0.004747
233 0.004791
234 0.004819
235 0.004818
236 0.004809
237 0.004795
238 0.004776
239 0.004753
240 0.004722
241 0.004683
242 0.004637
243 0.004591
244 0.004543
245 0.004495
246 0.004446
247 0.004394
248 0.004330
249 0.004256
250 0.004177
251 0.004091
252 0.004016
253 0.003939
254 0.003864
255 0.003786
256 0.003709
257 0.003632
258 0.003552
259 0.003479
260 0.003414
261 0.003381
262 0.003347
263 0.003322
264 0.003294
265 0.003276
266 0.003262
267 0.003252
268 0.003239
269 0.003220
270 0.003196
271 0.003167
272 0.003142
273 0.003114
274 0.003103
275 0.003093
276 0.003092
277 0.003082
278 0.003074
279 0.003064
280 0.003055
281 0.003037
282 0.003011
283 0.002981
284 0.002936
285 0.002889
286 0.002827
287 0.002768
288 0.002696
289 0.002634
290 0.002570
291 0.002514
292 0.002454
293 0.002395
294 0.002338
295 0.002282
296 0.002236
297 0.002185
298 0.002148
299 0.002103
300 0.002070
301 0.002035
302 0.002010
303 0.001982
304 0.001958
305 0.001938
306 0.001919
307 0.001913
308 0.001917
309 0.001928
310 0.001929
311 0.001941
312 0.001944
313 0.001952
314 0.001954
315 0.001962
316 0.001968
317 0.001973
318 0.001980
319 0.001983
320 0.001993
321 0.001989
322 0.002000
323 0.002000
324 0.002009
325 0.002011
326 0.002019
327 0.002023
328 0.002027
329 0.002033
330 0.002031
331 0.002038
