0 0.342766
1 0.000001
2 0.000379
3 0.000374
4 0.000369
5 0.000524
6 0.000856
7 0.000974
8 0.001096
9 0.001222
10 0.001265
11 0.001390
12 0.001366
13 0.001484
14 0.001423
15 0.001495
16 0.001433
17 0.001446
18 0.001409
19 0.001428
20 0.001472
21 0.001532
22 0.001628
23 0.001672
24 0.001787
25 0.001814
26 0.001942
27 0.001971
28 0.002078
29 0.002124
30 0.002210
31 0.002273
32 0.002339
33 0.002418
34 0.002463
35 0.002556
36 0.002582
37 0.002687
38 0.002706
39 0.002800
40 0.002828
41 0.002901
42 0.002938
43 0.002986
44 0.003030
45 0.003055
46 0.003102
47 0.003106
48 0.003158
49 0.003150
50 0.003203
51 0.003194
52 0.003231
53 0.003232
54 0.003254
55 0.003263
56 0.003271
57 0.003288
58 0.003284
59 0.003307
60 0.003293
61 0.003321
62 0.003304
63 0.003323
64 0.003312
65 0.003320
66 0.003317
67 0.003319
68 0.003324
69 0.003321
70 0.003328
71 0.003316
72 0.003322
73 0.003302
74 0.003304
75 0.003286
76 0.003282
77 0.003266
78 0.003257
79 0.003244
80 0.003231
81 0.003220
82 0.003203
83 0.003195
84 0.003177
85 0.003169
86 0.003152
87 0.003141
88 0.003126
89 0.003113
90 0.003098
91 0.003085
92 0.003071
93 0.003057
94 0.003046
95 0.003040
96 0.003033
97 0.003032
98 0.003029
99 0.003031
100 0.003030
101 0.003032
102 0.003032
103 0.003030
104 0.003031
105 0.003026
106 0.003028
107 0.003019
108 0.003024
109 0.003012
110 0.003017
111 0.003007
112 0.003009
113 0.003003
114 0.003000
115 0.002998
116 0.002989
117 0.002990
118 0.002974
119 0.002979
120 0.002955
121 0.002960
122 0.002935
123 0.002934
124 0.002913
125 0.002904
126 0.002888
127 0.002870
128 0.002859
129 0.002830
130 0.002826
131 0.002785
132 0.002786
133 0.002738
134 0.002734
135 0.002692
136 0.002676
137 0.002641
138 0.002613
139 0.002586
140 0.002543
141 0.002525
142 0.002468
143 0.002460
144 0.002384
145 0.002365
146 0.002285
147 0.002251
148 0.002182
149 0.002134
150 0.002077
151 0.002015
152 0.001971
153 0.001895
154 0.001865
155 0.001774
156 0.001752
157 0.001658
158 0.001630
159 0.001550
160 0.001508
161 0.001442
162 0.001384
163 0.001333
164 0.001259
165 0.001223
166 0.001132
167 0.001113
168 0.001005
169 0.000985
170 0.000892
171 0.000856
172 0.000778
173 0.000724
174 0.000664
175 0.000593
176 0.000551
177 0.000461
178 0.000436
179 0.000323
180 0.000299
181 0.000128
182 0.000128
183 0.000129
184 0.000077
185 0.000003
186 0.000003
187 0.000003
188 0.000003
189 0.000003
190 0.000003
191 0.000007
192 0.000188
193 0.000188
194 0.000187
195 0.000205
196 0.000241
197 0.000258
198 0.000276
199 0.000298
200 0.000310
201 0.000337
202 0.000344
203 0.000376
204 0.000381
205 0.000411
206 0.000420
207 0.000445
208 0.000460
209 0.000480
210 0.000500
211 0.000514
212 0.000539
213 0.000549
214 0.000579
215 0.000585
216 0.000617
217 0.000625
218 0.000652
219 0.000665
220 0.000687
221 0.000705
222 0.000722
223 0.000745
224 0.000758
225 0.000786
226 0.000794
227 0.000826
228 0.000834
229 0.000863
230 0.000876
231 0.000900
232 0.000917
233 0.000938
234 0.000960
235 0.000976
236 0.001003
237 0.001015
238 0.001046
239 0.001056
240 0.001089
241 0.001101
242 0.001130
243 0.001147
244 0.001172
245 0.001193
246 0.001213
247 0.001238
248 0.001253
249 0.001282
250 0.001293
251 0.001326
252 0.001336
253 0.001365
254 0.001379
255 0.001404
256 0.001422
257 0.001443
258 0.001466
259 0.001483
260 0.001510
261 0.001524
262 0.001555
263 0.001565
264 0.001593
265 0.001603
266 0.001625
267 0.001637
268 0.001655
269 0.001673
270 0.001688
271 0.001709
272 0.001721
273 0.001746
274 0.001756
275 0.001785
276 0.001798
277 0.001825
278 0.001843
279 0.001869
280 0.001892
281 0.001917
282 0.001944
283 0.001967
284 0.001999
285 0.002021
286 0.002059
287 0.002082
288 0.002121
289 0.002148
290 0.002187
291 0.002220
292 0.002257
293 0.002296
294 0.002332
295 0.002376
296 0.002412
297 0.002460
298 0.002494
299 0.002536
300 0.002559
301 0.002589
302 0.002606
303 0.002623
304 0.002636
305 0.002645
306 0.002654
307 0.002653
308 0.002657
309 0.002652
310 0.002654
311 0.002645
312 0.002642
313 0.002631
314 0.002622
315 0.002608
316 0.002593
317 0.002576
318 0.002555
319 0.002534
320 0.002508
321 0.002484
322 0.002457
323 0.002433
324 0.002406
325 0.002380
326 0.002350
327 0.002318
328 0.002285
329 0.002260
330 0.002241
331 0.002223
