0 0.302882
1 0.000001
2 0.000041
3 0.000041
4 0.000041
5 0.000041
6 0.000041
7 0.000041
8 0.000041
9 0.000041
10 0.000041
11 0.000041
12 0.000041
13 0.000041
14 0.000041
15 0.000050
16 0.000097
17 0.000097
18 0.000097
19 0.000097
20 0.000097
21 0.000112
22 0.000121
23 0.000121
24 0.000134
25 0.000136
26 0.000138
27 0.000152
28 0.000152
29 0.000157
30 0.000167
31 0.000167
32 0.000175
33 0.000181
34 0.000181
35 0.000193
36 0.000196
37 0.000197
38 0.000211
39 0.000211
40 0.000215
41 0.000225
42 0.000225
43 0.000232
44 0.000239
45 0.000240
46 0.000249
47 0.000253
48 0.000253
49 0.000267
50 0.000267
51 0.000270
52 0.000281
53 0.000281
54 0.000286
55 0.000294
56 0.000294
57 0.000303
58 0.000307
59 0.000307
60 0.000319
61 0.000320
62 0.000322
63 0.000333
64 0.000333
65 0.000338
66 0.000345
67 0.000345
68 0.000353
69 0.000358
70 0.000357
71 0.000368
72 0.000370
73 0.000370
74 0.000382
75 0.000382
76 0.000385
77 0.000393
78 0.000393
79 0.000399
80 0.000405
81 0.000404
82 0.000413
83 0.000416
84 0.000415
85 0.000427
86 0.000426
87 0.000429
88 0.000437
89 0.000437
90 0.000442
91 0.000448
92 0.000447
93 0.000455
94 0.000458
95 0.000457
96 0.000467
97 0.000467
98 0.000469
99 0.000478
100 0.000477
101 0.000481
102 0.000487
103 0.000486
104 0.000492
105 0.000496
106 0.000495
107 0.000504
108 0.000504
109 0.000505
110 0.000514
111 0.000513
112 0.000516
113 0.000522
114 0.000521
115 0.000526
116 0.000530
117 0.000529
118 0.000536
119 0.000538
120 0.000537
121 0.000546
122 0.000545
123 0.000547
124 0.000553
125 0.000552
126 0.000556
127 0.000560
128 0.000559
129 0.000565
130 0.000567
131 0.000566
132 0.000574
133 0.000573
134 0.000574
135 0.000580
136 0.000579
137 0.000582
138 0.000586
139 0.000585
140 0.000590
141 0.000593
142 0.000592
143 0.000600
144 0.000601
145 0.000602
146 0.000609
147 0.000610
148 0.000614
149 0.000619
150 0.000620
151 0.000626
152 0.000630
153 0.000630
154 0.000638
155 0.000640
156 0.000641
157 0.000650
158 0.000650
159 0.000654
160 0.000660
161 0.000661
162 0.000666
163 0.000670
164 0.000671
165 0.000678
166 0.000681
167 0.000682
168 0.000690
169 0.000692
170 0.000694
171 0.000701
172 0.000702
173 0.000707
174 0.000712
175 0.000713
176 0.000719
177 0.000723
178 0.000724
179 0.000732
180 0.000733
181 0.000735
182 0.000742
183 0.000744
184 0.000748
185 0.000753
186 0.000754
187 0.000760
188 0.000764
189 0.000765
190 0.000772
191 0.000775
192 0.000776
193 0.000784
194 0.000785
195 0.000789
196 0.000794
197 0.000796
198 0.000801
199 0.000805
200 0.000807
201 0.000813
202 0.000816
203 0.000818
204 0.000825
205 0.000827
206 0.000830
207 0.000836
208 0.000838
209 0.000842
210 0.000847
211 0.000848
212 0.000854
213 0.000857
214 0.000859
215 0.000866
216 0.000868
217 0.000871
218 0.000877
219 0.000879
220 0.000883
221 0.000888
222 0.000889
223 0.000895
224 0.000898
225 0.000900
226 0.000907
227 0.000909
228 0.000912
229 0.000918
230 0.000920
231 0.000924
232 0.000929
233 0.000931
234 0.000936
235 0.000941
236 0.000943
237 0.000949
238 0.000952
239 0.000954
240 0.000961
241 0.000963
242 0.000967
243 0.000972
244 0.000974
245 0.000979
246 0.000984
247 0.000986
248 0.000991
249 0.000995
250 0.000997
251 0.001003
252 0.001005
253 0.001008
254 0.001013
255 0.001015
256 0.001018
257 0.001021
258 0.001022
259 0.001026
260 0.001028
261 0.001029
262 0.001034
263 0.001035
264 0.001036
265 0.001041
266 0.001042
267 0.001044
268 0.001047
269 0.001048
270 0.001052
271 0.001054
272 0.001055
273 0.001059
274 0.001061
275 0.001062
276 0.001066
277 0.001067
278 0.001070
279 0.001073
280 0.001074
281 0.001077
282 0.001080
283 0.001081
284 0.001084
285 0.001086
286 0.001088
287 0.001092
288 0.001093
289 0.001095
290 0.001099
291 0.001100
292 0.001103
293 0.001105
294 0.001107
295 0.001110
296 0.001112
297 0.001114
298 0.001118
299 0.001119
300 0.001121
301 0.001124
302 0.001126
303 0.001129
304 0.001131
305 0.001133
306 0.001136
307 0.001139
308 0.001140
309 0.001144
310 0.001146
311 0.001148
312 0.001151
313 0.001153
314 0.001156
315 0.001159
316 0.001161
317 0.001164
318 0.001166
319 0.001168
320 0.001171
321 0.001174
322 0.001176
323 0.001179
324 0.001182
325 0.001184
326 0.001187
327 0.001190
328 0.001193
329 0.001195
330 0.001198
331 0.001201
