0 0.358011
1 0.000001
2 0.000056
3 0.000056
4 0.000056
5 0.000056
6 0.000056
7 0.000056
8 0.000056
9 0.000056
10 0.000056
11 0.000056
12 0.000056
13 0.000056
14 0.000056
15 0.000068
16 0.000131
17 0.000131
18 0.000131
19 0.000131
20 0.000131
21 0.000158
22 0.000173
23 0.000173
24 0.000173
25 0.000173
26 0.000177
27 0.000214
28 0.000214
29 0.000214
30 0.000214
31 0.000214
32 0.000231
33 0.000245
34 0.000244
35 0.000261
36 0.000264
37 0.000265
38 0.000284
39 0.000284
40 0.000289
41 0.000304
42 0.000304
43 0.000313
44 0.000323
45 0.000323
46 0.000337
47 0.000342
48 0.000342
49 0.000360
50 0.000361
51 0.000364
52 0.000379
53 0.000379
54 0.000387
55 0.000398
56 0.000397
57 0.000410
58 0.000416
59 0.000415
60 0.000432
61 0.000433
62 0.000435
63 0.000451
64 0.000451
65 0.000457
66 0.000469
67 0.000468
68 0.000478
69 0.000485
70 0.000485
71 0.000499
72 0.000502
73 0.000503
74 0.000519
75 0.000518
76 0.000523
77 0.000535
78 0.000535
79 0.000543
80 0.000551
81 0.000550
82 0.000563
83 0.000567
84 0.000566
85 0.000583
86 0.000582
87 0.000585
88 0.000598
89 0.000597
90 0.000604
91 0.000613
92 0.000612
93 0.000623
94 0.000627
95 0.000627
96 0.000641
97 0.000642
98 0.000644
99 0.000657
100 0.000656
101 0.000662
102 0.000671
103 0.000670
104 0.000679
105 0.000685
106 0.000684
107 0.000697
108 0.000698
109 0.000699
110 0.000712
111 0.000711
112 0.000715
113 0.000725
114 0.000724
115 0.000731
116 0.000737
117 0.000736
118 0.000747
119 0.000749
120 0.000749
121 0.000761
122 0.000760
123 0.000763
124 0.000773
125 0.000772
126 0.000778
127 0.000784
128 0.000783
129 0.000792
130 0.000794
131 0.000793
132 0.000806
133 0.000805
134 0.000806
135 0.000816
136 0.000815
137 0.000820
138 0.000826
139 0.000825
140 0.000832
141 0.000836
142 0.000834
143 0.000845
144 0.000845
145 0.000846
146 0.000855
147 0.000854
148 0.000858
149 0.000865
150 0.000863
151 0.000870
152 0.000874
153 0.000873
154 0.000882
155 0.000883
156 0.000883
157 0.000893
158 0.000892
159 0.000894
160 0.000902
161 0.000901
162 0.000906
163 0.000910
164 0.000909
165 0.000917
166 0.000919
167 0.000918
168 0.000929
169 0.000928
170 0.000929
171 0.000937
172 0.000936
173 0.000940
174 0.000945
175 0.000944
176 0.000951
177 0.000954
178 0.000953
179 0.000962
180 0.000962
181 0.000963
182 0.000971
183 0.000970
184 0.000973
185 0.000979
186 0.000978
187 0.000983
188 0.000986
189 0.000986
190 0.000993
191 0.000994
192 0.000994
193 0.001002
194 0.001002
195 0.001004
196 0.001010
197 0.001009
198 0.001014
199 0.001017
200 0.001016
201 0.001023
202 0.001024
203 0.001023
204 0.001031
205 0.001030
206 0.001032
207 0.001037
208 0.001036
209 0.001040
210 0.001043
211 0.001042
212 0.001047
213 0.001048
214 0.001047
215 0.001055
216 0.001054
217 0.001054
218 0.001060
219 0.001059
220 0.001061
221 0.001065
222 0.001064
223 0.001068
224 0.001070
225 0.001069
226 0.001075
227 0.001074
228 0.001074
229 0.001080
230 0.001078
231 0.001080
232 0.001084
233 0.001083
234 0.001086
235 0.001088
236 0.001087
237 0.001092
238 0.001092
239 0.001091
240 0.001097
241 0.001096
242 0.001097
243 0.001101
244 0.001100
245 0.001103
246 0.001105
247 0.001104
248 0.001108
249 0.001108
250 0.001107
251 0.001113
252 0.001112
253 0.001112
254 0.001116
255 0.001115
256 0.001117
257 0.001120
258 0.001119
259 0.001122
260 0.001123
261 0.001122
262 0.001127
263 0.001126
264 0.001126
265 0.001130
266 0.001129
267 0.001131
268 0.001133
269 0.001132
270 0.001135
271 0.001137
272 0.001136
273 0.001140
274 0.001140
275 0.001139
276 0.001144
277 0.001143
278 0.001144
279 0.001146
280 0.001146
281 0.001148
282 0.001149
283 0.001149
284 0.001152
285 0.001153
286 0.001152
287 0.001156
288 0.001155
289 0.001156
290 0.001159
291 0.001158
292 0.001160
293 0.001162
294 0.001161
295 0.001164
296 0.001165
297 0.001164
298 0.001168
299 0.001168
300 0.001168
301 0.001171
302 0.001171
303 0.001172
304 0.001174
305 0.001174
306 0.001176
307 0.001177
308 0.001177
309 0.001180
310 0.001180
311 0.001180
312 0.001183
313 0.001183
314 0.001184
315 0.001186
316 0.001186
317 0.001188
318 0.001189
319 0.001189
320 0.001192
321 0.001192
322 0.001192
323 0.001195
324 0.001195
325 0.001195
326 0.001198
327 0.001197
328 0.001199
329 0.001200
330 0.001200
331 0.001202
