0 0.351434
1 0.000001
2 0.000125
3 0.000126
4 0.000125
5 0.000126
6 0.000126
7 0.000125
8 0.000126
9 0.000125
10 0.000126
11 0.000126
12 0.000125
13 0.000134
14 0.000135
15 0.000135
16 0.000135
17 0.000135
18 0.000138
19 0.000143
20 0.000143
21 0.000147
22 0.000149
23 0.000149
24 0.000281
25 0.000302
26 0.000303
27 0.000306
28 0.000306
29 0.000307
30 0.000310
31 0.000309
32 0.000357
33 0.000394
34 0.000394
35 0.000397
36 0.000397
37 0.000397
38 0.000401
39 0.000401
40 0.000419
41 0.000470
42 0.000470
43 0.000472
44 0.000473
45 0.000473
46 0.000514
47 0.000528
48 0.000528
49 0.000531
50 0.000532
51 0.000542
52 0.000585
53 0.000586
54 0.000587
55 0.000589
56 0.000588
57 0.000624
58 0.000642
59 0.000641
60 0.000644
61 0.000645
62 0.000652
63 0.000696
64 0.000697
65 0.000698
66 0.000699
67 0.000700
68 0.000730
69 0.000750
70 0.000750
71 0.000753
72 0.000753
73 0.000757
74 0.000803
75 0.000803
76 0.000804
77 0.000806
78 0.000806
79 0.000832
80 0.000855
81 0.000855
82 0.000857
83 0.000858
84 0.000858
85 0.000895
86 0.000895
87 0.000901
88 0.000920
89 0.000920
90 0.000932
91 0.000945
92 0.000945
93 0.000962
94 0.000970
95 0.000970
96 0.000993
97 0.000994
98 0.000999
99 0.001018
100 0.001019
101 0.001028
102 0.001043
103 0.001043
104 0.001058
105 0.001067
106 0.001067
107 0.001087
108 0.001091
109 0.001093
110 0.001114
111 0.001114
112 0.001122
113 0.001138
114 0.001138
115 0.001151
116 0.001161
117 0.001161
118 0.001179
119 0.001184
120 0.001185
121 0.001207
122 0.001207
123 0.001213
124 0.001229
125 0.001230
126 0.001241
127 0.001252
128 0.001253
129 0.001269
130 0.001275
131 0.001276
132 0.001296
133 0.001298
134 0.001302
135 0.001320
136 0.001320
137 0.001330
138 0.001342
139 0.001343
140 0.001356
141 0.001364
142 0.001364
143 0.001383
144 0.001385
145 0.001389
146 0.001406
147 0.001407
148 0.001415
149 0.001428
150 0.001429
151 0.001441
152 0.001450
153 0.001451
154 0.001467
155 0.001472
156 0.001474
157 0.001492
158 0.001493
159 0.001500
160 0.001514
161 0.001515
162 0.001526
163 0.001535
164 0.001537
165 0.001552
166 0.001557
167 0.001558
168 0.001577
169 0.001578
170 0.001583
171 0.001598
172 0.001599
173 0.001608
174 0.001619
175 0.001620
176 0.001633
177 0.001640
178 0.001641
179 0.001658
180 0.001661
181 0.001665
182 0.001681
183 0.001682
184 0.001690
185 0.001701
186 0.001703
187 0.001715
188 0.001722
189 0.001724
190 0.001740
191 0.001743
192 0.001747
193 0.001763
194 0.001765
195 0.001772
196 0.001784
197 0.001786
198 0.001797
199 0.001806
200 0.001808
201 0.001823
202 0.001828
203 0.001831
204 0.001847
205 0.001850
206 0.001856
207 0.001869
208 0.001872
209 0.001882
210 0.001891
211 0.001894
212 0.001907
213 0.001914
214 0.001917
215 0.001933
216 0.001937
217 0.001943
218 0.001957
219 0.001960
220 0.001969
221 0.001980
222 0.001984
223 0.001996
224 0.002004
225 0.002008
226 0.002023
227 0.002028
228 0.002033
229 0.002048
230 0.002052
231 0.002061
232 0.002073
233 0.002077
234 0.002088
235 0.002097
236 0.002101
237 0.002115
238 0.002122
239 0.002127
240 0.002142
241 0.002146
242 0.002154
243 0.002166
244 0.002171
245 0.002181
246 0.002191
247 0.002196
248 0.002209
249 0.002216
250 0.002221
251 0.002236
252 0.002241
253 0.002248
254 0.002261
255 0.002266
256 0.002275
257 0.002286
258 0.002290
259 0.002302
260 0.002310
261 0.002315
262 0.002329
263 0.002335
264 0.002341
265 0.002354
266 0.002358
267 0.002367
268 0.002377
269 0.002381
270 0.002392
271 0.002400
272 0.002404
273 0.002416
274 0.002422
275 0.002427
276 0.002438
277 0.002442
278 0.002448
279 0.002458
280 0.002462
281 0.002470
282 0.002477
283 0.002481
284 0.002491
285 0.002497
286 0.002500
287 0.002512
288 0.002515
289 0.002521
290 0.002530
291 0.002534
292 0.002541
293 0.002549
294 0.002552
295 0.002561
296 0.002565
297 0.002569
298 0.002578
299 0.002582
300 0.002587
301 0.002596
302 0.002599
303 0.002606
304 0.002613
305 0.002617
306 0.002625
307 0.002630
308 0.002635
309 0.002645
310 0.002650
311 0.002656
312 0.002665
313 0.002670
314 0.002677
315 0.002685
316 0.002690
317 0.002697
318 0.002703
319 0.002708
320 0.002715
321 0.002721
322 0.002726
323 0.002734
324 0.002739
325 0.002745
326 0.002753
327 0.002757
328 0.002763
329 0.002768
330 0.002773
331 0.002779
