0 0.291862
1 0.000001
2 0.000029
3 0.000029
4 0.000029
5 0.000029
6 0.000029
7 0.000029
8 0.000029
9 0.000029
10 0.000029
11 0.000029
12 0.000029
13 0.000029
14 0.000029
15 0.000029
16 0.000029
17 0.000029
18 0.000029
19 0.000029
20 0.000029
21 0.000029
22 0.000029
23 0.000029
24 0.000029
25 0.000029
26 0.000029
27 0.000029
28 0.000029
29 0.000038
30 0.000058
31 0.000058
32 0.000058
33 0.000058
34 0.000058
35 0.000058
36 0.000058
37 0.000058
38 0.000058
39 0.000058
40 0.000063
41 0.000075
42 0.000075
43 0.000075
44 0.000075
45 0.000075
46 0.000075
47 0.000075
48 0.000075
49 0.000075
50 0.000075
51 0.000078
52 0.000092
53 0.000092
54 0.000092
55 0.000092
56 0.000092
57 0.000092
58 0.000092
59 0.000092
60 0.000092
61 0.000092
62 0.000093
63 0.000104
64 0.000104
65 0.000104
66 0.000104
67 0.000104
68 0.000109
69 0.000112
70 0.000112
71 0.000112
72 0.000112
73 0.000112
74 0.000120
75 0.000120
76 0.000120
77 0.000120
78 0.000120
79 0.000124
80 0.000128
81 0.000127
82 0.000127
83 0.000127
84 0.000127
85 0.000135
86 0.000135
87 0.000135
88 0.000135
89 0.000135
90 0.000139
91 0.000143
92 0.000143
93 0.000143
94 0.000142
95 0.000143
96 0.000150
97 0.000150
98 0.000150
99 0.000150
100 0.000150
101 0.000153
102 0.000158
103 0.000158
104 0.000158
105 0.000157
106 0.000157
107 0.000164
108 0.000165
109 0.000165
110 0.000165
111 0.000165
112 0.000167
113 0.000172
114 0.000172
115 0.000172
116 0.000172
117 0.000172
118 0.000183
119 0.000185
120 0.000185
121 0.000185
122 0.000185
123 0.000187
124 0.000192
125 0.000192
126 0.000192
127 0.000192
128 0.000192
129 0.000198
130 0.000199
131 0.000200
132 0.000200
133 0.000200
134 0.000201
135 0.000207
136 0.000207
137 0.000207
138 0.000207
139 0.000207
140 0.000211
141 0.000214
142 0.000214
143 0.000214
144 0.000214
145 0.000215
146 0.000221
147 0.000221
148 0.000221
149 0.000221
150 0.000221
151 0.000225
152 0.000228
153 0.000228
154 0.000228
155 0.000229
156 0.000229
157 0.000235
158 0.000235
159 0.000236
160 0.000236
161 0.000236
162 0.000239
163 0.000243
164 0.000243
165 0.000243
166 0.000243
167 0.000243
168 0.000253
169 0.000253
170 0.000253
171 0.000253
172 0.000253
173 0.000257
174 0.000260
175 0.000261
176 0.000261
177 0.000261
178 0.000261
179 0.000267
180 0.000268
181 0.000268
182 0.000268
183 0.000269
184 0.000271
185 0.000276
186 0.000276
187 0.000276
188 0.000276
189 0.000277
190 0.000283
191 0.000284
192 0.000284
193 0.000284
194 0.000284
195 0.000287
196 0.000291
197 0.000292
198 0.000292
199 0.000292
200 0.000292
201 0.000298
202 0.000299
203 0.000300
204 0.000300
205 0.000300
206 0.000303
207 0.000310
208 0.000310
209 0.000310
210 0.000310
211 0.000311
212 0.000316
213 0.000318
214 0.000318
215 0.000318
216 0.000318
217 0.000320
218 0.000325
219 0.000326
220 0.000326
221 0.000326
222 0.000326
223 0.000331
224 0.000333
225 0.000334
226 0.000334
227 0.000334
228 0.000335
229 0.000341
230 0.000341
231 0.000342
232 0.000342
233 0.000342
234 0.000346
235 0.000349
236 0.000349
237 0.000349
238 0.000350
239 0.000350
240 0.000358
241 0.000359
242 0.000359
243 0.000359
244 0.000359
245 0.000363
246 0.000366
247 0.000366
248 0.000366
249 0.000367
250 0.000367
251 0.000373
252 0.000374
253 0.000374
254 0.000374
255 0.000374
256 0.000377
257 0.000381
258 0.000381
259 0.000381
260 0.000382
261 0.000382
262 0.000388
263 0.000388
264 0.000388
265 0.000389
266 0.000389
267 0.000392
268 0.000395
269 0.000395
270 0.000396
271 0.000396
272 0.000396
273 0.000403
274 0.000404
275 0.000404
276 0.000404
277 0.000405
278 0.000407
279 0.000411
280 0.000411
281 0.000411
282 0.000411
283 0.000411
284 0.000416
285 0.000417
286 0.000418
287 0.000418
288 0.000418
289 0.000420
290 0.000424
291 0.000424
292 0.000424
293 0.000424
294 0.000424
295 0.000429
296 0.000430
297 0.000430
298 0.000430
299 0.000431
300 0.000432
301 0.000438
302 0.000438
303 0.000438
304 0.000438
305 0.000438
306 0.000442
307 0.000444
308 0.000444
309 0.000444
310 0.000444
311 0.000445
312 0.000450
313 0.000450
314 0.000450
315 0.000450
316 0.000450
317 0.000453
318 0.000455
319 0.000456
320 0.000456
321 0.000456
322 0.000456
323 0.000461
324 0.000461
325 0.000461
326 0.000461
327 0.000461
328 0.000465
329 0.000468
330 0.000468
331 0.000468
