0 0.343953
1 0.000001
2 0.000251
3 0.000251
4 0.000251
5 0.000250
6 0.000250
7 0.000249
8 0.000250
9 0.000248
10 0.000248
11 0.000248
12 0.000247
13 0.000247
14 0.000246
15 0.000246
16 0.000246
17 0.000246
18 0.000245
19 0.000245
20 0.000245
21 0.000245
22 0.000244
23 0.000244
24 0.000543
25 0.000588
26 0.000586
27 0.000583
28 0.000581
29 0.000580
30 0.000578
31 0.000576
32 0.000574
33 0.000572
34 0.000570
35 0.000697
36 0.000727
37 0.000724
38 0.000720
39 0.000718
40 0.000742
41 0.000815
42 0.000811
43 0.000808
44 0.000803
45 0.000800
46 0.000869
47 0.000891
48 0.000887
49 0.000882
50 0.000878
51 0.000892
52 0.000965
53 0.000959
54 0.000953
55 0.000949
56 0.000943
57 0.000999
58 0.001024
59 0.001019
60 0.001012
61 0.001007
62 0.001013
63 0.001082
64 0.001075
65 0.001069
66 0.001062
67 0.001057
68 0.001099
69 0.001127
70 0.001119
71 0.001111
72 0.001105
73 0.001104
74 0.001172
75 0.001163
76 0.001156
77 0.001149
78 0.001141
79 0.001174
80 0.001202
81 0.001193
82 0.001186
83 0.001178
84 0.001171
85 0.001235
86 0.001226
87 0.001219
88 0.001210
89 0.001202
90 0.001226
91 0.001254
92 0.001246
93 0.001238
94 0.001229
95 0.001221
96 0.001273
97 0.001269
98 0.001260
99 0.001251
100 0.001243
101 0.001260
102 0.001287
103 0.001279
104 0.001270
105 0.001261
106 0.001253
107 0.001295
108 0.001294
109 0.001285
110 0.001276
111 0.001267
112 0.001278
113 0.001305
114 0.001297
115 0.001288
116 0.001279
117 0.001271
118 0.001304
119 0.001305
120 0.001297
121 0.001287
122 0.001279
123 0.001283
124 0.001312
125 0.001303
126 0.001294
127 0.001285
128 0.001276
129 0.001302
130 0.001307
131 0.001297
132 0.001289
133 0.001280
134 0.001281
135 0.001308
136 0.001300
137 0.001291
138 0.001283
139 0.001274
140 0.001294
141 0.001300
142 0.001291
143 0.001283
144 0.001274
145 0.001271
146 0.001298
147 0.001290
148 0.001282
149 0.001273
150 0.001265
151 0.001280
152 0.001287
153 0.001279
154 0.001271
155 0.001263
156 0.001257
157 0.001283
158 0.001275
159 0.001267
160 0.001259
161 0.001252
162 0.001262
163 0.001270
164 0.001262
165 0.001254
166 0.001247
167 0.001239
168 0.001264
169 0.001256
170 0.001249
171 0.001242
172 0.001234
173 0.001242
174 0.001250
175 0.001243
176 0.001236
177 0.001229
178 0.001221
179 0.001242
180 0.001236
181 0.001229
182 0.001222
183 0.001215
184 0.001219
185 0.001229
186 0.001222
187 0.001215
188 0.001208
189 0.001202
190 0.001218
191 0.001214
192 0.001208
193 0.001201
194 0.001195
195 0.001196
196 0.001207
197 0.001200
198 0.001193
199 0.001187
200 0.001181
201 0.001194
202 0.001192
203 0.001186
204 0.001180
205 0.001174
206 0.001173
207 0.001184
208 0.001178
209 0.001172
210 0.001166
211 0.001160
212 0.001170
213 0.001170
214 0.001164
215 0.001158
216 0.001153
217 0.001151
218 0.001162
219 0.001157
220 0.001151
221 0.001145
222 0.001140
223 0.001147
224 0.001148
225 0.001143
226 0.001138
227 0.001132
228 0.001129
229 0.001140
230 0.001135
231 0.001130
232 0.001125
233 0.001120
234 0.001125
235 0.001128
236 0.001123
237 0.001118
238 0.001113
239 0.001109
240 0.001120
241 0.001116
242 0.001111
243 0.001106
244 0.001102
245 0.001105
246 0.001108
247 0.001104
248 0.001100
249 0.001095
250 0.001090
251 0.001102
252 0.001097
253 0.001093
254 0.001088
255 0.001085
256 0.001087
257 0.001091
258 0.001087
259 0.001083
260 0.001079
261 0.001074
262 0.001084
263 0.001081
264 0.001077
265 0.001073
266 0.001069
267 0.001071
268 0.001075
269 0.001071
270 0.001067
271 0.001064
272 0.001060
273 0.001068
274 0.001066
275 0.001062
276 0.001058
277 0.001055
278 0.001055
279 0.001060
280 0.001056
281 0.001053
282 0.001050
283 0.001046
284 0.001052
285 0.001051
286 0.001048
287 0.001044
288 0.001041
289 0.001041
290 0.001046
291 0.001042
292 0.001039
293 0.001036
294 0.001033
295 0.001037
296 0.001037
297 0.001034
298 0.001031
299 0.001028
300 0.001026
301 0.001031
302 0.001028
303 0.001025
304 0.001022
305 0.001019
306 0.001022
307 0.001022
308 0.001020
309 0.001016
310 0.001013
311 0.001012
312 0.001017
313 0.001014
314 0.001011
315 0.001007
316 0.001005
317 0.001007
318 0.001008
319 0.001005
320 0.001002
321 0.000999
322 0.000997
323 0.001001
324 0.000999
325 0.000996
326 0.000993
327 0.000990
328 0.000991
329 0.000992
330 0.000990
331 0.000987
