0 0.320423
1 0.000001
2 0.000004
3 0.000004
4 0.000004
5 0.000004
6 0.000004
7 0.000008
8 0.000012
9 0.000012
10 0.000012
11 0.000012
12 0.000012
13 0.000020
14 0.000020
15 0.000020
16 0.000020
17 0.000020
18 0.000023
19 0.000028
20 0.000028
21 0.000028
22 0.000028
23 0.000028
24 0.000035
25 0.000036
26 0.000036
27 0.000036
28 0.000036
29 0.000038
30 0.000043
31 0.000043
32 0.000043
33 0.000043
34 0.000043
35 0.000049
36 0.000051
37 0.000051
38 0.000051
39 0.000051
40 0.000053
41 0.000058
42 0.000058
43 0.000058
44 0.000058
45 0.000058
46 0.000064
47 0.000065
48 0.000065
49 0.000065
50 0.000065
51 0.000067
52 0.000072
53 0.000073
54 0.000072
55 0.000072
56 0.000073
57 0.000077
58 0.000080
59 0.000080
60 0.000079
61 0.000079
62 0.000080
63 0.000087
64 0.000086
65 0.000086
66 0.000086
67 0.000086
68 0.000090
69 0.000093
70 0.000093
71 0.000093
72 0.000093
73 0.000094
74 0.000100
75 0.000100
76 0.000100
77 0.000100
78 0.000100
79 0.000103
80 0.000106
81 0.000106
82 0.000106
83 0.000106
84 0.000106
85 0.000112
86 0.000113
87 0.000112
88 0.000112
89 0.000112
90 0.000115
91 0.000119
92 0.000119
93 0.000119
94 0.000119
95 0.000119
96 0.000124
97 0.000125
98 0.000125
99 0.000125
100 0.000125
101 0.000127
102 0.000131
103 0.000131
104 0.000131
105 0.000130
106 0.000131
107 0.000136
108 0.000136
109 0.000136
110 0.000136
111 0.000136
112 0.000138
113 0.000142
114 0.000142
115 0.000142
116 0.000142
117 0.000142
118 0.000147
119 0.000148
120 0.000148
121 0.000147
122 0.000147
123 0.000149
124 0.000153
125 0.000153
126 0.000153
127 0.000153
128 0.000153
129 0.000157
130 0.000158
131 0.000158
132 0.000158
133 0.000158
134 0.000159
135 0.000163
136 0.000163
137 0.000163
138 0.000163
139 0.000163
140 0.000167
141 0.000168
142 0.000168
143 0.000168
144 0.000168
145 0.000169
146 0.000173
147 0.000173
148 0.000173
149 0.000173
150 0.000173
151 0.000176
152 0.000178
153 0.000178
154 0.000178
155 0.000177
156 0.000178
157 0.000182
158 0.000182
159 0.000182
160 0.000182
161 0.000182
162 0.000184
163 0.000187
164 0.000187
165 0.000187
166 0.000187
167 0.000186
168 0.000191
169 0.000191
170 0.000191
171 0.000191
172 0.000191
173 0.000193
174 0.000195
175 0.000195
176 0.000195
177 0.000195
178 0.000195
179 0.000199
180 0.000199
181 0.000199
182 0.000199
183 0.000199
184 0.000201
185 0.000203
186 0.000203
187 0.000203
188 0.000203
189 0.000203
190 0.000206
191 0.000207
192 0.000207
193 0.000207
194 0.000207
195 0.000208
196 0.000210
197 0.000210
198 0.000210
199 0.000210
200 0.000210
201 0.000213
202 0.000214
203 0.000214
204 0.000214
205 0.000214
206 0.000215
207 0.000218
208 0.000217
209 0.000217
210 0.000217
211 0.000217
212 0.000220
213 0.000221
214 0.000221
215 0.000221
216 0.000221
217 0.000221
218 0.000224
219 0.000224
220 0.000224
221 0.000224
222 0.000224
223 0.000226
224 0.000227
225 0.000227
226 0.000227
227 0.000227
228 0.000227
229 0.000230
230 0.000230
231 0.000230
232 0.000230
233 0.000230
234 0.000232
235 0.000233
236 0.000233
237 0.000233
238 0.000233
239 0.000233
240 0.000236
241 0.000235
242 0.000235
243 0.000235
244 0.000235
245 0.000237
246 0.000238
247 0.000238
248 0.000238
249 0.000238
250 0.000238
251 0.000241
252 0.000241
253 0.000240
254 0.000240
255 0.000240
256 0.000242
257 0.000243
258 0.000243
259 0.000243
260 0.000243
261 0.000243
262 0.000245
263 0.000245
264 0.000245
265 0.000245
266 0.000245
267 0.000246
268 0.000248
269 0.000247
270 0.000247
271 0.000247
272 0.000247
273 0.000249
274 0.000249
275 0.000249
276 0.000249
277 0.000249
278 0.000250
279 0.000252
280 0.000251
281 0.000251
282 0.000251
283 0.000251
284 0.000253
285 0.000253
286 0.000253
287 0.000253
288 0.000253
289 0.000254
290 0.000255
291 0.000255
292 0.000255
293 0.000255
294 0.000255
295 0.000256
296 0.000257
297 0.000257
298 0.000257
299 0.000257
300 0.000257
301 0.000258
302 0.000258
303 0.000258
304 0.000258
305 0.000258
306 0.000259
307 0.000260
308 0.000260
309 0.000259
310 0.000259
311 0.000260
312 0.000261
313 0.000261
314 0.000261
315 0.000261
316 0.000261
317 0.000262
318 0.000262
319 0.000262
320 0.000262
321 0.000262
322 0.000262
323 0.000263
324 0.000263
325 0.000263
326 0.000263
327 0.000263
328 0.000263
329 0.000264
330 0.000264
331 0.000264
