0 0.357279
1 0.000001
2 0.000057
3 0.000057
4 0.000057
5 0.000057
6 0.000057
7 0.000057
8 0.000057
9 0.000057
10 0.000057
11 0.000057
12 0.000058
13 0.000057
14 0.000057
15 0.000066
16 0.000116
17 0.000117
18 0.000116
19 0.000116
20 0.000117
21 0.000139
22 0.000152
23 0.000152
24 0.000152
25 0.000152
26 0.000155
27 0.000187
28 0.000186
29 0.000186
30 0.000187
31 0.000187
32 0.000202
33 0.000212
34 0.000213
35 0.000227
36 0.000230
37 0.000231
38 0.000247
39 0.000247
40 0.000255
41 0.000279
42 0.000279
43 0.000287
44 0.000295
45 0.000295
46 0.000307
47 0.000311
48 0.000312
49 0.000327
50 0.000327
51 0.000331
52 0.000343
53 0.000344
54 0.000351
55 0.000359
56 0.000359
57 0.000375
58 0.000384
59 0.000383
60 0.000397
61 0.000399
62 0.000401
63 0.000415
64 0.000414
65 0.000420
66 0.000429
67 0.000430
68 0.000439
69 0.000445
70 0.000445
71 0.000462
72 0.000466
73 0.000467
74 0.000481
75 0.000481
76 0.000485
77 0.000496
78 0.000496
79 0.000504
80 0.000510
81 0.000511
82 0.000525
83 0.000530
84 0.000530
85 0.000544
86 0.000544
87 0.000548
88 0.000559
89 0.000559
90 0.000565
91 0.000573
92 0.000573
93 0.000586
94 0.000591
95 0.000592
96 0.000604
97 0.000606
98 0.000608
99 0.000619
100 0.000619
101 0.000625
102 0.000633
103 0.000633
104 0.000644
105 0.000650
106 0.000650
107 0.000662
108 0.000664
109 0.000665
110 0.000677
111 0.000677
112 0.000683
113 0.000693
114 0.000693
115 0.000700
116 0.000706
117 0.000707
118 0.000717
119 0.000719
120 0.000720
121 0.000735
122 0.000735
123 0.000739
124 0.000748
125 0.000748
126 0.000754
127 0.000761
128 0.000761
129 0.000772
130 0.000776
131 0.000776
132 0.000788
133 0.000788
134 0.000791
135 0.000801
136 0.000801
137 0.000808
138 0.000816
139 0.000816
140 0.000824
141 0.000829
142 0.000829
143 0.000839
144 0.000841
145 0.000843
146 0.000855
147 0.000855
148 0.000860
149 0.000867
150 0.000868
151 0.000875
152 0.000880
153 0.000881
154 0.000892
155 0.000894
156 0.000896
157 0.000906
158 0.000907
159 0.000911
160 0.000919
161 0.000920
162 0.000927
163 0.000934
164 0.000935
165 0.000944
166 0.000947
167 0.000948
168 0.000958
169 0.000960
170 0.000963
171 0.000973
172 0.000975
173 0.000980
174 0.000987
175 0.000988
176 0.000996
177 0.001000
178 0.001002
179 0.001013
180 0.001016
181 0.001019
182 0.001028
183 0.001030
184 0.001035
185 0.001042
186 0.001044
187 0.001052
188 0.001058
189 0.001060
190 0.001069
191 0.001073
192 0.001076
193 0.001086
194 0.001088
195 0.001093
196 0.001102
197 0.001104
198 0.001111
199 0.001118
200 0.001120
201 0.001129
202 0.001134
203 0.001138
204 0.001148
205 0.001151
206 0.001157
207 0.001166
208 0.001169
209 0.001176
210 0.001184
211 0.001187
212 0.001196
213 0.001203
214 0.001206
215 0.001218
216 0.001222
217 0.001228
218 0.001238
219 0.001242
220 0.001250
221 0.001259
222 0.001264
223 0.001273
224 0.001281
225 0.001286
226 0.001298
227 0.001304
228 0.001311
229 0.001322
230 0.001328
231 0.001337
232 0.001347
233 0.001354
234 0.001365
235 0.001374
236 0.001382
237 0.001393
238 0.001402
239 0.001410
240 0.001424
241 0.001432
242 0.001442
243 0.001455
244 0.001464
245 0.001476
246 0.001487
247 0.001497
248 0.001511
249 0.001522
250 0.001533
251 0.001549
252 0.001560
253 0.001572
254 0.001587
255 0.001598
256 0.001613
257 0.001628
258 0.001641
259 0.001657
260 0.001672
261 0.001686
262 0.001703
263 0.001718
264 0.001734
265 0.001753
266 0.001769
267 0.001787
268 0.001807
269 0.001825
270 0.001845
271 0.001864
272 0.001884
273 0.001908
274 0.001929
275 0.001950
276 0.001976
277 0.002000
278 0.002024
279 0.002051
280 0.002076
281 0.002106
282 0.002135
283 0.002164
284 0.002197
285 0.002229
286 0.002261
287 0.002297
288 0.002332
289 0.002369
290 0.002409
291 0.002444
292 0.002480
293 0.002517
294 0.002552
295 0.002587
296 0.002620
297 0.002652
298 0.002686
299 0.002715
300 0.002733
301 0.002746
302 0.002753
303 0.002759
304 0.002764
305 0.002768
306 0.002773
307 0.002778
308 0.002781
309 0.002786
310 0.002790
311 0.002793
312 0.002795
313 0.002800
314 0.002804
315 0.002810
316 0.002817
317 0.002825
318 0.002834
319 0.002845
320 0.002855
321 0.002870
322 0.002883
323 0.002897
324 0.002915
325 0.002935
326 0.002959
327 0.002986
328 0.003010
329 0.003031
330 0.003053
331 0.003073
