0 0.266620
1 0.000001
2 0.000114
3 0.000114
4 0.000133
5 0.000209
6 0.000209
7 0.000259
8 0.000318
9 0.000318
10 0.000395
11 0.000428
12 0.000427
13 0.000528
14 0.000535
15 0.000551
16 0.000639
17 0.000637
18 0.000677
19 0.000738
20 0.000736
21 0.000797
22 0.000832
23 0.000829
24 0.000933
25 0.000947
26 0.000953
27 0.001032
28 0.001028
29 0.001054
30 0.001109
31 0.001104
32 0.001157
33 0.001195
34 0.001190
35 0.001251
36 0.001262
37 0.001260
38 0.001332
39 0.001326
40 0.001343
41 0.001402
42 0.001395
43 0.001426
44 0.001456
45 0.001449
46 0.001500
47 0.001513
48 0.001506
49 0.001563
50 0.001558
51 0.001565
52 0.001616
53 0.001608
54 0.001627
55 0.001655
56 0.001649
57 0.001689
58 0.001706
59 0.001701
60 0.001748
61 0.001750
62 0.001755
63 0.001805
64 0.001804
65 0.001823
66 0.001857
67 0.001860
68 0.001898
69 0.001927
70 0.001934
71 0.001985
72 0.002005
73 0.002022
74 0.002086
75 0.002101
76 0.002130
77 0.002178
78 0.002194
79 0.002237
80 0.002277
81 0.002294
82 0.002345
83 0.002373
84 0.002391
85 0.002458
86 0.002477
87 0.002506
88 0.002558
89 0.002579
90 0.002621
91 0.002667
92 0.002689
93 0.002739
94 0.002774
95 0.002796
96 0.002858
97 0.002883
98 0.002912
99 0.002964
100 0.002987
101 0.003024
102 0.003068
103 0.003089
104 0.003130
105 0.003161
106 0.003180
107 0.003225
108 0.003246
109 0.003264
110 0.003305
111 0.003317
112 0.003340
113 0.003373
114 0.003388
115 0.003418
116 0.003445
117 0.003461
118 0.003495
119 0.003515
120 0.003532
121 0.003568
122 0.003585
123 0.003605
124 0.003632
125 0.003648
126 0.003669
127 0.003690
128 0.003705
129 0.003729
130 0.003750
131 0.003767
132 0.003791
133 0.003808
134 0.003827
135 0.003848
136 0.003866
137 0.003885
138 0.003904
139 0.003923
140 0.003941
141 0.003959
142 0.003979
143 0.003994
144 0.004014
145 0.004033
146 0.004046
147 0.004066
148 0.004083
149 0.004096
150 0.004117
151 0.004129
152 0.004144
153 0.004166
154 0.004173
155 0.004193
156 0.004214
157 0.004214
158 0.004237
159 0.004251
160 0.004254
161 0.004276
162 0.004281
163 0.004287
164 0.004309
165 0.004303
166 0.004316
167 0.004337
168 0.004318
169 0.004338
170 0.004348
171 0.004334
172 0.004354
173 0.004351
174 0.004343
175 0.004361
176 0.004342
177 0.004344
178 0.004361
179 0.004326
180 0.004340
181 0.004348
182 0.004314
183 0.004331
184 0.004324
185 0.004304
186 0.004322
187 0.004294
188 0.004286
189 0.004304
190 0.004259
191 0.004267
192 0.004278
193 0.004221
194 0.004240
195 0.004237
196 0.004211
197 0.004247
198 0.004235
199 0.004242
200 0.004297
201 0.004276
202 0.004313
203 0.004365
204 0.004313
205 0.004367
206 0.004392
207 0.004362
208 0.004415
209 0.004404
210 0.004391
211 0.004444
212 0.004400
213 0.004415
214 0.004467
215 0.004374
216 0.004419
217 0.004439
218 0.004364
219 0.004408
220 0.004375
221 0.004313
222 0.004343
223 0.004255
224 0.004218
225 0.004234
226 0.004081
227 0.004073
228 0.004058
229 0.003907
230 0.003914
231 0.003847
232 0.003727
233 0.003734
234 0.003623
235 0.003552
236 0.003560
237 0.003390
238 0.003363
239 0.003358
240 0.003171
241 0.003181
242 0.003120
243 0.002968
244 0.002977
245 0.002866
246 0.002770
247 0.002779
248 0.002610
249 0.002564
250 0.002572
251 0.002318
252 0.002326
253 0.002275
254 0.002092
255 0.002098
256 0.001985
257 0.001854
258 0.001859
259 0.001680
260 0.001606
261 0.001610
262 0.001320
263 0.001304
264 0.001260
265 0.001029
266 0.001031
267 0.000858
268 0.000599
269 0.000600
270 0.000600
271 0.000601
272 0.000601
273 0.000095
274 0.000054
275 0.000054
276 0.000054
277 0.000054
278 0.000053
279 0.000054
280 0.000054
281 0.000054
282 0.000054
283 0.000054
284 0.000240
285 0.000298
286 0.000301
287 0.000381
288 0.000380
289 0.000402
290 0.000461
291 0.000461
292 0.000500
293 0.000540
294 0.000539
295 0.000596
296 0.000616
297 0.000615
298 0.000689
299 0.000691
300 0.000705
301 0.000764
302 0.000762
303 0.000794
304 0.000834
305 0.000832
306 0.000879
307 0.000901
308 0.000899
309 0.000962
310 0.000966
311 0.000973
312 0.001031
313 0.001029
314 0.001045
315 0.001081
316 0.001078
317 0.001114
318 0.001137
319 0.001134
320 0.001184
321 0.001191
322 0.001192
323 0.001246
324 0.001242
325 0.001257
326 0.001295
327 0.001291
328 0.001318
329 0.001341
330 0.001337
331 0.001377
