0 0.353594
1 0.000001
2 0.000802
3 0.000800
4 0.000799
5 0.001107
6 0.001805
7 0.002105
8 0.002446
9 0.002830
10 0.003050
11 0.003508
12 0.003617
13 0.004141
14 0.004203
15 0.004765
16 0.004857
17 0.005223
18 0.005387
19 0.005654
20 0.005906
21 0.006097
22 0.006392
23 0.006486
24 0.006846
25 0.006880
26 0.007316
27 0.007356
28 0.007667
29 0.007774
30 0.008019
31 0.008154
32 0.008276
33 0.008432
34 0.008447
35 0.008572
36 0.008463
37 0.008594
38 0.008426
39 0.008463
40 0.008310
41 0.008288
42 0.008158
43 0.008071
44 0.008007
45 0.007923
46 0.007911
47 0.007820
48 0.007884
49 0.007812
50 0.007908
51 0.007875
52 0.007954
53 0.007942
54 0.007979
55 0.007995
56 0.008007
57 0.008034
58 0.008007
59 0.008042
60 0.007985
61 0.008029
62 0.007962
63 0.007977
64 0.007917
65 0.007900
66 0.007848
67 0.007804
68 0.007757
69 0.007689
70 0.007647
71 0.007566
72 0.007537
73 0.007457
74 0.007430
75 0.007356
76 0.007317
77 0.007256
78 0.007211
79 0.007159
80 0.007104
81 0.007055
82 0.006992
83 0.006943
84 0.006892
85 0.006873
86 0.006828
87 0.006794
88 0.006743
89 0.006693
90 0.006632
91 0.006566
92 0.006493
93 0.006415
94 0.006334
95 0.006254
96 0.006168
97 0.006091
98 0.006009
99 0.005943
100 0.005880
101 0.005832
102 0.005792
103 0.005760
104 0.005741
105 0.005723
106 0.005727
107 0.005716
108 0.005738
109 0.005735
110 0.005770
111 0.005783
112 0.005822
113 0.005851
114 0.005890
115 0.005933
116 0.005970
117 0.006032
118 0.006062
119 0.006144
120 0.006176
121 0.006283
122 0.006329
123 0.006436
124 0.006502
125 0.006601
126 0.006686
127 0.006773
128 0.006883
129 0.006953
130 0.007088
131 0.007139
132 0.007298
133 0.007333
134 0.007500
135 0.007557
136 0.007670
137 0.007712
138 0.007771
139 0.007821
140 0.007801
141 0.007846
142 0.007774
143 0.007836
144 0.007670
145 0.007713
146 0.007573
147 0.007558
148 0.007413
149 0.007354
150 0.007261
151 0.007125
152 0.007053
153 0.006879
154 0.006862
155 0.006594
156 0.006596
157 0.006343
158 0.006309
159 0.006053
160 0.005968
161 0.005791
162 0.005613
163 0.005459
164 0.005231
165 0.005148
166 0.004775
167 0.004735
168 0.004341
169 0.004302
170 0.003957
171 0.003806
172 0.003441
173 0.003237
174 0.002999
175 0.002709
176 0.002535
177 0.002140
178 0.002032
179 0.001370
180 0.001286
181 0.000803
182 0.000604
183 0.000160
184 0.000161
185 0.000161
186 0.001755
187 0.003028
188 0.004389
189 0.004940
190 0.006523
191 0.006806
192 0.008509
193 0.008805
194 0.010167
195 0.010693
196 0.011743
197 0.012472
198 0.013236
199 0.014144
200 0.014645
201 0.015706
202 0.015973
203 0.017157
204 0.017340
205 0.018364
206 0.018648
207 0.019431
208 0.019847
209 0.020416
210 0.020937
211 0.021316
212 0.021916
213 0.022133
214 0.022784
215 0.022890
216 0.023512
217 0.023624
218 0.024082
219 0.024258
220 0.024577
221 0.024790
222 0.024993
223 0.025208
224 0.025312
225 0.025513
226 0.025560
227 0.025732
228 0.025758
229 0.025840
230 0.025855
231 0.025877
232 0.025862
233 0.025832
234 0.025744
235 0.025678
236 0.025492
237 0.025437
238 0.025149
239 0.025112
240 0.024754
241 0.024677
242 0.024334
243 0.024165
244 0.023861
245 0.023571
246 0.023333
247 0.022896
248 0.022752
249 0.022139
250 0.022117
251 0.021298
252 0.021267
253 0.020521
254 0.020303
255 0.019659
256 0.019228
257 0.018712
258 0.018019
259 0.017673
260 0.016699
261 0.016538
262 0.015204
263 0.015094
264 0.013656
265 0.013330
266 0.012039
267 0.011350
268 0.010243
269 0.009145
270 0.008262
271 0.006715
272 0.006100
273 0.002996
274 0.002521
275 0.002527
276 0.002083
277 0.000015
278 0.000015
279 0.000015
280 0.000719
281 0.001453
282 0.001813
283 0.002008
284 0.002441
285 0.002545
286 0.003047
287 0.003120
288 0.003570
289 0.003693
290 0.004049
291 0.004240
292 0.004505
293 0.004760
294 0.004939
295 0.005253
296 0.005349
297 0.005717
298 0.005756
299 0.006135
300 0.006185
301 0.006481
302 0.006587
303 0.006805
304 0.006963
305 0.007109
306 0.007313
307 0.007393
308 0.007641
309 0.007659
310 0.007949
311 0.007959
312 0.008202
313 0.008253
314 0.008436
315 0.008531
316 0.008659
317 0.008796
318 0.008874
319 0.009045
320 0.009074
321 0.009277
322 0.009280
323 0.009479
324 0.009496
325 0.009647
326 0.009698
327 0.009804
328 0.009885
329 0.009951
330 0.010058
331 0.010084
