0 0.343953
1 0.000001
2 0.000752
3 0.000748
4 0.000746
5 0.000742
6 0.000739
7 0.000736
8 0.000733
9 0.001375
10 0.001751
11 0.001734
12 0.001716
13 0.002149
14 0.002181
15 0.002435
16 0.002474
17 0.002661
18 0.002736
19 0.002862
20 0.002968
21 0.003038
22 0.003171
23 0.003189
24 0.003347
25 0.003322
26 0.003492
27 0.003466
28 0.003583
29 0.003585
30 0.003657
31 0.003684
32 0.003714
33 0.003764
34 0.003756
35 0.003828
36 0.003785
37 0.003875
38 0.003823
39 0.003891
40 0.003854
41 0.003891
42 0.003876
43 0.003883
44 0.003887
45 0.003868
46 0.003891
47 0.003849
48 0.003886
49 0.003830
50 0.003871
51 0.003820
52 0.003838
53 0.003804
54 0.003802
55 0.003785
56 0.003765
57 0.003762
58 0.003727
59 0.003737
60 0.003687
61 0.003709
62 0.003658
63 0.003668
64 0.003630
65 0.003625
66 0.003600
67 0.003583
68 0.003569
69 0.003542
70 0.003538
71 0.003500
72 0.003507
73 0.003465
74 0.003472
75 0.003435
76 0.003432
77 0.003405
78 0.003393
79 0.003377
80 0.003357
81 0.003348
82 0.003322
83 0.003321
84 0.003288
85 0.003296
86 0.003264
87 0.003264
88 0.003241
89 0.003234
90 0.003219
91 0.003206
92 0.003197
93 0.003179
94 0.003176
95 0.003153
96 0.003155
97 0.003131
98 0.003131
99 0.003110
100 0.003106
101 0.003090
102 0.003080
103 0.003068
104 0.003053
105 0.003046
106 0.003027
107 0.003023
108 0.003001
109 0.003000
110 0.002978
111 0.002972
112 0.002955
113 0.002945
114 0.002931
115 0.002917
116 0.002905
117 0.002888
118 0.002879
119 0.002859
120 0.002852
121 0.002830
122 0.002821
123 0.002801
124 0.002789
125 0.002771
126 0.002756
127 0.002740
128 0.002723
129 0.002710
130 0.002693
131 0.002683
132 0.002666
133 0.002657
134 0.002641
135 0.002632
136 0.002618
137 0.002608
138 0.002597
139 0.002587
140 0.002580
141 0.002573
142 0.002571
143 0.002566
144 0.002566
145 0.002563
146 0.002563
147 0.002561
148 0.002562
149 0.002563
150 0.002565
151 0.002569
152 0.002576
153 0.002588
154 0.002606
155 0.002630
156 0.002660
157 0.002699
158 0.002740
159 0.002784
160 0.002834
161 0.002889
162 0.002947
163 0.003009
164 0.003086
165 0.003186
166 0.003292
167 0.003403
168 0.003504
169 0.003604
170 0.003695
171 0.003783
172 0.003861
173 0.003924
174 0.003972
175 0.004001
176 0.004019
177 0.004025
178 0.004030
179 0.004019
180 0.004013
181 0.003990
182 0.003971
183 0.003939
184 0.003907
185 0.003857
186 0.003794
187 0.003733
188 0.003663
189 0.003601
190 0.003528
191 0.003468
192 0.003396
193 0.003341
194 0.003276
195 0.003223
196 0.003165
197 0.003112
198 0.003061
199 0.003010
200 0.002966
201 0.002915
202 0.002879
203 0.002828
204 0.002795
205 0.002748
206 0.002714
207 0.002672
208 0.002638
209 0.002601
210 0.002564
211 0.002532
212 0.002493
213 0.002467
214 0.002427
215 0.002406
216 0.002366
217 0.002346
218 0.002311
219 0.002288
220 0.002258
221 0.002231
222 0.002206
223 0.002176
224 0.002155
225 0.002122
226 0.002106
227 0.002069
228 0.002054
229 0.002019
230 0.002001
231 0.001971
232 0.001949
233 0.001924
234 0.001897
235 0.001876
236 0.001844
237 0.001828
238 0.001792
239 0.001778
240 0.001741
241 0.001726
242 0.001693
243 0.001674
244 0.001647
245 0.001622
246 0.001601
247 0.001572
248 0.001556
249 0.001524
250 0.001513
251 0.001475
252 0.001466
253 0.001434
254 0.001419
255 0.001392
256 0.001373
257 0.001352
258 0.001327
259 0.001312
260 0.001282
261 0.001272
262 0.001236
263 0.001229
264 0.001194
265 0.001184
266 0.001155
267 0.001139
268 0.001116
269 0.001094
270 0.001076
271 0.001048
272 0.001037
273 0.001003
274 0.000996
275 0.000957
276 0.000950
277 0.000917
278 0.000903
279 0.000876
280 0.000856
281 0.000835
282 0.000808
283 0.000793
284 0.000759
285 0.000750
286 0.000709
287 0.000702
288 0.000663
289 0.000651
290 0.000619
291 0.000599
292 0.000573
293 0.000547
294 0.000528
295 0.000493
296 0.000481
297 0.000439
298 0.000432
299 0.000385
300 0.000376
301 0.000337
302 0.000319
303 0.000287
304 0.000261
305 0.000237
306 0.000185
307 0.000159
308 0.000160
309 0.000160
310 0.000012
311 0.000009
312 0.000009
313 0.000009
314 0.000009
315 0.000107
316 0.000250
317 0.000403
318 0.000526
319 0.000678
320 0.000726
321 0.000904
322 0.000925
323 0.001014
324 0.001053
325 0.001192
326 0.001249
327 0.001344
328 0.001433
329 0.001511
330 0.001610
331 0.001655
