0 0.320423
1 0.000001
2 0.000013
3 0.000016
4 0.000037
5 0.000044
6 0.000061
7 0.000072
8 0.000084
9 0.000098
10 0.000107
11 0.000125
12 0.000130
13 0.000151
14 0.000154
15 0.000175
16 0.000180
17 0.000196
18 0.000205
19 0.000217
20 0.000229
21 0.000238
22 0.000253
23 0.000259
24 0.000277
25 0.000280
26 0.000299
27 0.000302
28 0.000318
29 0.000325
30 0.000337
31 0.000346
32 0.000356
33 0.000368
34 0.000374
35 0.000388
36 0.000392
37 0.000408
38 0.000411
39 0.000426
40 0.000430
41 0.000442
42 0.000449
43 0.000458
44 0.000468
45 0.000474
46 0.000485
47 0.000489
48 0.000503
49 0.000505
50 0.000519
51 0.000522
52 0.000533
53 0.000538
54 0.000547
55 0.000553
56 0.000560
57 0.000569
58 0.000573
59 0.000583
60 0.000585
61 0.000597
62 0.000599
63 0.000609
64 0.000612
65 0.000620
66 0.000625
67 0.000631
68 0.000638
69 0.000642
70 0.000650
71 0.000652
72 0.000661
73 0.000662
74 0.000672
75 0.000673
76 0.000681
77 0.000684
78 0.000690
79 0.000694
80 0.000698
81 0.000704
82 0.000706
83 0.000713
84 0.000714
85 0.000722
86 0.000722
87 0.000729
88 0.000731
89 0.000736
90 0.000739
91 0.000742
92 0.000746
93 0.000748
94 0.000753
95 0.000754
96 0.000760
97 0.000760
98 0.000766
99 0.000766
100 0.000770
101 0.000772
102 0.000775
103 0.000777
104 0.000779
105 0.000782
106 0.000782
107 0.000786
108 0.000785
109 0.000789
110 0.000789
111 0.000791
112 0.000792
113 0.000794
114 0.000795
115 0.000795
116 0.000797
117 0.000797
118 0.000798
119 0.000798
120 0.000800
121 0.000799
122 0.000800
123 0.000800
124 0.000800
125 0.000800
126 0.000800
127 0.000800
128 0.000799
129 0.000799
130 0.000798
131 0.000798
132 0.000797
133 0.000796
134 0.000795
135 0.000794
136 0.000793
137 0.000792
138 0.000790
139 0.000789
140 0.000787
141 0.000786
142 0.000784
143 0.000782
144 0.000780
145 0.000779
146 0.000776
147 0.000774
148 0.000772
149 0.000770
150 0.000767
151 0.000765
152 0.000762
153 0.000759
154 0.000757
155 0.000753
156 0.000751
157 0.000747
158 0.000745
159 0.000741
160 0.000739
161 0.000735
162 0.000732
163 0.000728
164 0.000724
165 0.000722
166 0.000717
167 0.000714
168 0.000709
169 0.000707
170 0.000701
171 0.000698
172 0.000694
173 0.000690
174 0.000686
175 0.000681
176 0.000677
177 0.000672
178 0.000669
179 0.000662
180 0.000660
181 0.000653
182 0.000650
183 0.000644
184 0.000641
185 0.000635
186 0.000630
187 0.000626
188 0.000620
189 0.000617
190 0.000609
191 0.000607
192 0.000599
193 0.000596
194 0.000589
195 0.000585
196 0.000579
197 0.000574
198 0.000569
199 0.000562
200 0.000558
201 0.000551
202 0.000548
203 0.000539
204 0.000536
205 0.000527
206 0.000524
207 0.000517
208 0.000512
209 0.000506
210 0.000500
211 0.000495
212 0.000488
213 0.000484
214 0.000475
215 0.000473
216 0.000463
217 0.000461
218 0.000452
219 0.000448
220 0.000441
221 0.000435
222 0.000430
223 0.000422
224 0.000418
225 0.000409
226 0.000407
227 0.000395
228 0.000393
229 0.000383
230 0.000380
231 0.000371
232 0.000366
233 0.000359
234 0.000352
235 0.000347
236 0.000337
237 0.000334
238 0.000322
239 0.000320
240 0.000308
241 0.000305
242 0.000295
243 0.000290
244 0.000281
245 0.000274
246 0.000268
247 0.000258
248 0.000254
249 0.000241
250 0.000239
251 0.000225
252 0.000223
253 0.000210
254 0.000205
255 0.000195
256 0.000188
257 0.000179
258 0.000170
259 0.000164
260 0.000145
261 0.000140
262 0.000139
263 0.000137
264 0.000106
265 0.000106
266 0.000106
267 0.000089
268 0.000063
269 0.000063
270 0.000063
271 0.000063
272 0.000063
273 0.000009
274 0.000002
275 0.000001
276 0.000002
277 0.000002
278 0.000002
279 0.000001
280 0.000130
281 0.000264
282 0.000329
283 0.000366
284 0.000445
285 0.000465
286 0.000557
287 0.000572
288 0.000656
289 0.000681
290 0.000748
291 0.000786
292 0.000838
293 0.000889
294 0.000926
295 0.000988
296 0.001011
297 0.001085
298 0.001097
299 0.001174
300 0.001190
301 0.001253
302 0.001280
303 0.001329
304 0.001368
305 0.001404
306 0.001453
307 0.001477
308 0.001535
309 0.001549
310 0.001617
311 0.001628
312 0.001688
313 0.001709
314 0.001757
315 0.001789
316 0.001828
317 0.001869
318 0.001900
319 0.001952
320 0.001975
321 0.002036
322 0.002054
323 0.002116
324 0.002139
325 0.002193
326 0.002226
327 0.002274
328 0.002317
329 0.002359
330 0.002412
331 0.002449
