0 0.322328
1 0.000001
2 0.001746
3 0.001739
4 0.001733
5 0.001726
6 0.001719
7 0.001713
8 0.001707
9 0.001700
10 0.001693
11 0.001687
12 0.001681
13 0.002675
14 0.002724
15 0.002898
16 0.003903
17 0.003868
18 0.004027
19 0.004275
20 0.004227
21 0.004791
22 0.005084
23 0.005021
24 0.005214
25 0.005183
26 0.005205
27 0.005917
28 0.005834
29 0.005840
30 0.005932
31 0.005842
32 0.006129
33 0.006315
34 0.006215
35 0.006514
36 0.006506
37 0.006417
38 0.006764
39 0.006652
40 0.006661
41 0.006872
42 0.006755
43 0.006852
44 0.006942
45 0.006823
46 0.006997
47 0.006980
48 0.006861
49 0.007101
50 0.006991
51 0.006942
52 0.007102
53 0.006980
54 0.007004
55 0.007069
56 0.006949
57 0.007039
58 0.007020
59 0.006902
60 0.007049
61 0.006959
62 0.006880
63 0.007003
64 0.006885
65 0.006869
66 0.006920
67 0.006805
68 0.006843
69 0.006829
70 0.006718
71 0.006805
72 0.006733
73 0.006641
74 0.006741
75 0.006634
76 0.006594
77 0.006637
78 0.006533
79 0.006538
80 0.006530
81 0.006430
82 0.006478
83 0.006423
84 0.006327
85 0.006412
86 0.006317
87 0.006265
88 0.006304
89 0.006212
90 0.006199
91 0.006196
92 0.006108
93 0.006131
94 0.006091
95 0.006006
96 0.006061
97 0.005987
98 0.005930
99 0.005966
100 0.005887
101 0.005863
102 0.005866
103 0.005789
104 0.005796
105 0.005767
106 0.005694
107 0.005728
108 0.005672
109 0.005614
110 0.005650
111 0.005580
112 0.005551
113 0.005558
114 0.005493
115 0.005489
116 0.005470
117 0.005407
118 0.005427
119 0.005386
120 0.005329
121 0.005364
122 0.005306
123 0.005273
124 0.005285
125 0.005229
126 0.005218
127 0.005209
128 0.005155
129 0.005167
130 0.005138
131 0.005088
132 0.005118
133 0.005071
134 0.005039
135 0.005055
136 0.005008
137 0.004995
138 0.004993
139 0.004949
140 0.004954
141 0.004935
142 0.004893
143 0.004914
144 0.004880
145 0.004849
146 0.004868
147 0.004829
148 0.004815
149 0.004819
150 0.004783
151 0.004785
152 0.004775
153 0.004740
154 0.004757
155 0.004734
156 0.004706
157 0.004729
158 0.004697
159 0.004684
160 0.004695
161 0.004665
162 0.004667
163 0.004665
164 0.004638
165 0.004653
166 0.004640
167 0.004615
168 0.004644
169 0.004620
170 0.004609
171 0.004627
172 0.004606
173 0.004608
174 0.004615
175 0.004596
176 0.004612
177 0.004609
178 0.004592
179 0.004620
180 0.004608
181 0.004602
182 0.004627
183 0.004614
184 0.004621
185 0.004637
186 0.004628
187 0.004646
188 0.004655
189 0.004648
190 0.004679
191 0.004680
192 0.004680
193 0.004712
194 0.004704
195 0.004710
196 0.004728
197 0.004720
198 0.004735
199 0.004746
200 0.004739
201 0.004764
202 0.004765
203 0.004758
204 0.004787
205 0.004778
206 0.004779
207 0.004797
208 0.004786
209 0.004793
210 0.004800
211 0.004787
212 0.004800
213 0.004797
214 0.004784
215 0.004805
216 0.004794
217 0.004788
218 0.004803
219 0.004792
220 0.004795
221 0.004802
222 0.004792
223 0.004804
224 0.004806
225 0.004798
226 0.004817
227 0.004812
228 0.004809
229 0.004827
230 0.004821
231 0.004825
232 0.004837
233 0.004831
234 0.004842
235 0.004847
236 0.004842
237 0.004857
238 0.004853
239 0.004844
240 0.004857
241 0.004846
242 0.004843
243 0.004850
244 0.004839
245 0.004842
246 0.004842
247 0.004831
248 0.004837
249 0.004829
250 0.004816
251 0.004825
252 0.004810
253 0.004802
254 0.004804
255 0.004789
256 0.004785
257 0.004782
258 0.004767
259 0.004767
260 0.004758
261 0.004743
262 0.004745
263 0.004728
264 0.004712
265 0.004707
266 0.004686
267 0.004672
268 0.004661
269 0.004639
270 0.004627
271 0.004610
272 0.004586
273 0.004576
274 0.004553
275 0.004529
276 0.004517
277 0.004491
278 0.004470
279 0.004454
280 0.004428
281 0.004411
282 0.004392
283 0.004368
284 0.004354
285 0.004333
286 0.004311
287 0.004300
288 0.004276
289 0.004257
290 0.004242
291 0.004219
292 0.004201
293 0.004183
294 0.004160
295 0.004143
296 0.004121
297 0.004096
298 0.004079
299 0.004053
300 0.004028
301 0.004008
302 0.003980
303 0.003955
304 0.003931
305 0.003902
306 0.003877
307 0.003848
308 0.003817
309 0.003791
310 0.003759
311 0.003726
312 0.003697
313 0.003661
314 0.003627
315 0.003595
316 0.003559
317 0.003528
318 0.003495
319 0.003462
320 0.003433
321 0.003401
322 0.003369
323 0.003340
324 0.003309
325 0.003278
326 0.003249
327 0.003218
328 0.003190
329 0.003161
330 0.003132
331 0.003105
