0 0.307446
1 0.000001
2 0.000075
3 0.000075
4 0.000075
5 0.000075
6 0.000075
7 0.000075
8 0.000075
9 0.000075
10 0.000075
11 0.000075
12 0.000075
13 0.000075
14 0.000075
15 0.000075
16 0.000075
17 0.000075
18 0.000115
19 0.000174
20 0.000174
21 0.000174
22 0.000174
23 0.000174
24 0.000215
25 0.000222
26 0.000221
27 0.000221
28 0.000221
29 0.000237
30 0.000269
31 0.000269
32 0.000268
33 0.000268
34 0.000268
35 0.000305
36 0.000315
37 0.000315
38 0.000315
39 0.000314
40 0.000323
41 0.000349
42 0.000348
43 0.000360
44 0.000371
45 0.000371
46 0.000387
47 0.000393
48 0.000393
49 0.000415
50 0.000415
51 0.000419
52 0.000437
53 0.000437
54 0.000446
55 0.000459
56 0.000459
57 0.000473
58 0.000480
59 0.000480
60 0.000500
61 0.000502
62 0.000505
63 0.000523
64 0.000523
65 0.000531
66 0.000544
67 0.000544
68 0.000557
69 0.000566
70 0.000566
71 0.000583
72 0.000587
73 0.000588
74 0.000608
75 0.000608
76 0.000614
77 0.000629
78 0.000629
79 0.000641
80 0.000650
81 0.000651
82 0.000666
83 0.000672
84 0.000672
85 0.000693
86 0.000693
87 0.000698
88 0.000713
89 0.000714
90 0.000723
91 0.000734
92 0.000735
93 0.000749
94 0.000755
95 0.000756
96 0.000775
97 0.000776
98 0.000780
99 0.000797
100 0.000797
101 0.000805
102 0.000817
103 0.000818
104 0.000830
105 0.000838
106 0.000838
107 0.000855
108 0.000858
109 0.000860
110 0.000878
111 0.000878
112 0.000885
113 0.000898
114 0.000898
115 0.000909
116 0.000918
117 0.000918
118 0.000933
119 0.000937
120 0.000938
121 0.000956
122 0.000956
123 0.000961
124 0.000974
125 0.000974
126 0.000984
127 0.000993
128 0.000993
129 0.001007
130 0.001012
131 0.001012
132 0.001030
133 0.001031
134 0.001035
135 0.001049
136 0.001050
137 0.001058
138 0.001068
139 0.001069
140 0.001081
141 0.001087
142 0.001088
143 0.001104
144 0.001106
145 0.001109
146 0.001124
147 0.001124
148 0.001131
149 0.001142
150 0.001143
151 0.001153
152 0.001161
153 0.001161
154 0.001175
155 0.001177
156 0.001179
157 0.001194
158 0.001194
159 0.001199
160 0.001211
161 0.001211
162 0.001220
163 0.001228
164 0.001228
165 0.001240
166 0.001244
167 0.001244
168 0.001260
169 0.001260
170 0.001264
171 0.001276
172 0.001275
173 0.001283
174 0.001291
175 0.001291
176 0.001302
177 0.001306
178 0.001306
179 0.001320
180 0.001321
181 0.001324
182 0.001336
183 0.001336
184 0.001342
185 0.001351
186 0.001351
187 0.001360
188 0.001366
189 0.001365
190 0.001378
191 0.001380
192 0.001381
193 0.001394
194 0.001394
195 0.001399
196 0.001408
197 0.001408
198 0.001416
199 0.001422
200 0.001422
201 0.001433
202 0.001436
203 0.001436
204 0.001449
205 0.001449
206 0.001452
207 0.001462
208 0.001462
209 0.001469
210 0.001475
211 0.001475
212 0.001485
213 0.001488
214 0.001488
215 0.001501
216 0.001501
217 0.001504
218 0.001514
219 0.001514
220 0.001520
221 0.001528
222 0.001528
223 0.001537
224 0.001542
225 0.001543
226 0.001555
227 0.001558
228 0.001560
229 0.001572
230 0.001574
231 0.001579
232 0.001589
233 0.001590
234 0.001599
235 0.001606
236 0.001608
237 0.001620
238 0.001625
239 0.001628
240 0.001642
241 0.001644
242 0.001650
243 0.001662
244 0.001665
245 0.001674
246 0.001683
247 0.001686
248 0.001699
249 0.001705
250 0.001709
251 0.001724
252 0.001728
253 0.001735
254 0.001748
255 0.001752
256 0.001762
257 0.001773
258 0.001777
259 0.001790
260 0.001799
261 0.001803
262 0.001820
263 0.001826
264 0.001834
265 0.001849
266 0.001855
267 0.001866
268 0.001879
269 0.001886
270 0.001900
271 0.001912
272 0.001919
273 0.001936
274 0.001946
275 0.001955
276 0.001973
277 0.001981
278 0.001993
279 0.002009
280 0.002018
281 0.002034
282 0.002048
283 0.002058
284 0.002077
285 0.002089
286 0.002100
287 0.002122
288 0.002133
289 0.002147
290 0.002167
291 0.002179
292 0.002197
293 0.002215
294 0.002228
295 0.002250
296 0.002266
297 0.002280
298 0.002305
299 0.002320
300 0.002337
301 0.002362
302 0.002378
303 0.002399
304 0.002422
305 0.002439
306 0.002464
307 0.002486
308 0.002505
309 0.002534
310 0.002555
311 0.002577
312 0.002608
313 0.002630
314 0.002657
315 0.002687
316 0.002711
317 0.002741
318 0.002771
319 0.002797
320 0.002833
321 0.002862
322 0.002891
323 0.002931
324 0.002961
325 0.002995
326 0.003035
327 0.003068
328 0.003108
329 0.003147
330 0.003180
331 0.003220
