0 0.356032
1 0.000001
2 0.000106
3 0.000106
4 0.000106
5 0.000155
6 0.000263
7 0.000310
8 0.000365
9 0.000427
10 0.000465
11 0.000541
12 0.000563
13 0.000653
14 0.000667
15 0.000753
16 0.000776
17 0.000846
18 0.000882
19 0.000936
20 0.000985
21 0.001025
22 0.001086
23 0.001111
24 0.001184
25 0.001197
26 0.001278
27 0.001292
28 0.001358
29 0.001384
30 0.001436
31 0.001473
32 0.001513
33 0.001561
34 0.001587
35 0.001645
36 0.001659
37 0.001727
38 0.001737
39 0.001799
40 0.001816
41 0.001866
42 0.001893
43 0.001930
44 0.001967
45 0.001993
46 0.002038
47 0.002054
48 0.002107
49 0.002115
50 0.002171
51 0.002181
52 0.002226
53 0.002245
54 0.002280
55 0.002306
56 0.002332
57 0.002366
58 0.002383
59 0.002425
60 0.002434
61 0.002481
62 0.002488
63 0.002529
64 0.002542
65 0.002575
66 0.002594
67 0.002619
68 0.002645
69 0.002663
70 0.002694
71 0.002705
72 0.002741
73 0.002749
74 0.002786
75 0.002796
76 0.002827
77 0.002844
78 0.002869
79 0.002890
80 0.002910
81 0.002935
82 0.002950
83 0.002979
84 0.002989
85 0.003021
86 0.003031
87 0.003059
88 0.003073
89 0.003096
90 0.003113
91 0.003132
92 0.003151
93 0.003167
94 0.003189
95 0.003200
96 0.003223
97 0.003232
98 0.003251
99 0.003261
100 0.003276
101 0.003287
102 0.003300
103 0.003311
104 0.003322
105 0.003333
106 0.003343
107 0.003353
108 0.003360
109 0.003368
110 0.003374
111 0.003381
112 0.003386
113 0.003391
114 0.003395
115 0.003400
116 0.003403
117 0.003408
118 0.003409
119 0.003415
120 0.003414
121 0.003419
122 0.003417
123 0.003422
124 0.003421
125 0.003424
126 0.003425
127 0.003425
128 0.003428
129 0.003424
130 0.003430
131 0.003422
132 0.003429
133 0.003418
134 0.003425
135 0.003416
136 0.003417
137 0.003411
138 0.003408
139 0.003405
140 0.003396
141 0.003397
142 0.003381
143 0.003387
144 0.003363
145 0.003369
146 0.003346
147 0.003341
148 0.003317
149 0.003303
150 0.003284
151 0.003262
152 0.003246
153 0.003204
154 0.003183
155 0.003126
156 0.003105
157 0.003044
158 0.003017
159 0.002959
160 0.002922
161 0.002870
162 0.002821
163 0.002775
164 0.002717
165 0.002681
166 0.002614
167 0.002587
168 0.002511
169 0.002485
170 0.002418
171 0.002383
172 0.002326
173 0.002282
174 0.002235
175 0.002182
176 0.002145
177 0.002083
178 0.002057
179 0.001984
180 0.001963
181 0.001891
182 0.001865
183 0.001804
184 0.001767
185 0.001717
186 0.001670
187 0.001631
188 0.001573
189 0.001546
190 0.001476
191 0.001459
192 0.001381
193 0.001362
194 0.001295
195 0.001265
196 0.001210
197 0.001168
198 0.001124
199 0.001070
200 0.001038
201 0.000971
202 0.000952
203 0.000871
204 0.000857
205 0.000780
206 0.000756
207 0.000692
208 0.000655
209 0.000604
210 0.000552
211 0.000514
212 0.000448
213 0.000424
214 0.000342
215 0.000325
216 0.000192
217 0.000192
218 0.000192
219 0.000128
220 0.000012
221 0.000012
222 0.000012
223 0.000718
224 0.001073
225 0.001622
226 0.001738
227 0.002350
228 0.002437
229 0.002942
230 0.003093
231 0.003474
232 0.003690
233 0.003961
234 0.004229
235 0.004402
236 0.004712
237 0.004799
238 0.005139
239 0.005177
240 0.005489
241 0.005541
242 0.005773
243 0.005866
244 0.006029
245 0.006156
246 0.006274
247 0.006430
248 0.006511
249 0.006676
250 0.006721
251 0.006882
252 0.006918
253 0.007027
254 0.007070
255 0.007141
256 0.007179
257 0.007218
258 0.007236
259 0.007256
260 0.007247
261 0.007259
262 0.007211
263 0.007218
264 0.007139
265 0.007125
266 0.007034
267 0.006981
268 0.006889
269 0.006783
270 0.006702
271 0.006531
272 0.006469
273 0.006218
274 0.006176
275 0.005845
276 0.005778
277 0.005470
278 0.005333
279 0.005058
280 0.004838
281 0.004609
282 0.004294
283 0.004121
284 0.003699
285 0.003594
286 0.003052
287 0.002961
288 0.002422
289 0.002251
290 0.001778
291 0.001338
292 0.000734
293 0.000734
294 0.000734
295 0.000196
296 0.000012
297 0.000012
298 0.000012
299 0.000012
300 0.000080
301 0.000354
302 0.000388
303 0.000448
304 0.000495
305 0.000540
306 0.000599
307 0.000629
308 0.000699
309 0.000715
310 0.000796
311 0.000810
312 0.000879
313 0.000902
314 0.000958
315 0.000991
316 0.001033
317 0.001077
318 0.001105
319 0.001158
320 0.001175
321 0.001235
322 0.001245
323 0.001304
324 0.001317
325 0.001363
326 0.001385
327 0.001420
328 0.001449
329 0.001475
330 0.001510
331 0.001526
