0 0.342766
1 0.000001
2 0.000254
3 0.000252
4 0.000249
5 0.000247
6 0.000245
7 0.000404
8 0.000577
9 0.000565
10 0.000698
11 0.000740
12 0.000720
13 0.000873
14 0.000857
15 0.000857
16 0.000963
17 0.000927
18 0.000951
19 0.000998
20 0.000957
21 0.000996
22 0.000996
23 0.000951
24 0.000999
25 0.000963
26 0.000930
27 0.000978
28 0.000952
29 0.000966
30 0.001019
31 0.001021
32 0.001072
33 0.001111
34 0.001114
35 0.001184
36 0.001204
37 0.001210
38 0.001292
39 0.001296
40 0.001321
41 0.001383
42 0.001386
43 0.001429
44 0.001471
45 0.001474
46 0.001533
47 0.001557
48 0.001560
49 0.001635
50 0.001640
51 0.001657
52 0.001717
53 0.001720
54 0.001752
55 0.001793
56 0.001795
57 0.001841
58 0.001865
59 0.001867
60 0.001927
61 0.001933
62 0.001940
63 0.001993
64 0.001990
65 0.002008
66 0.002041
67 0.002035
68 0.002063
69 0.002078
70 0.002069
71 0.002106
72 0.002106
73 0.002100
74 0.002139
75 0.002129
76 0.002133
77 0.002158
78 0.002147
79 0.002162
80 0.002173
81 0.002162
82 0.002185
83 0.002185
84 0.002174
85 0.002204
86 0.002193
87 0.002191
88 0.002210
89 0.002199
90 0.002205
91 0.002213
92 0.002202
93 0.002215
94 0.002214
95 0.002203
96 0.002221
97 0.002212
98 0.002206
99 0.002221
100 0.002211
101 0.002213
102 0.002220
103 0.002212
104 0.002219
105 0.002219
106 0.002209
107 0.002218
108 0.002209
109 0.002200
110 0.002207
111 0.002196
112 0.002191
113 0.002192
114 0.002181
115 0.002179
116 0.002175
117 0.002165
118 0.002165
119 0.002157
120 0.002148
121 0.002149
122 0.002139
123 0.002132
124 0.002130
125 0.002121
126 0.002116
127 0.002111
128 0.002103
129 0.002099
130 0.002093
131 0.002085
132 0.002081
133 0.002074
134 0.002067
135 0.002062
136 0.002055
137 0.002049
138 0.002043
139 0.002037
140 0.002032
141 0.002028
142 0.002025
143 0.002022
144 0.002021
145 0.002020
146 0.002017
147 0.002019
148 0.002019
149 0.002018
150 0.002020
151 0.002019
152 0.002019
153 0.002021
154 0.002016
155 0.002018
156 0.002020
157 0.002013
158 0.002016
159 0.002015
160 0.002010
161 0.002013
162 0.002010
163 0.002007
164 0.002011
165 0.002003
166 0.002003
167 0.002008
168 0.001995
169 0.002001
170 0.002001
171 0.001992
172 0.001997
173 0.001993
174 0.001987
175 0.001992
176 0.001981
177 0.001980
178 0.001985
179 0.001967
180 0.001970
181 0.001971
182 0.001953
183 0.001958
184 0.001951
185 0.001938
186 0.001943
187 0.001928
188 0.001922
189 0.001926
190 0.001902
191 0.001903
192 0.001904
193 0.001876
194 0.001881
195 0.001873
196 0.001852
197 0.001856
198 0.001838
199 0.001824
200 0.001828
201 0.001798
202 0.001794
203 0.001796
204 0.001757
205 0.001760
206 0.001751
207 0.001720
208 0.001723
209 0.001702
210 0.001680
211 0.001683
212 0.001648
213 0.001637
214 0.001639
215 0.001590
216 0.001587
217 0.001573
218 0.001525
219 0.001521
220 0.001492
221 0.001456
222 0.001452
223 0.001410
224 0.001386
225 0.001382
226 0.001325
227 0.001316
228 0.001304
229 0.001248
230 0.001245
231 0.001219
232 0.001177
233 0.001173
234 0.001133
235 0.001105
236 0.001102
237 0.001046
238 0.001033
239 0.001026
240 0.000963
241 0.000961
242 0.000939
243 0.000890
244 0.000888
245 0.000850
246 0.000817
247 0.000815
248 0.000761
249 0.000743
250 0.000742
251 0.000670
252 0.000669
253 0.000651
254 0.000595
255 0.000594
256 0.000559
257 0.000519
258 0.000518
259 0.000465
260 0.000443
261 0.000443
262 0.000372
263 0.000367
264 0.000355
265 0.000290
266 0.000290
267 0.000258
268 0.000210
269 0.000211
270 0.000131
271 0.000086
272 0.000086
273 0.000086
274 0.000086
275 0.000077
276 0.000002
277 0.000002
278 0.000002
279 0.000002
280 0.000002
281 0.000002
282 0.000002
283 0.000002
284 0.000002
285 0.000002
286 0.000006
287 0.000125
288 0.000125
289 0.000125
290 0.000125
291 0.000125
292 0.000143
293 0.000161
294 0.000161
295 0.000178
296 0.000184
297 0.000184
298 0.000206
299 0.000207
300 0.000211
301 0.000229
302 0.000229
303 0.000239
304 0.000252
305 0.000252
306 0.000267
307 0.000274
308 0.000274
309 0.000295
310 0.000297
311 0.000300
312 0.000320
313 0.000320
314 0.000329
315 0.000343
316 0.000343
317 0.000357
318 0.000366
319 0.000366
320 0.000385
321 0.000389
322 0.000391
323 0.000411
324 0.000412
325 0.000419
326 0.000434
327 0.000435
328 0.000447
329 0.000458
330 0.000459
331 0.000476
