0 0.356032
1 0.000001
2 0.000036
3 0.000035
4 0.000035
5 0.000035
6 0.000035
7 0.000035
8 0.000036
9 0.000035
10 0.000035
11 0.000035
12 0.000035
13 0.000084
14 0.000088
15 0.000088
16 0.000088
17 0.000088
18 0.000101
19 0.000121
20 0.000121
21 0.000122
22 0.000122
23 0.000122
24 0.000150
25 0.000155
26 0.000155
27 0.000155
28 0.000155
29 0.000166
30 0.000188
31 0.000188
32 0.000188
33 0.000188
34 0.000187
35 0.000213
36 0.000220
37 0.000220
38 0.000220
39 0.000220
40 0.000228
41 0.000251
42 0.000251
43 0.000251
44 0.000251
45 0.000251
46 0.000274
47 0.000282
48 0.000282
49 0.000282
50 0.000282
51 0.000288
52 0.000312
53 0.000312
54 0.000312
55 0.000312
56 0.000312
57 0.000332
58 0.000342
59 0.000342
60 0.000342
61 0.000342
62 0.000346
63 0.000370
64 0.000370
65 0.000371
66 0.000370
67 0.000370
68 0.000387
69 0.000399
70 0.000398
71 0.000398
72 0.000399
73 0.000400
74 0.000426
75 0.000426
76 0.000426
77 0.000426
78 0.000426
79 0.000440
80 0.000453
81 0.000453
82 0.000453
83 0.000453
84 0.000453
85 0.000479
86 0.000479
87 0.000479
88 0.000479
89 0.000479
90 0.000491
91 0.000504
92 0.000504
93 0.000504
94 0.000504
95 0.000504
96 0.000528
97 0.000529
98 0.000529
99 0.000529
100 0.000529
101 0.000539
102 0.000553
103 0.000553
104 0.000553
105 0.000553
106 0.000553
107 0.000574
108 0.000577
109 0.000577
110 0.000577
111 0.000577
112 0.000584
113 0.000600
114 0.000600
115 0.000600
116 0.000600
117 0.000600
118 0.000618
119 0.000622
120 0.000622
121 0.000622
122 0.000622
123 0.000628
124 0.000644
125 0.000644
126 0.000644
127 0.000644
128 0.000644
129 0.000659
130 0.000665
131 0.000665
132 0.000665
133 0.000665
134 0.000669
135 0.000686
136 0.000685
137 0.000685
138 0.000685
139 0.000685
140 0.000698
141 0.000705
142 0.000705
143 0.000705
144 0.000705
145 0.000707
146 0.000724
147 0.000724
148 0.000724
149 0.000724
150 0.000724
151 0.000735
152 0.000742
153 0.000742
154 0.000742
155 0.000742
156 0.000743
157 0.000761
158 0.000760
159 0.000760
160 0.000760
161 0.000760
162 0.000769
163 0.000778
164 0.000778
165 0.000778
166 0.000777
167 0.000777
168 0.000795
169 0.000795
170 0.000795
171 0.000795
172 0.000795
173 0.000802
174 0.000811
175 0.000811
176 0.000812
177 0.000812
178 0.000812
179 0.000827
180 0.000828
181 0.000828
182 0.000828
183 0.000828
184 0.000834
185 0.000843
186 0.000843
187 0.000843
188 0.000843
189 0.000843
190 0.000857
191 0.000859
192 0.000859
193 0.000859
194 0.000859
195 0.000864
196 0.000873
197 0.000873
198 0.000874
199 0.000874
200 0.000874
201 0.000885
202 0.000888
203 0.000888
204 0.000888
205 0.000888
206 0.000892
207 0.000902
208 0.000902
209 0.000902
210 0.000902
211 0.000902
212 0.000912
213 0.000915
214 0.000915
215 0.000916
216 0.000916
217 0.000918
218 0.000928
219 0.000929
220 0.000929
221 0.000929
222 0.000930
223 0.000938
224 0.000942
225 0.000942
226 0.000943
227 0.000943
228 0.000945
229 0.000955
230 0.000956
231 0.000956
232 0.000957
233 0.000957
234 0.000964
235 0.000969
236 0.000969
237 0.000970
238 0.000970
239 0.000971
240 0.000982
241 0.000982
242 0.000983
243 0.000983
244 0.000984
245 0.000989
246 0.000994
247 0.000995
248 0.000996
249 0.000996
250 0.000997
251 0.001006
252 0.001007
253 0.001008
254 0.001008
255 0.001009
256 0.001014
257 0.001019
258 0.001019
259 0.001020
260 0.001021
261 0.001022
262 0.001030
263 0.001031
264 0.001032
265 0.001033
266 0.001033
267 0.001037
268 0.001042
269 0.001043
270 0.001044
271 0.001044
272 0.001045
273 0.001052
274 0.001053
275 0.001054
276 0.001055
277 0.001056
278 0.001059
279 0.001064
280 0.001065
281 0.001066
282 0.001066
283 0.001067
284 0.001072
285 0.001074
286 0.001075
287 0.001076
288 0.001077
289 0.001079
290 0.001083
291 0.001083
292 0.001084
293 0.001085
294 0.001086
295 0.001090
296 0.001091
297 0.001092
298 0.001093
299 0.001093
300 0.001095
301 0.001098
302 0.001099
303 0.001100
304 0.001101
305 0.001101
306 0.001104
307 0.001106
308 0.001106
309 0.001107
310 0.001108
311 0.001109
312 0.001112
313 0.001112
314 0.001113
315 0.001114
316 0.001115
317 0.001117
318 0.001118
319 0.001119
320 0.001119
321 0.001120
322 0.001121
323 0.001122
324 0.001123
325 0.001123
326 0.001124
327 0.001125
328 0.001125
329 0.001126
330 0.001127
331 0.001127
