0 0.358011
1 0.000001
2 0.000084
3 0.000084
4 0.000084
5 0.000083
6 0.000084
7 0.000084
8 0.000084
9 0.000084
10 0.000084
11 0.000172
12 0.000197
13 0.000197
14 0.000202
15 0.000260
16 0.000260
17 0.000259
18 0.000284
19 0.000321
20 0.000321
21 0.000321
22 0.000354
23 0.000367
24 0.000393
25 0.000398
26 0.000426
27 0.000431
28 0.000455
29 0.000465
30 0.000484
31 0.000498
32 0.000513
33 0.000531
34 0.000541
35 0.000563
36 0.000568
37 0.000595
38 0.000599
39 0.000623
40 0.000630
41 0.000650
42 0.000661
43 0.000676
44 0.000691
45 0.000702
46 0.000721
47 0.000727
48 0.000750
49 0.000753
50 0.000778
51 0.000782
52 0.000802
53 0.000810
54 0.000826
55 0.000838
56 0.000850
57 0.000865
58 0.000873
59 0.000892
60 0.000896
61 0.000919
62 0.000921
63 0.000941
64 0.000947
65 0.000963
66 0.000972
67 0.000984
68 0.000997
69 0.001005
70 0.001021
71 0.001026
72 0.001046
73 0.001048
74 0.001067
75 0.001071
76 0.001087
77 0.001093
78 0.001105
79 0.001115
80 0.001123
81 0.001136
82 0.001140
83 0.001156
84 0.001157
85 0.001176
86 0.001176
87 0.001192
88 0.001196
89 0.001207
90 0.001214
91 0.001223
92 0.001233
93 0.001237
94 0.001250
95 0.001252
96 0.001267
97 0.001268
98 0.001282
99 0.001285
100 0.001296
101 0.001301
102 0.001310
103 0.001318
104 0.001323
105 0.001334
106 0.001337
107 0.001350
108 0.001351
109 0.001366
110 0.001367
111 0.001379
112 0.001382
113 0.001392
114 0.001398
115 0.001404
116 0.001413
117 0.001417
118 0.001428
119 0.001429
120 0.001443
121 0.001443
122 0.001455
123 0.001458
124 0.001467
125 0.001472
126 0.001479
127 0.001486
128 0.001491
129 0.001500
130 0.001502
131 0.001513
132 0.001514
133 0.001526
134 0.001527
135 0.001536
136 0.001539
137 0.001545
138 0.001550
139 0.001554
140 0.001561
141 0.001563
142 0.001571
143 0.001571
144 0.001581
145 0.001581
146 0.001589
147 0.001590
148 0.001597
149 0.001600
150 0.001604
151 0.001608
152 0.001610
153 0.001617
154 0.001617
155 0.001625
156 0.001624
157 0.001632
158 0.001632
159 0.001638
160 0.001640
161 0.001644
162 0.001648
163 0.001650
164 0.001655
165 0.001656
166 0.001662
167 0.001661
168 0.001669
169 0.001668
170 0.001674
171 0.001675
172 0.001679
173 0.001681
174 0.001684
175 0.001687
176 0.001689
177 0.001694
178 0.001693
179 0.001700
180 0.001699
181 0.001705
182 0.001705
183 0.001710
184 0.001711
185 0.001714
186 0.001717
187 0.001719
188 0.001723
189 0.001723
190 0.001728
191 0.001728
192 0.001734
193 0.001734
194 0.001738
195 0.001739
196 0.001743
197 0.001745
198 0.001747
199 0.001750
200 0.001752
201 0.001756
202 0.001756
203 0.001761
204 0.001761
205 0.001766
206 0.001767
207 0.001770
208 0.001772
209 0.001775
210 0.001777
211 0.001779
212 0.001782
213 0.001783
214 0.001788
215 0.001788
216 0.001792
217 0.001793
218 0.001796
219 0.001798
220 0.001800
221 0.001802
222 0.001804
223 0.001806
224 0.001807
225 0.001809
226 0.001809
227 0.001812
228 0.001811
229 0.001813
230 0.001813
231 0.001814
232 0.001814
233 0.001815
234 0.001815
235 0.001815
236 0.001817
237 0.001816
238 0.001818
239 0.001818
240 0.001820
241 0.001819
242 0.001821
243 0.001821
244 0.001822
245 0.001823
246 0.001823
247 0.001824
248 0.001824
249 0.001826
250 0.001826
251 0.001827
252 0.001827
253 0.001829
254 0.001829
255 0.001830
256 0.001830
257 0.001831
258 0.001831
259 0.001832
260 0.001833
261 0.001833
262 0.001834
263 0.001834
264 0.001835
265 0.001836
266 0.001837
267 0.001838
268 0.001839
269 0.001840
270 0.001841
271 0.001842
272 0.001843
273 0.001844
274 0.001846
275 0.001846
276 0.001847
277 0.001848
278 0.001849
279 0.001850
280 0.001851
281 0.001852
282 0.001853
283 0.001854
284 0.001855
285 0.001857
286 0.001857
287 0.001859
288 0.001860
289 0.001861
290 0.001862
291 0.001863
292 0.001864
293 0.001866
294 0.001867
295 0.001868
296 0.001870
297 0.001871
298 0.001873
299 0.001873
300 0.001876
301 0.001877
302 0.001879
303 0.001880
304 0.001882
305 0.001883
306 0.001884
307 0.001887
308 0.001887
309 0.001890
310 0.001890
311 0.001893
312 0.001893
313 0.001896
314 0.001897
315 0.001899
316 0.001901
317 0.001902
318 0.001904
319 0.001905
320 0.001908
321 0.001909
322 0.001912
323 0.001912
324 0.001915
325 0.001916
326 0.001919
327 0.001920
328 0.001922
329 0.001925
330 0.001926
331 0.001929
