0 0.351434
1 0.000001
2 0.000188
3 0.000188
4 0.000188
5 0.000188
6 0.000188
7 0.000188
8 0.000188
9 0.000196
10 0.000203
11 0.000203
12 0.000203
13 0.000214
14 0.000215
15 0.000223
16 0.000277
17 0.000454
18 0.000456
19 0.000459
20 0.000462
21 0.000464
22 0.000554
23 0.000591
24 0.000595
25 0.000596
26 0.000601
27 0.000619
28 0.000705
29 0.000707
30 0.000710
31 0.000750
32 0.000792
33 0.000795
34 0.000797
35 0.000862
36 0.000878
37 0.000883
38 0.000891
39 0.000962
40 0.000963
41 0.000967
42 0.001000
43 0.001044
44 0.001047
45 0.001049
46 0.001105
47 0.001125
48 0.001129
49 0.001133
50 0.001205
51 0.001206
52 0.001209
53 0.001235
54 0.001282
55 0.001285
56 0.001287
57 0.001323
58 0.001342
59 0.001373
60 0.001380
61 0.001416
62 0.001422
63 0.001454
64 0.001465
65 0.001491
66 0.001507
67 0.001527
68 0.001549
69 0.001564
70 0.001591
71 0.001600
72 0.001632
73 0.001638
74 0.001671
75 0.001679
76 0.001706
77 0.001719
78 0.001741
79 0.001759
80 0.001775
81 0.001799
82 0.001810
83 0.001839
84 0.001844
85 0.001878
86 0.001884
87 0.001912
88 0.001923
89 0.001946
90 0.001961
91 0.001980
92 0.002000
93 0.002013
94 0.002038
95 0.002046
96 0.002075
97 0.002081
98 0.002109
99 0.002118
100 0.002142
101 0.002155
102 0.002174
103 0.002192
104 0.002207
105 0.002229
106 0.002240
107 0.002266
108 0.002273
109 0.002302
110 0.002310
111 0.002334
112 0.002346
113 0.002366
114 0.002381
115 0.002398
116 0.002417
117 0.002429
118 0.002453
119 0.002460
120 0.002488
121 0.002495
122 0.002520
123 0.002531
124 0.002552
125 0.002566
126 0.002584
127 0.002601
128 0.002615
129 0.002637
130 0.002647
131 0.002672
132 0.002681
133 0.002707
134 0.002717
135 0.002740
136 0.002753
137 0.002773
138 0.002790
139 0.002806
140 0.002826
141 0.002840
142 0.002864
143 0.002874
144 0.002901
145 0.002911
146 0.002936
147 0.002949
148 0.002971
149 0.002988
150 0.003006
151 0.003026
152 0.003042
153 0.003065
154 0.003079
155 0.003105
156 0.003117
157 0.003143
158 0.003157
159 0.003180
160 0.003197
161 0.003217
162 0.003236
163 0.003254
164 0.003276
165 0.003292
166 0.003316
167 0.003329
168 0.003355
169 0.003368
170 0.003393
171 0.003408
172 0.003430
173 0.003448
174 0.003467
175 0.003487
176 0.003503
177 0.003525
178 0.003539
179 0.003562
180 0.003574
181 0.003597
182 0.003610
183 0.003630
184 0.003644
185 0.003660
186 0.003675
187 0.003689
188 0.003707
189 0.003718
190 0.003738
191 0.003748
192 0.003767
193 0.003778
194 0.003795
195 0.003807
196 0.003823
197 0.003836
198 0.003848
199 0.003862
200 0.003873
201 0.003889
202 0.003899
203 0.003915
204 0.003926
205 0.003942
206 0.003955
207 0.003971
208 0.003986
209 0.004002
210 0.004018
211 0.004031
212 0.004046
213 0.004058
214 0.004073
215 0.004085
216 0.004101
217 0.004113
218 0.004129
219 0.004140
220 0.004152
221 0.004164
222 0.004176
223 0.004188
224 0.004199
225 0.004210
226 0.004218
227 0.004228
228 0.004236
229 0.004244
230 0.004251
231 0.004258
232 0.004264
233 0.004270
234 0.004274
235 0.004276
236 0.004277
237 0.004277
238 0.004275
239 0.004270
240 0.004257
241 0.004241
242 0.004224
243 0.004207
244 0.004188
245 0.004169
246 0.004149
247 0.004126
248 0.004103
249 0.004076
250 0.004052
251 0.004025
252 0.004005
253 0.003981
254 0.003963
255 0.003944
256 0.003928
257 0.003911
258 0.003894
259 0.003879
260 0.003860
261 0.003845
262 0.003824
263 0.003810
264 0.003789
265 0.003774
266 0.003754
267 0.003738
268 0.003722
269 0.003705
270 0.003689
271 0.003671
272 0.003656
273 0.003635
274 0.003622
275 0.003600
276 0.003587
277 0.003567
278 0.003554
279 0.003537
280 0.003528
281 0.003524
282 0.003520
283 0.003522
284 0.003517
285 0.003522
286 0.003516
287 0.003522
288 0.003516
289 0.003521
290 0.003519
291 0.003521
292 0.003522
293 0.003524
294 0.003528
295 0.003528
296 0.003535
297 0.003532
298 0.003542
299 0.003537
300 0.003546
301 0.003543
302 0.003549
303 0.003549
304 0.003552
305 0.003555
306 0.003554
307 0.003560
308 0.003555
309 0.003564
310 0.003556
311 0.003565
312 0.003558
313 0.003564
314 0.003560
315 0.003562
316 0.003561
317 0.003559
318 0.003561
319 0.003555
320 0.003561
321 0.003550
322 0.003559
323 0.003548
324 0.003555
325 0.003548
326 0.003551
327 0.003547
328 0.003546
329 0.003546
330 0.003539
331 0.003544
