0 0.353594
1 0.000001
2 0.000268
3 0.000268
4 0.000267
5 0.000267
6 0.000267
7 0.000267
8 0.000267
9 0.000267
10 0.000266
11 0.000266
12 0.000266
13 0.000582
14 0.000604
15 0.000604
16 0.000602
17 0.000601
18 0.000690
19 0.000822
20 0.000820
21 0.000818
22 0.000818
23 0.000815
24 0.001001
25 0.001028
26 0.001024
27 0.001022
28 0.001020
29 0.001087
30 0.001223
31 0.001220
32 0.001217
33 0.001213
34 0.001210
35 0.001368
36 0.001403
37 0.001400
38 0.001395
39 0.001392
40 0.001447
41 0.001606
42 0.001601
43 0.001596
44 0.001591
45 0.001587
46 0.001717
47 0.001761
48 0.001755
49 0.001750
50 0.001745
51 0.001776
52 0.001912
53 0.001906
54 0.001901
55 0.001895
56 0.001890
57 0.002006
58 0.002061
59 0.002056
60 0.002050
61 0.002044
62 0.002061
63 0.002197
64 0.002191
65 0.002186
66 0.002181
67 0.002176
68 0.002265
69 0.002323
70 0.002318
71 0.002314
72 0.002309
73 0.002316
74 0.002465
75 0.002460
76 0.002457
77 0.002452
78 0.002448
79 0.002521
80 0.002584
81 0.002580
82 0.002576
83 0.002571
84 0.002567
85 0.002711
86 0.002706
87 0.002701
88 0.002695
89 0.002689
90 0.002745
91 0.002810
92 0.002801
93 0.002792
94 0.002783
95 0.002772
96 0.002888
97 0.002884
98 0.002871
99 0.002856
100 0.002841
101 0.002872
102 0.002926
103 0.002906
104 0.002887
105 0.002866
106 0.002846
107 0.002927
108 0.002920
109 0.002896
110 0.002871
111 0.002846
112 0.002856
113 0.002898
114 0.002872
115 0.002845
116 0.002819
117 0.002793
118 0.002847
119 0.002840
120 0.002812
121 0.002786
122 0.002759
123 0.002755
124 0.002791
125 0.002763
126 0.002737
127 0.002711
128 0.002687
129 0.002726
130 0.002725
131 0.002702
132 0.002681
133 0.002661
134 0.002655
135 0.002694
136 0.002676
137 0.002658
138 0.002641
139 0.002626
140 0.002659
141 0.002668
142 0.002655
143 0.002642
144 0.002631
145 0.002628
146 0.002672
147 0.002663
148 0.002655
149 0.002647
150 0.002639
151 0.002669
152 0.002686
153 0.002678
154 0.002670
155 0.002662
156 0.002658
157 0.002702
158 0.002694
159 0.002686
160 0.002679
161 0.002671
162 0.002693
163 0.002711
164 0.002704
165 0.002696
166 0.002688
167 0.002680
168 0.002723
169 0.002714
170 0.002706
171 0.002697
172 0.002688
173 0.002701
174 0.002718
175 0.002709
176 0.002700
177 0.002690
178 0.002681
179 0.002713
180 0.002706
181 0.002697
182 0.002687
183 0.002678
184 0.002684
185 0.002699
186 0.002689
187 0.002678
188 0.002668
189 0.002658
190 0.002680
191 0.002674
192 0.002663
193 0.002652
194 0.002641
195 0.002642
196 0.002653
197 0.002642
198 0.002631
199 0.002620
200 0.002609
201 0.002622
202 0.002616
203 0.002604
204 0.002593
205 0.002581
206 0.002576
207 0.002585
208 0.002574
209 0.002562
210 0.002551
211 0.002539
212 0.002547
213 0.002542
214 0.002532
215 0.002521
216 0.002511
217 0.002505
218 0.002513
219 0.002503
220 0.002493
221 0.002483
222 0.002474
223 0.002477
224 0.002474
225 0.002465
226 0.002455
227 0.002446
228 0.002440
229 0.002446
230 0.002437
231 0.002428
232 0.002420
233 0.002411
234 0.002412
235 0.002409
236 0.002401
237 0.002392
238 0.002384
239 0.002376
240 0.002380
241 0.002371
242 0.002363
243 0.002354
244 0.002346
245 0.002343
246 0.002340
247 0.002331
248 0.002323
249 0.002317
250 0.002312
251 0.002316
252 0.002311
253 0.002306
254 0.002301
255 0.002295
256 0.002293
257 0.002291
258 0.002285
259 0.002279
260 0.002273
261 0.002267
262 0.002265
263 0.002259
264 0.002252
265 0.002245
266 0.002239
267 0.002232
268 0.002226
269 0.002218
270 0.002211
271 0.002203
272 0.002194
273 0.002187
274 0.002178
275 0.002169
276 0.002161
277 0.002152
278 0.002142
279 0.002133
280 0.002124
281 0.002115
282 0.002106
283 0.002097
284 0.002086
285 0.002077
286 0.002068
287 0.002059
288 0.002050
289 0.002041
290 0.002030
291 0.002022
292 0.002014
293 0.002007
294 0.002000
295 0.001989
296 0.001982
297 0.001976
298 0.001971
299 0.001966
300 0.001960
301 0.001950
302 0.001947
303 0.001943
304 0.001941
305 0.001938
306 0.001930
307 0.001926
308 0.001925
309 0.001924
310 0.001924
311 0.001922
312 0.001914
313 0.001915
314 0.001916
315 0.001917
316 0.001919
317 0.001913
318 0.001911
319 0.001914
320 0.001916
321 0.001920
322 0.001922
323 0.001913
324 0.001917
325 0.001922
326 0.001926
327 0.001931
328 0.001928
329 0.001926
330 0.001932
331 0.001938
