0 0.291862
1 0.000001
2 0.000057
3 0.000057
4 0.000057
5 0.000057
6 0.000057
7 0.000057
8 0.000057
9 0.000057
10 0.000057
11 0.000057
12 0.000057
13 0.000057
14 0.000057
15 0.000067
16 0.000117
17 0.000117
18 0.000117
19 0.000117
20 0.000117
21 0.000138
22 0.000150
23 0.000150
24 0.000150
25 0.000150
26 0.000153
27 0.000184
28 0.000183
29 0.000183
30 0.000183
31 0.000183
32 0.000197
33 0.000208
34 0.000207
35 0.000220
36 0.000224
37 0.000224
38 0.000239
39 0.000239
40 0.000243
41 0.000255
42 0.000255
43 0.000262
44 0.000270
45 0.000270
46 0.000281
47 0.000285
48 0.000285
49 0.000300
50 0.000300
51 0.000303
52 0.000315
53 0.000315
54 0.000321
55 0.000330
56 0.000330
57 0.000339
58 0.000344
59 0.000344
60 0.000368
61 0.000370
62 0.000372
63 0.000385
64 0.000385
65 0.000390
66 0.000399
67 0.000399
68 0.000408
69 0.000413
70 0.000413
71 0.000425
72 0.000428
73 0.000429
74 0.000442
75 0.000442
76 0.000446
77 0.000456
78 0.000457
79 0.000464
80 0.000471
81 0.000471
82 0.000482
83 0.000486
84 0.000486
85 0.000506
86 0.000506
87 0.000510
88 0.000521
89 0.000522
90 0.000528
91 0.000536
92 0.000537
93 0.000547
94 0.000552
95 0.000553
96 0.000566
97 0.000568
98 0.000571
99 0.000583
100 0.000584
101 0.000590
102 0.000599
103 0.000600
104 0.000612
105 0.000620
106 0.000621
107 0.000633
108 0.000636
109 0.000638
110 0.000651
111 0.000652
112 0.000657
113 0.000667
114 0.000668
115 0.000676
116 0.000683
117 0.000684
118 0.000695
119 0.000698
120 0.000700
121 0.000717
122 0.000718
123 0.000722
124 0.000732
125 0.000733
126 0.000740
127 0.000747
128 0.000748
129 0.000758
130 0.000762
131 0.000763
132 0.000776
133 0.000777
134 0.000780
135 0.000790
136 0.000791
137 0.000798
138 0.000808
139 0.000809
140 0.000817
141 0.000822
142 0.000822
143 0.000833
144 0.000835
145 0.000837
146 0.000847
147 0.000848
148 0.000852
149 0.000860
150 0.000860
151 0.000869
152 0.000875
153 0.000876
154 0.000885
155 0.000887
156 0.000888
157 0.000899
158 0.000899
159 0.000902
160 0.000910
161 0.000910
162 0.000916
163 0.000921
164 0.000922
165 0.000932
166 0.000935
167 0.000936
168 0.000946
169 0.000946
170 0.000948
171 0.000956
172 0.000956
173 0.000960
174 0.000965
175 0.000965
176 0.000972
177 0.000975
178 0.000975
179 0.000986
180 0.000986
181 0.000988
182 0.000995
183 0.000995
184 0.000999
185 0.001004
186 0.001004
187 0.001010
188 0.001013
189 0.001014
190 0.001022
191 0.001024
192 0.001026
193 0.001036
194 0.001038
195 0.001042
196 0.001050
197 0.001051
198 0.001058
199 0.001064
200 0.001066
201 0.001076
202 0.001081
203 0.001084
204 0.001097
205 0.001101
206 0.001107
207 0.001117
208 0.001122
209 0.001130
210 0.001139
211 0.001144
212 0.001156
213 0.001164
214 0.001171
215 0.001187
216 0.001195
217 0.001204
218 0.001219
219 0.001227
220 0.001240
221 0.001254
222 0.001264
223 0.001280
224 0.001294
225 0.001305
226 0.001325
227 0.001338
228 0.001352
229 0.001372
230 0.001386
231 0.001402
232 0.001422
233 0.001437
234 0.001457
235 0.001477
236 0.001493
237 0.001518
238 0.001538
239 0.001557
240 0.001584
241 0.001604
242 0.001628
243 0.001658
244 0.001682
245 0.001713
246 0.001745
247 0.001774
248 0.001812
249 0.001847
250 0.001882
251 0.001927
252 0.001966
253 0.001997
254 0.002028
255 0.002049
256 0.002070
257 0.002085
258 0.002093
259 0.002102
260 0.002101
261 0.002098
262 0.002102
263 0.002097
264 0.002091
265 0.002090
266 0.002080
267 0.002074
268 0.002071
269 0.002061
270 0.002055
271 0.002045
272 0.002031
273 0.002024
274 0.002013
275 0.002005
276 0.002002
277 0.001993
278 0.001987
279 0.001984
280 0.001979
281 0.001983
282 0.001992
283 0.002001
284 0.002020
285 0.002036
286 0.002051
287 0.002073
288 0.002092
289 0.002113
290 0.002138
291 0.002158
292 0.002178
293 0.002196
294 0.002209
295 0.002225
296 0.002239
297 0.002251
298 0.002270
299 0.002286
300 0.002304
301 0.002327
302 0.002346
303 0.002368
304 0.002390
305 0.002408
306 0.002428
307 0.002445
308 0.002460
309 0.002478
310 0.002492
311 0.002507
312 0.002526
313 0.002542
314 0.002560
315 0.002581
316 0.002600
317 0.002619
318 0.002633
319 0.002645
320 0.002659
321 0.002671
322 0.002682
323 0.002696
324 0.002708
325 0.002723
326 0.002741
327 0.002759
328 0.002777
329 0.002794
330 0.002809
331 0.002826
