0 0.342766
1 0.000001
2 0.000127
3 0.000127
4 0.000126
5 0.000126
6 0.000125
7 0.000125
8 0.000124
9 0.000124
10 0.000123
11 0.000122
12 0.000122
13 0.000283
14 0.000291
15 0.000288
16 0.000285
17 0.000282
18 0.000322
19 0.000380
20 0.000375
21 0.000370
22 0.000365
23 0.000360
24 0.000437
25 0.000442
26 0.000435
27 0.000428
28 0.000421
29 0.000443
30 0.000490
31 0.000481
32 0.000472
33 0.000463
34 0.000455
35 0.000506
36 0.000509
37 0.000499
38 0.000488
39 0.000478
40 0.000486
41 0.000522
42 0.000509
43 0.000498
44 0.000486
45 0.000475
46 0.000505
47 0.000506
48 0.000494
49 0.000482
50 0.000470
51 0.000469
52 0.000498
53 0.000489
54 0.000481
55 0.000476
56 0.000471
57 0.000497
58 0.000510
59 0.000509
60 0.000510
61 0.000510
62 0.000517
63 0.000554
64 0.000555
65 0.000555
66 0.000556
67 0.000557
68 0.000582
69 0.000600
70 0.000601
71 0.000602
72 0.000602
73 0.000606
74 0.000645
75 0.000646
76 0.000647
77 0.000648
78 0.000648
79 0.000671
80 0.000690
81 0.000691
82 0.000692
83 0.000693
84 0.000694
85 0.000733
86 0.000734
87 0.000735
88 0.000736
89 0.000737
90 0.000755
91 0.000776
92 0.000777
93 0.000778
94 0.000779
95 0.000779
96 0.000815
97 0.000818
98 0.000819
99 0.000820
100 0.000820
101 0.000835
102 0.000858
103 0.000858
104 0.000859
105 0.000859
106 0.000860
107 0.000891
108 0.000896
109 0.000896
110 0.000896
111 0.000897
112 0.000909
113 0.000932
114 0.000932
115 0.000932
116 0.000933
117 0.000933
118 0.000959
119 0.000966
120 0.000966
121 0.000966
122 0.000966
123 0.000974
124 0.000996
125 0.000996
126 0.000995
127 0.000994
128 0.000993
129 0.001014
130 0.001021
131 0.001020
132 0.001019
133 0.001017
134 0.001021
135 0.001043
136 0.001040
137 0.001038
138 0.001036
139 0.001034
140 0.001050
141 0.001057
142 0.001055
143 0.001052
144 0.001050
145 0.001051
146 0.001071
147 0.001069
148 0.001066
149 0.001064
150 0.001061
151 0.001073
152 0.001081
153 0.001078
154 0.001075
155 0.001073
156 0.001072
157 0.001091
158 0.001088
159 0.001086
160 0.001083
161 0.001080
162 0.001090
163 0.001097
164 0.001094
165 0.001092
166 0.001089
167 0.001086
168 0.001104
169 0.001101
170 0.001099
171 0.001096
172 0.001093
173 0.001099
174 0.001107
175 0.001104
176 0.001102
177 0.001099
178 0.001096
179 0.001110
180 0.001109
181 0.001106
182 0.001103
183 0.001100
184 0.001104
185 0.001112
186 0.001109
187 0.001106
188 0.001103
189 0.001101
190 0.001111
191 0.001111
192 0.001108
193 0.001105
194 0.001103
195 0.001105
196 0.001112
197 0.001109
198 0.001107
199 0.001105
200 0.001103
201 0.001111
202 0.001112
203 0.001109
204 0.001107
205 0.001105
206 0.001106
207 0.001113
208 0.001111
209 0.001109
210 0.001106
211 0.001104
212 0.001109
213 0.001109
214 0.001107
215 0.001104
216 0.001101
217 0.001100
218 0.001106
219 0.001103
220 0.001100
221 0.001097
222 0.001095
223 0.001098
224 0.001098
225 0.001095
226 0.001092
227 0.001090
228 0.001088
229 0.001092
230 0.001090
231 0.001087
232 0.001084
233 0.001082
234 0.001083
235 0.001083
236 0.001081
237 0.001078
238 0.001075
239 0.001073
240 0.001076
241 0.001074
242 0.001071
243 0.001069
244 0.001066
245 0.001067
246 0.001066
247 0.001064
248 0.001062
249 0.001060
250 0.001057
251 0.001059
252 0.001057
253 0.001055
254 0.001053
255 0.001051
256 0.001050
257 0.001050
258 0.001048
259 0.001046
260 0.001044
261 0.001042
262 0.001042
263 0.001040
264 0.001038
265 0.001036
266 0.001035
267 0.001033
268 0.001032
269 0.001030
270 0.001029
271 0.001027
272 0.001025
273 0.001024
274 0.001022
275 0.001021
276 0.001019
277 0.001018
278 0.001016
279 0.001015
280 0.001014
281 0.001013
282 0.001013
283 0.001012
284 0.001011
285 0.001010
286 0.001010
287 0.001010
288 0.001010
289 0.001009
290 0.001008
291 0.001008
292 0.001008
293 0.001009
294 0.001009
295 0.001008
296 0.001008
297 0.001008
298 0.001009
299 0.001010
300 0.001009
301 0.001007
302 0.001008
303 0.001009
304 0.001009
305 0.001010
306 0.001008
307 0.001007
308 0.001008
309 0.001008
310 0.001009
311 0.001009
312 0.001005
313 0.001006
314 0.001007
315 0.001007
316 0.001008
317 0.001005
318 0.001003
319 0.001004
320 0.001005
321 0.001006
322 0.001007
323 0.001001
324 0.001002
325 0.001003
326 0.001004
327 0.001005
328 0.001002
329 0.000999
330 0.001000
331 0.001001
