0 0.322328
1 0.000001
2 0.002611
3 0.002596
4 0.002581
5 0.002566
6 0.002552
7 0.002537
8 0.002523
9 0.003494
10 0.004063
11 0.005422
12 0.005760
13 0.006345
14 0.006418
15 0.007597
16 0.007566
17 0.007749
18 0.008116
19 0.008714
20 0.008748
21 0.008730
22 0.009224
23 0.009285
24 0.009698
25 0.009576
26 0.010015
27 0.009886
28 0.010173
29 0.010126
30 0.010275
31 0.010302
32 0.010332
33 0.010423
34 0.010349
35 0.010498
36 0.010332
37 0.010532
38 0.010339
39 0.010481
40 0.010335
41 0.010390
42 0.010305
43 0.010281
44 0.010254
45 0.010162
46 0.010183
47 0.010032
48 0.010098
49 0.009911
50 0.009987
51 0.009816
52 0.009834
53 0.009713
54 0.009678
55 0.009604
56 0.009523
57 0.009489
58 0.009368
59 0.009371
60 0.009214
61 0.009251
62 0.009093
63 0.009101
64 0.008976
65 0.008947
66 0.008859
67 0.008797
68 0.008744
69 0.008652
70 0.008629
71 0.008511
72 0.008516
73 0.008386
74 0.008393
75 0.008279
76 0.008260
77 0.008175
78 0.008131
79 0.008073
80 0.008008
81 0.007975
82 0.007889
83 0.007880
84 0.007777
85 0.007789
86 0.007691
87 0.007683
88 0.007610
89 0.007584
90 0.007532
91 0.007490
92 0.007459
93 0.007402
94 0.007389
95 0.007318
96 0.007323
97 0.007249
98 0.007253
99 0.007191
100 0.007182
101 0.007139
102 0.007117
103 0.007091
104 0.007058
105 0.007049
106 0.007005
107 0.007012
108 0.006961
109 0.006980
110 0.006934
111 0.006943
112 0.006914
113 0.006913
114 0.006900
115 0.006892
116 0.006894
117 0.006878
118 0.006895
119 0.006872
120 0.006904
121 0.006883
122 0.006915
123 0.006906
124 0.006932
125 0.006939
126 0.006960
127 0.006984
128 0.007000
129 0.007034
130 0.007034
131 0.007068
132 0.007060
133 0.007101
134 0.007099
135 0.007130
136 0.007132
137 0.007150
138 0.007158
139 0.007161
140 0.007173
141 0.007163
142 0.007178
143 0.007158
144 0.007180
145 0.007161
146 0.007178
147 0.007167
148 0.007178
149 0.007177
150 0.007184
151 0.007193
152 0.007195
153 0.007212
154 0.007208
155 0.007233
156 0.007226
157 0.007253
158 0.007248
159 0.007261
160 0.007251
161 0.007250
162 0.007246
163 0.007239
164 0.007241
165 0.007227
166 0.007229
167 0.007204
168 0.007207
169 0.007180
170 0.007175
171 0.007153
172 0.007142
173 0.007124
174 0.007106
175 0.007089
176 0.007058
177 0.007035
178 0.006995
179 0.006971
180 0.006925
181 0.006896
182 0.006849
183 0.006811
184 0.006764
185 0.006719
186 0.006673
187 0.006625
188 0.006584
189 0.006535
190 0.006498
191 0.006449
192 0.006416
193 0.006368
194 0.006330
195 0.006284
196 0.006242
197 0.006195
198 0.006147
199 0.006099
200 0.006045
201 0.005995
202 0.005935
203 0.005882
204 0.005817
205 0.005759
206 0.005691
207 0.005625
208 0.005553
209 0.005479
210 0.005403
211 0.005327
212 0.005255
213 0.005182
214 0.005114
215 0.005042
216 0.004976
217 0.004907
218 0.004841
219 0.004774
220 0.004710
221 0.004647
222 0.004586
223 0.004527
224 0.004469
225 0.004414
226 0.004360
227 0.004308
228 0.004257
229 0.004207
230 0.004158
231 0.004111
232 0.004064
233 0.004020
234 0.003976
235 0.003935
236 0.003895
237 0.003859
238 0.003826
239 0.003798
240 0.003768
241 0.003742
242 0.003715
243 0.003690
244 0.003666
245 0.003643
246 0.003621
247 0.003599
248 0.003580
249 0.003559
250 0.003543
251 0.003523
252 0.003510
253 0.003495
254 0.003483
255 0.003470
256 0.003459
257 0.003449
258 0.003438
259 0.003429
260 0.003418
261 0.003412
262 0.003401
263 0.003397
264 0.003388
265 0.003385
266 0.003379
267 0.003377
268 0.003374
269 0.003373
270 0.003372
271 0.003370
272 0.003371
273 0.003367
274 0.003370
275 0.003365
276 0.003368
277 0.003365
278 0.003367
279 0.003365
280 0.003365
281 0.003365
282 0.003363
283 0.003365
284 0.003361
285 0.003364
286 0.003357
287 0.003361
288 0.003354
289 0.003357
290 0.003352
291 0.003352
292 0.003350
293 0.003347
294 0.003348
295 0.003343
296 0.003345
297 0.003338
298 0.003343
299 0.003333
300 0.003338
301 0.003332
302 0.003334
303 0.003331
304 0.003330
305 0.003330
306 0.003327
307 0.003329
308 0.003323
309 0.003329
310 0.003318
311 0.003325
312 0.003317
313 0.003321
314 0.003316
315 0.003317
316 0.003315
317 0.003313
318 0.003314
319 0.003308
320 0.003313
321 0.003302
322 0.003311
323 0.003299
324 0.003305
325 0.003298
326 0.003300
327 0.003296
328 0.003294
329 0.003295
330 0.003288
331 0.003293
