0 0.358011
1 0.000001
2 0.000028
3 0.000028
4 0.000028
5 0.000028
6 0.000028
7 0.000028
8 0.000028
9 0.000028
10 0.000028
11 0.000028
12 0.000028
13 0.000028
14 0.000028
15 0.000028
16 0.000028
17 0.000028
18 0.000028
19 0.000028
20 0.000028
21 0.000028
22 0.000028
23 0.000028
24 0.000028
25 0.000028
26 0.000028
27 0.000028
28 0.000028
29 0.000040
30 0.000066
31 0.000066
32 0.000066
33 0.000066
34 0.000066
35 0.000066
36 0.000066
37 0.000066
38 0.000065
39 0.000066
40 0.000071
41 0.000087
42 0.000087
43 0.000087
44 0.000087
45 0.000087
46 0.000087
47 0.000087
48 0.000087
49 0.000087
50 0.000087
51 0.000091
52 0.000107
53 0.000107
54 0.000107
55 0.000107
56 0.000107
57 0.000107
58 0.000107
59 0.000107
60 0.000107
61 0.000107
62 0.000109
63 0.000122
64 0.000122
65 0.000122
66 0.000122
67 0.000122
68 0.000128
69 0.000132
70 0.000132
71 0.000132
72 0.000132
73 0.000133
74 0.000142
75 0.000142
76 0.000142
77 0.000142
78 0.000142
79 0.000147
80 0.000152
81 0.000152
82 0.000152
83 0.000152
84 0.000152
85 0.000162
86 0.000161
87 0.000161
88 0.000161
89 0.000161
90 0.000166
91 0.000171
92 0.000171
93 0.000171
94 0.000171
95 0.000171
96 0.000180
97 0.000180
98 0.000180
99 0.000180
100 0.000180
101 0.000184
102 0.000190
103 0.000190
104 0.000190
105 0.000189
106 0.000189
107 0.000198
108 0.000199
109 0.000199
110 0.000199
111 0.000199
112 0.000202
113 0.000208
114 0.000208
115 0.000208
116 0.000208
117 0.000208
118 0.000215
119 0.000217
120 0.000216
121 0.000217
122 0.000216
123 0.000219
124 0.000226
125 0.000225
126 0.000225
127 0.000225
128 0.000225
129 0.000232
130 0.000234
131 0.000234
132 0.000234
133 0.000234
134 0.000236
135 0.000243
136 0.000243
137 0.000243
138 0.000243
139 0.000242
140 0.000248
141 0.000251
142 0.000251
143 0.000251
144 0.000251
145 0.000252
146 0.000259
147 0.000259
148 0.000259
149 0.000259
150 0.000259
151 0.000264
152 0.000268
153 0.000267
154 0.000267
155 0.000267
156 0.000268
157 0.000276
158 0.000275
159 0.000276
160 0.000275
161 0.000275
162 0.000280
163 0.000284
164 0.000283
165 0.000283
166 0.000283
167 0.000283
168 0.000291
169 0.000291
170 0.000291
171 0.000291
172 0.000291
173 0.000295
174 0.000299
175 0.000299
176 0.000299
177 0.000299
178 0.000299
179 0.000306
180 0.000307
181 0.000306
182 0.000306
183 0.000306
184 0.000309
185 0.000314
186 0.000314
187 0.000314
188 0.000314
189 0.000313
190 0.000320
191 0.000321
192 0.000321
193 0.000321
194 0.000321
195 0.000323
196 0.000328
197 0.000328
198 0.000328
199 0.000328
200 0.000328
201 0.000334
202 0.000335
203 0.000335
204 0.000335
205 0.000335
206 0.000337
207 0.000343
208 0.000342
209 0.000342
210 0.000342
211 0.000342
212 0.000347
213 0.000349
214 0.000349
215 0.000349
216 0.000349
217 0.000350
218 0.000356
219 0.000356
220 0.000356
221 0.000356
222 0.000355
223 0.000360
224 0.000362
225 0.000362
226 0.000362
227 0.000362
228 0.000363
229 0.000369
230 0.000369
231 0.000369
232 0.000368
233 0.000368
234 0.000372
235 0.000375
236 0.000375
237 0.000375
238 0.000374
239 0.000375
240 0.000381
241 0.000381
242 0.000380
243 0.000380
244 0.000380
245 0.000384
246 0.000387
247 0.000386
248 0.000386
249 0.000386
250 0.000386
251 0.000392
252 0.000392
253 0.000392
254 0.000392
255 0.000391
256 0.000394
257 0.000398
258 0.000398
259 0.000397
260 0.000397
261 0.000397
262 0.000403
263 0.000403
264 0.000403
265 0.000402
266 0.000402
267 0.000404
268 0.000408
269 0.000408
270 0.000408
271 0.000407
272 0.000407
273 0.000413
274 0.000413
275 0.000413
276 0.000413
277 0.000413
278 0.000414
279 0.000418
280 0.000418
281 0.000418
282 0.000417
283 0.000417
284 0.000422
285 0.000423
286 0.000423
287 0.000423
288 0.000422
289 0.000424
290 0.000428
291 0.000428
292 0.000427
293 0.000427
294 0.000427
295 0.000431
296 0.000432
297 0.000432
298 0.000432
299 0.000432
300 0.000433
301 0.000437
302 0.000437
303 0.000437
304 0.000437
305 0.000436
306 0.000440
307 0.000442
308 0.000442
309 0.000441
310 0.000441
311 0.000442
312 0.000447
313 0.000446
314 0.000446
315 0.000446
316 0.000446
317 0.000449
318 0.000451
319 0.000451
320 0.000451
321 0.000450
322 0.000451
323 0.000456
324 0.000456
325 0.000455
326 0.000455
327 0.000455
328 0.000458
329 0.000460
330 0.000460
331 0.000459
