0 0.300358
1 0.000001
2 0.000021
3 0.000021
4 0.000021
5 0.000021
6 0.000021
7 0.000021
8 0.000021
9 0.000021
10 0.000021
11 0.000020
12 0.000021
13 0.000049
14 0.000051
15 0.000051
16 0.000051
17 0.000052
18 0.000059
19 0.000072
20 0.000071
21 0.000071
22 0.000071
23 0.000072
24 0.000089
25 0.000091
26 0.000091
27 0.000091
28 0.000091
29 0.000098
30 0.000111
31 0.000111
32 0.000111
33 0.000111
34 0.000111
35 0.000126
36 0.000130
37 0.000130
38 0.000130
39 0.000130
40 0.000135
41 0.000149
42 0.000149
43 0.000149
44 0.000149
45 0.000149
46 0.000162
47 0.000167
48 0.000167
49 0.000167
50 0.000167
51 0.000171
52 0.000185
53 0.000185
54 0.000185
55 0.000185
56 0.000185
57 0.000197
58 0.000203
59 0.000203
60 0.000203
61 0.000203
62 0.000205
63 0.000220
64 0.000220
65 0.000220
66 0.000220
67 0.000220
68 0.000230
69 0.000237
70 0.000237
71 0.000237
72 0.000237
73 0.000238
74 0.000254
75 0.000254
76 0.000254
77 0.000254
78 0.000253
79 0.000262
80 0.000270
81 0.000270
82 0.000270
83 0.000270
84 0.000269
85 0.000286
86 0.000286
87 0.000286
88 0.000285
89 0.000285
90 0.000293
91 0.000301
92 0.000301
93 0.000301
94 0.000301
95 0.000301
96 0.000315
97 0.000316
98 0.000316
99 0.000316
100 0.000316
101 0.000322
102 0.000331
103 0.000331
104 0.000331
105 0.000331
106 0.000331
107 0.000344
108 0.000346
109 0.000346
110 0.000345
111 0.000345
112 0.000350
113 0.000360
114 0.000360
115 0.000360
116 0.000360
117 0.000359
118 0.000371
119 0.000374
120 0.000374
121 0.000374
122 0.000373
123 0.000377
124 0.000388
125 0.000387
126 0.000387
127 0.000387
128 0.000387
129 0.000397
130 0.000401
131 0.000401
132 0.000401
133 0.000400
134 0.000403
135 0.000414
136 0.000414
137 0.000414
138 0.000414
139 0.000413
140 0.000423
141 0.000427
142 0.000427
143 0.000426
144 0.000426
145 0.000428
146 0.000439
147 0.000439
148 0.000439
149 0.000439
150 0.000438
151 0.000446
152 0.000451
153 0.000451
154 0.000451
155 0.000451
156 0.000451
157 0.000463
158 0.000463
159 0.000463
160 0.000462
161 0.000462
162 0.000469
163 0.000474
164 0.000474
165 0.000474
166 0.000474
167 0.000474
168 0.000486
169 0.000485
170 0.000485
171 0.000485
172 0.000485
173 0.000490
174 0.000496
175 0.000496
176 0.000496
177 0.000495
178 0.000495
179 0.000506
180 0.000506
181 0.000506
182 0.000506
183 0.000505
184 0.000510
185 0.000517
186 0.000516
187 0.000516
188 0.000516
189 0.000516
190 0.000525
191 0.000526
192 0.000526
193 0.000526
194 0.000525
195 0.000529
196 0.000536
197 0.000535
198 0.000535
199 0.000535
200 0.000534
201 0.000543
202 0.000545
203 0.000544
204 0.000544
205 0.000544
206 0.000546
207 0.000553
208 0.000553
209 0.000553
210 0.000552
211 0.000552
212 0.000559
213 0.000562
214 0.000561
215 0.000561
216 0.000560
217 0.000562
218 0.000570
219 0.000569
220 0.000569
221 0.000568
222 0.000568
223 0.000574
224 0.000577
225 0.000577
226 0.000576
227 0.000576
228 0.000577
229 0.000584
230 0.000584
231 0.000584
232 0.000583
233 0.000583
234 0.000588
235 0.000592
236 0.000591
237 0.000591
238 0.000591
239 0.000591
240 0.000600
241 0.000599
242 0.000599
243 0.000599
244 0.000599
245 0.000603
246 0.000607
247 0.000607
248 0.000607
249 0.000607
250 0.000607
251 0.000615
252 0.000615
253 0.000615
254 0.000615
255 0.000614
256 0.000618
257 0.000622
258 0.000622
259 0.000622
260 0.000622
261 0.000622
262 0.000629
263 0.000630
264 0.000629
265 0.000629
266 0.000629
267 0.000632
268 0.000636
269 0.000636
270 0.000636
271 0.000636
272 0.000636
273 0.000642
274 0.000643
275 0.000643
276 0.000642
277 0.000642
278 0.000644
279 0.000649
280 0.000648
281 0.000648
282 0.000648
283 0.000648
284 0.000653
285 0.000654
286 0.000653
287 0.000653
288 0.000653
289 0.000654
290 0.000659
291 0.000658
292 0.000658
293 0.000657
294 0.000657
295 0.000661
296 0.000662
297 0.000662
298 0.000661
299 0.000661
300 0.000661
301 0.000666
302 0.000665
303 0.000664
304 0.000664
305 0.000663
306 0.000666
307 0.000668
308 0.000667
309 0.000667
310 0.000666
311 0.000666
312 0.000670
313 0.000670
314 0.000669
315 0.000669
316 0.000668
317 0.000670
318 0.000672
319 0.000671
320 0.000670
321 0.000670
322 0.000669
323 0.000673
324 0.000673
325 0.000672
326 0.000671
327 0.000670
328 0.000672
329 0.000673
330 0.000673
331 0.000672
