0 0.302882
1 0.000001
2 0.000021
3 0.000021
4 0.000021
5 0.000021
6 0.000021
7 0.000020
8 0.000021
9 0.000021
10 0.000021
11 0.000020
12 0.000021
13 0.000021
14 0.000021
15 0.000021
16 0.000021
17 0.000020
18 0.000021
19 0.000021
20 0.000021
21 0.000021
22 0.000021
23 0.000021
24 0.000021
25 0.000021
26 0.000021
27 0.000020
28 0.000021
29 0.000030
30 0.000049
31 0.000049
32 0.000049
33 0.000049
34 0.000049
35 0.000049
36 0.000049
37 0.000049
38 0.000049
39 0.000049
40 0.000052
41 0.000060
42 0.000060
43 0.000060
44 0.000060
45 0.000060
46 0.000066
47 0.000068
48 0.000068
49 0.000068
50 0.000068
51 0.000070
52 0.000076
53 0.000076
54 0.000076
55 0.000076
56 0.000076
57 0.000081
58 0.000083
59 0.000083
60 0.000083
61 0.000083
62 0.000084
63 0.000091
64 0.000091
65 0.000091
66 0.000091
67 0.000091
68 0.000095
69 0.000098
70 0.000098
71 0.000098
72 0.000098
73 0.000099
74 0.000105
75 0.000105
76 0.000105
77 0.000105
78 0.000105
79 0.000109
80 0.000113
81 0.000113
82 0.000113
83 0.000113
84 0.000113
85 0.000120
86 0.000120
87 0.000120
88 0.000120
89 0.000120
90 0.000123
91 0.000127
92 0.000127
93 0.000127
94 0.000127
95 0.000127
96 0.000133
97 0.000134
98 0.000134
99 0.000134
100 0.000134
101 0.000136
102 0.000140
103 0.000140
104 0.000140
105 0.000140
106 0.000140
107 0.000146
108 0.000147
109 0.000147
110 0.000147
111 0.000147
112 0.000149
113 0.000154
114 0.000154
115 0.000154
116 0.000154
117 0.000154
118 0.000159
119 0.000160
120 0.000160
121 0.000160
122 0.000160
123 0.000162
124 0.000167
125 0.000167
126 0.000167
127 0.000166
128 0.000166
129 0.000171
130 0.000173
131 0.000173
132 0.000173
133 0.000173
134 0.000174
135 0.000179
136 0.000179
137 0.000179
138 0.000179
139 0.000179
140 0.000183
141 0.000185
142 0.000185
143 0.000185
144 0.000185
145 0.000186
146 0.000191
147 0.000191
148 0.000191
149 0.000191
150 0.000191
151 0.000194
152 0.000197
153 0.000197
154 0.000197
155 0.000197
156 0.000197
157 0.000203
158 0.000203
159 0.000202
160 0.000202
161 0.000202
162 0.000206
163 0.000208
164 0.000208
165 0.000208
166 0.000208
167 0.000208
168 0.000214
169 0.000214
170 0.000213
171 0.000213
172 0.000213
173 0.000216
174 0.000219
175 0.000219
176 0.000219
177 0.000219
178 0.000218
179 0.000224
180 0.000224
181 0.000224
182 0.000224
183 0.000224
184 0.000226
185 0.000229
186 0.000229
187 0.000229
188 0.000229
189 0.000229
190 0.000234
191 0.000234
192 0.000234
193 0.000234
194 0.000234
195 0.000236
196 0.000239
197 0.000239
198 0.000239
199 0.000239
200 0.000238
201 0.000243
202 0.000244
203 0.000243
204 0.000243
205 0.000243
206 0.000244
207 0.000248
208 0.000248
209 0.000248
210 0.000248
211 0.000248
212 0.000251
213 0.000253
214 0.000252
215 0.000252
216 0.000252
217 0.000253
218 0.000257
219 0.000257
220 0.000257
221 0.000257
222 0.000256
223 0.000260
224 0.000261
225 0.000261
226 0.000261
227 0.000261
228 0.000261
229 0.000265
230 0.000265
231 0.000265
232 0.000265
233 0.000265
234 0.000268
235 0.000269
236 0.000269
237 0.000269
238 0.000269
239 0.000269
240 0.000273
241 0.000273
242 0.000273
243 0.000273
244 0.000272
245 0.000275
246 0.000277
247 0.000277
248 0.000276
249 0.000276
250 0.000276
251 0.000281
252 0.000280
253 0.000280
254 0.000280
255 0.000280
256 0.000282
257 0.000284
258 0.000284
259 0.000283
260 0.000283
261 0.000283
262 0.000287
263 0.000287
264 0.000287
265 0.000287
266 0.000286
267 0.000288
268 0.000290
269 0.000290
270 0.000290
271 0.000290
272 0.000289
273 0.000293
274 0.000293
275 0.000293
276 0.000293
277 0.000293
278 0.000294
279 0.000297
280 0.000297
281 0.000296
282 0.000296
283 0.000296
284 0.000300
285 0.000300
286 0.000300
287 0.000300
288 0.000300
289 0.000302
290 0.000305
291 0.000305
292 0.000305
293 0.000305
294 0.000305
295 0.000308
296 0.000310
297 0.000310
298 0.000310
299 0.000310
300 0.000311
301 0.000315
302 0.000315
303 0.000315
304 0.000315
305 0.000315
306 0.000318
307 0.000320
308 0.000320
309 0.000320
310 0.000320
311 0.000321
312 0.000325
313 0.000325
314 0.000325
315 0.000325
316 0.000326
317 0.000328
318 0.000330
319 0.000330
320 0.000330
321 0.000331
322 0.000331
323 0.000335
324 0.000335
325 0.000335
326 0.000336
327 0.000336
328 0.000338
329 0.000340
330 0.000340
331 0.000341
