0 0.307446
1 0.000001
2 0.000038
3 0.000038
4 0.000038
5 0.000038
6 0.000038
7 0.000038
8 0.000038
9 0.000038
10 0.000038
11 0.000038
12 0.000038
13 0.000038
14 0.000038
15 0.000038
16 0.000038
17 0.000038
18 0.000038
19 0.000038
20 0.000038
21 0.000038
22 0.000038
23 0.000038
24 0.000038
25 0.000038
26 0.000038
27 0.000038
28 0.000038
29 0.000038
30 0.000038
31 0.000038
32 0.000038
33 0.000038
34 0.000038
35 0.000077
36 0.000087
37 0.000087
38 0.000087
39 0.000087
40 0.000087
41 0.000087
42 0.000087
43 0.000087
44 0.000087
45 0.000087
46 0.000104
47 0.000111
48 0.000111
49 0.000111
50 0.000111
51 0.000111
52 0.000111
53 0.000111
54 0.000111
55 0.000111
56 0.000111
57 0.000127
58 0.000134
59 0.000134
60 0.000134
61 0.000134
62 0.000134
63 0.000134
64 0.000134
65 0.000134
66 0.000134
67 0.000134
68 0.000148
69 0.000157
70 0.000157
71 0.000157
72 0.000157
73 0.000157
74 0.000157
75 0.000157
76 0.000157
77 0.000157
78 0.000157
79 0.000166
80 0.000174
81 0.000174
82 0.000174
83 0.000174
84 0.000174
85 0.000186
86 0.000186
87 0.000186
88 0.000186
89 0.000186
90 0.000191
91 0.000197
92 0.000197
93 0.000197
94 0.000197
95 0.000197
96 0.000207
97 0.000208
98 0.000208
99 0.000208
100 0.000208
101 0.000212
102 0.000219
103 0.000219
104 0.000219
105 0.000219
106 0.000219
107 0.000228
108 0.000230
109 0.000230
110 0.000229
111 0.000229
112 0.000233
113 0.000240
114 0.000240
115 0.000240
116 0.000240
117 0.000240
118 0.000249
119 0.000251
120 0.000251
121 0.000251
122 0.000251
123 0.000254
124 0.000262
125 0.000262
126 0.000262
127 0.000262
128 0.000262
129 0.000270
130 0.000272
131 0.000272
132 0.000272
133 0.000272
134 0.000275
135 0.000283
136 0.000283
137 0.000283
138 0.000283
139 0.000283
140 0.000290
141 0.000294
142 0.000294
143 0.000294
144 0.000294
145 0.000295
146 0.000304
147 0.000304
148 0.000304
149 0.000304
150 0.000304
151 0.000310
152 0.000315
153 0.000315
154 0.000315
155 0.000315
156 0.000316
157 0.000325
158 0.000325
159 0.000325
160 0.000325
161 0.000326
162 0.000331
163 0.000336
164 0.000336
165 0.000336
166 0.000336
167 0.000336
168 0.000346
169 0.000347
170 0.000346
171 0.000347
172 0.000347
173 0.000351
174 0.000357
175 0.000357
176 0.000357
177 0.000357
178 0.000357
179 0.000367
180 0.000367
181 0.000367
182 0.000368
183 0.000368
184 0.000372
185 0.000378
186 0.000378
187 0.000378
188 0.000378
189 0.000378
190 0.000387
191 0.000388
192 0.000388
193 0.000389
194 0.000389
195 0.000392
196 0.000399
197 0.000399
198 0.000399
199 0.000399
200 0.000399
201 0.000407
202 0.000409
203 0.000409
204 0.000409
205 0.000409
206 0.000412
207 0.000419
208 0.000419
209 0.000419
210 0.000419
211 0.000419
212 0.000426
213 0.000429
214 0.000429
215 0.000429
216 0.000429
217 0.000431
218 0.000439
219 0.000439
220 0.000439
221 0.000439
222 0.000439
223 0.000446
224 0.000449
225 0.000449
226 0.000449
227 0.000449
228 0.000451
229 0.000459
230 0.000459
231 0.000459
232 0.000459
233 0.000459
234 0.000465
235 0.000469
236 0.000469
237 0.000469
238 0.000469
239 0.000470
240 0.000478
241 0.000478
242 0.000478
243 0.000478
244 0.000478
245 0.000483
246 0.000488
247 0.000488
248 0.000488
249 0.000488
250 0.000488
251 0.000497
252 0.000497
253 0.000497
254 0.000497
255 0.000497
256 0.000501
257 0.000506
258 0.000506
259 0.000506
260 0.000506
261 0.000507
262 0.000515
263 0.000516
264 0.000516
265 0.000516
266 0.000516
267 0.000520
268 0.000525
269 0.000525
270 0.000525
271 0.000525
272 0.000526
273 0.000533
274 0.000535
275 0.000535
276 0.000535
277 0.000535
278 0.000538
279 0.000544
280 0.000544
281 0.000544
282 0.000544
283 0.000544
284 0.000551
285 0.000553
286 0.000553
287 0.000553
288 0.000553
289 0.000556
290 0.000562
291 0.000563
292 0.000563
293 0.000563
294 0.000563
295 0.000569
296 0.000572
297 0.000572
298 0.000572
299 0.000572
300 0.000574
301 0.000581
302 0.000581
303 0.000581
304 0.000581
305 0.000581
306 0.000587
307 0.000589
308 0.000589
309 0.000589
310 0.000589
311 0.000590
312 0.000598
313 0.000598
314 0.000598
315 0.000598
316 0.000598
317 0.000603
318 0.000606
319 0.000606
320 0.000606
321 0.000606
322 0.000607
323 0.000615
324 0.000615
325 0.000615
326 0.000615
327 0.000615
328 0.000619
329 0.000623
330 0.000623
331 0.000623
