0 0.360646
1 0.000001
2 0.000203
3 0.000203
4 0.000203
5 0.000295
6 0.000498
7 0.000588
8 0.000690
9 0.000807
10 0.000878
11 0.001021
12 0.001063
13 0.001231
14 0.001260
15 0.001420
16 0.001464
17 0.001595
18 0.001663
19 0.001766
20 0.001859
21 0.001934
22 0.002051
23 0.002100
24 0.002239
25 0.002267
26 0.002420
27 0.002452
28 0.002579
29 0.002633
30 0.002735
31 0.002811
32 0.002891
33 0.002987
34 0.003045
35 0.003161
36 0.003198
37 0.003333
38 0.003364
39 0.003490
40 0.003536
41 0.003640
42 0.003707
43 0.003793
44 0.003877
45 0.003944
46 0.004044
47 0.004091
48 0.004205
49 0.004239
50 0.004355
51 0.004390
52 0.004487
53 0.004537
54 0.004614
55 0.004677
56 0.004738
57 0.004811
58 0.004853
59 0.004933
60 0.004955
61 0.005038
62 0.005051
63 0.005116
64 0.005136
65 0.005184
66 0.005210
67 0.005243
68 0.005275
69 0.005292
70 0.005328
71 0.005332
72 0.005368
73 0.005364
74 0.005393
75 0.005387
76 0.005404
77 0.005401
78 0.005406
79 0.005404
80 0.005397
81 0.005393
82 0.005377
83 0.005370
84 0.005347
85 0.005341
86 0.005318
87 0.005308
88 0.005292
89 0.005282
90 0.005268
91 0.005254
92 0.005238
93 0.005222
94 0.005205
95 0.005193
96 0.005183
97 0.005192
98 0.005195
99 0.005206
100 0.005211
101 0.005220
102 0.005226
103 0.005230
104 0.005238
105 0.005237
106 0.005248
107 0.005239
108 0.005254
109 0.005238
110 0.005252
111 0.005239
112 0.005245
113 0.005236
114 0.005234
115 0.005231
116 0.005218
117 0.005222
118 0.005197
119 0.005210
120 0.005171
121 0.005186
122 0.005149
123 0.005154
124 0.005125
125 0.005117
126 0.005097
127 0.005074
128 0.005065
129 0.005025
130 0.005028
131 0.004969
132 0.004983
133 0.004911
134 0.004919
135 0.004858
136 0.004847
137 0.004801
138 0.004768
139 0.004737
140 0.004680
141 0.004667
142 0.004583
143 0.004589
144 0.004478
145 0.004484
146 0.004382
147 0.004366
148 0.004282
149 0.004237
150 0.004173
151 0.004096
152 0.004054
153 0.003943
154 0.003926
155 0.003778
156 0.003773
157 0.003611
158 0.003590
159 0.003450
160 0.003391
161 0.003276
162 0.003176
163 0.003090
164 0.002946
165 0.002889
166 0.002699
167 0.002676
168 0.002436
169 0.002407
170 0.002196
171 0.002122
172 0.001943
173 0.001820
174 0.001677
175 0.001502
176 0.001398
177 0.001170
178 0.001106
179 0.000823
180 0.000761
181 0.000329
182 0.000330
183 0.000330
184 0.000200
185 0.000016
186 0.000016
187 0.000016
188 0.000016
189 0.000016
190 0.000016
191 0.000038
192 0.001001
193 0.001000
194 0.000998
195 0.001092
196 0.001279
197 0.001367
198 0.001459
199 0.001573
200 0.001634
201 0.001772
202 0.001803
203 0.001965
204 0.001986
205 0.002132
206 0.002171
207 0.002287
208 0.002349
209 0.002436
210 0.002522
211 0.002581
212 0.002688
213 0.002722
214 0.002850
215 0.002865
216 0.002999
217 0.003020
218 0.003129
219 0.003172
220 0.003255
221 0.003319
222 0.003379
223 0.003463
224 0.003502
225 0.003605
226 0.003623
227 0.003744
228 0.003758
229 0.003864
230 0.003893
231 0.003974
232 0.004021
233 0.004079
234 0.004139
235 0.004172
236 0.004242
237 0.004247
238 0.004322
239 0.004307
240 0.004372
241 0.004355
242 0.004393
243 0.004386
244 0.004401
245 0.004406
246 0.004404
247 0.004420
248 0.004401
249 0.004426
250 0.004392
251 0.004427
252 0.004390
253 0.004408
254 0.004383
255 0.004385
256 0.004368
257 0.004356
258 0.004347
259 0.004321
260 0.004321
261 0.004291
262 0.004310
263 0.004286
264 0.004313
265 0.004304
266 0.004329
267 0.004335
268 0.004352
269 0.004365
270 0.004372
271 0.004393
272 0.004391
273 0.004417
274 0.004409
275 0.004438
276 0.004430
277 0.004451
278 0.004449
279 0.004462
280 0.004466
281 0.004471
282 0.004480
283 0.004479
284 0.004492
285 0.004485
286 0.004502
287 0.004492
288 0.004505
289 0.004497
290 0.004503
291 0.004499
292 0.004499
293 0.004499
294 0.004493
295 0.004496
296 0.004486
297 0.004491
298 0.004478
299 0.004482
300 0.004470
301 0.004470
302 0.004460
303 0.004456
304 0.004449
305 0.004441
306 0.004435
307 0.004424
308 0.004420
309 0.004408
310 0.004405
311 0.004392
312 0.004387
313 0.004375
314 0.004367
315 0.004356
316 0.004347
317 0.004337
318 0.004326
319 0.004316
320 0.004304
321 0.004294
322 0.004281
323 0.004269
324 0.004257
325 0.004244
326 0.004232
327 0.004218
328 0.004205
329 0.004191
330 0.004177
331 0.004163
