0 0.357279
1 0.000001
2 0.000085
3 0.000086
4 0.000086
5 0.000086
6 0.000085
7 0.000086
8 0.000086
9 0.000086
10 0.000086
11 0.000153
12 0.000175
13 0.000174
14 0.000179
15 0.000227
16 0.000227
17 0.000227
18 0.000248
19 0.000280
20 0.000280
21 0.000280
22 0.000308
23 0.000319
24 0.000342
25 0.000346
26 0.000370
27 0.000378
28 0.000418
29 0.000426
30 0.000442
31 0.000454
32 0.000467
33 0.000483
34 0.000491
35 0.000510
36 0.000515
37 0.000538
38 0.000543
39 0.000575
40 0.000581
41 0.000598
42 0.000608
43 0.000621
44 0.000635
45 0.000644
46 0.000661
47 0.000667
48 0.000695
49 0.000700
50 0.000721
51 0.000726
52 0.000743
53 0.000751
54 0.000765
55 0.000780
56 0.000795
57 0.000809
58 0.000816
59 0.000834
60 0.000838
61 0.000858
62 0.000863
63 0.000887
64 0.000893
65 0.000908
66 0.000917
67 0.000929
68 0.000941
69 0.000949
70 0.000968
71 0.000975
72 0.000993
73 0.000997
74 0.001015
75 0.001021
76 0.001039
77 0.001047
78 0.001059
79 0.001069
80 0.001079
81 0.001094
82 0.001102
83 0.001118
84 0.001121
85 0.001140
86 0.001143
87 0.001163
88 0.001169
89 0.001182
90 0.001190
91 0.001200
92 0.001214
93 0.001223
94 0.001237
95 0.001242
96 0.001258
97 0.001262
98 0.001281
99 0.001287
100 0.001300
101 0.001308
102 0.001319
103 0.001331
104 0.001341
105 0.001354
106 0.001360
107 0.001375
108 0.001380
109 0.001399
110 0.001404
111 0.001418
112 0.001426
113 0.001438
114 0.001449
115 0.001460
116 0.001472
117 0.001481
118 0.001495
119 0.001502
120 0.001520
121 0.001526
122 0.001542
123 0.001549
124 0.001563
125 0.001573
126 0.001586
127 0.001598
128 0.001609
129 0.001623
130 0.001631
131 0.001649
132 0.001657
133 0.001674
134 0.001683
135 0.001699
136 0.001710
137 0.001725
138 0.001738
139 0.001751
140 0.001766
141 0.001778
142 0.001796
143 0.001807
144 0.001827
145 0.001838
146 0.001857
147 0.001871
148 0.001889
149 0.001905
150 0.001922
151 0.001940
152 0.001957
153 0.001978
154 0.001994
155 0.002017
156 0.002033
157 0.002058
158 0.002076
159 0.002099
160 0.002120
161 0.002144
162 0.002168
163 0.002191
164 0.002217
165 0.002241
166 0.002270
167 0.002294
168 0.002327
169 0.002352
170 0.002384
171 0.002413
172 0.002446
173 0.002478
174 0.002512
175 0.002547
176 0.002582
177 0.002622
178 0.002659
179 0.002703
180 0.002743
181 0.002789
182 0.002834
183 0.002885
184 0.002936
185 0.002990
186 0.003046
187 0.003105
188 0.003170
189 0.003235
190 0.003308
191 0.003380
192 0.003459
193 0.003540
194 0.003626
195 0.003705
196 0.003787
197 0.003864
198 0.003937
199 0.004011
200 0.004069
201 0.004100
202 0.004116
203 0.004127
204 0.004136
205 0.004147
206 0.004156
207 0.004165
208 0.004172
209 0.004179
210 0.004190
211 0.004205
212 0.004223
213 0.004246
214 0.004271
215 0.004302
216 0.004335
217 0.004379
218 0.004433
219 0.004490
220 0.004536
221 0.004582
222 0.004632
223 0.004691
224 0.004767
225 0.004857
226 0.004971
227 0.005090
228 0.005240
229 0.005408
230 0.005607
231 0.005839
232 0.006117
233 0.006452
234 0.006846
235 0.007332
236 0.007808
237 0.008269
238 0.008741
239 0.009265
240 0.009817
241 0.010494
242 0.011228
243 0.011975
244 0.012574
245 0.012600
246 0.010983
247 0.009184
248 0.007391
249 0.005627
250 0.004055
251 0.002671
252 0.002115
253 0.002073
254 0.002077
255 0.002079
256 0.002083
257 0.002086
258 0.002088
259 0.002092
260 0.002087
261 0.002091
262 0.002089
263 0.002095
264 0.002095
265 0.002099
266 0.002099
267 0.002103
268 0.002105
269 0.002107
270 0.002109
271 0.002109
272 0.002113
273 0.002093
274 0.002097
275 0.002094
276 0.002098
277 0.002096
278 0.002101
279 0.002104
280 0.002106
281 0.002107
282 0.002107
283 0.002111
284 0.002109
285 0.002115
286 0.002110
287 0.002118
288 0.002130
289 0.002135
290 0.002133
291 0.002136
292 0.002136
293 0.002136
294 0.002139
295 0.002136
296 0.002141
297 0.002162
298 0.002174
299 0.002197
300 0.002210
301 0.002236
302 0.002128
303 0.002243
304 0.002255
305 0.002268
306 0.002602
307 0.002802
308 0.002850
309 0.002855
310 0.003369
311 0.003419
312 0.003704
313 0.003790
314 0.004019
315 0.004164
316 0.004351
317 0.004531
318 0.004647
319 0.004886
320 0.004953
321 0.005217
322 0.005249
323 0.005528
324 0.005574
325 0.005781
326 0.005874
327 0.006040
328 0.006163
329 0.006268
330 0.006438
331 0.006501
