0 0.357279
1 0.000001
2 0.000028
3 0.000029
4 0.000028
5 0.000029
6 0.000029
7 0.000028
8 0.000029
9 0.000028
10 0.000029
11 0.000029
12 0.000028
13 0.000029
14 0.000028
15 0.000029
16 0.000028
17 0.000029
18 0.000029
19 0.000028
20 0.000029
21 0.000028
22 0.000029
23 0.000029
24 0.000028
25 0.000029
26 0.000028
27 0.000029
28 0.000029
29 0.000038
30 0.000058
31 0.000058
32 0.000058
33 0.000058
34 0.000058
35 0.000058
36 0.000058
37 0.000058
38 0.000058
39 0.000058
40 0.000063
41 0.000076
42 0.000076
43 0.000076
44 0.000076
45 0.000076
46 0.000076
47 0.000076
48 0.000076
49 0.000076
50 0.000076
51 0.000079
52 0.000093
53 0.000093
54 0.000093
55 0.000093
56 0.000093
57 0.000093
58 0.000094
59 0.000093
60 0.000093
61 0.000093
62 0.000095
63 0.000106
64 0.000106
65 0.000106
66 0.000106
67 0.000106
68 0.000111
69 0.000115
70 0.000115
71 0.000115
72 0.000115
73 0.000116
74 0.000123
75 0.000124
76 0.000123
77 0.000124
78 0.000123
79 0.000132
80 0.000140
81 0.000139
82 0.000140
83 0.000139
84 0.000139
85 0.000148
86 0.000147
87 0.000148
88 0.000147
89 0.000148
90 0.000152
91 0.000156
92 0.000156
93 0.000156
94 0.000156
95 0.000156
96 0.000163
97 0.000164
98 0.000163
99 0.000164
100 0.000164
101 0.000167
102 0.000172
103 0.000172
104 0.000172
105 0.000172
106 0.000172
107 0.000179
108 0.000180
109 0.000180
110 0.000180
111 0.000180
112 0.000184
113 0.000192
114 0.000192
115 0.000192
116 0.000192
117 0.000192
118 0.000198
119 0.000199
120 0.000200
121 0.000199
122 0.000200
123 0.000202
124 0.000207
125 0.000207
126 0.000207
127 0.000207
128 0.000207
129 0.000213
130 0.000215
131 0.000214
132 0.000215
133 0.000215
134 0.000217
135 0.000222
136 0.000222
137 0.000223
138 0.000222
139 0.000223
140 0.000230
141 0.000233
142 0.000233
143 0.000233
144 0.000233
145 0.000234
146 0.000240
147 0.000241
148 0.000241
149 0.000241
150 0.000241
151 0.000245
152 0.000248
153 0.000248
154 0.000248
155 0.000248
156 0.000248
157 0.000255
158 0.000255
159 0.000255
160 0.000255
161 0.000255
162 0.000261
163 0.000265
164 0.000265
165 0.000265
166 0.000265
167 0.000265
168 0.000272
169 0.000273
170 0.000272
171 0.000272
172 0.000273
173 0.000276
174 0.000280
175 0.000280
176 0.000279
177 0.000280
178 0.000279
179 0.000286
180 0.000287
181 0.000286
182 0.000287
183 0.000287
184 0.000290
185 0.000296
186 0.000296
187 0.000296
188 0.000296
189 0.000296
190 0.000302
191 0.000303
192 0.000303
193 0.000303
194 0.000303
195 0.000305
196 0.000309
197 0.000310
198 0.000310
199 0.000310
200 0.000310
201 0.000315
202 0.000317
203 0.000317
204 0.000317
205 0.000317
206 0.000319
207 0.000325
208 0.000325
209 0.000326
210 0.000326
211 0.000325
212 0.000330
213 0.000332
214 0.000332
215 0.000332
216 0.000332
217 0.000334
218 0.000339
219 0.000339
220 0.000339
221 0.000339
222 0.000339
223 0.000344
224 0.000347
225 0.000347
226 0.000347
227 0.000347
228 0.000347
229 0.000353
230 0.000354
231 0.000353
232 0.000354
233 0.000353
234 0.000357
235 0.000360
236 0.000360
237 0.000360
238 0.000360
239 0.000360
240 0.000368
241 0.000367
242 0.000368
243 0.000368
244 0.000368
245 0.000371
246 0.000374
247 0.000374
248 0.000374
249 0.000374
250 0.000374
251 0.000380
252 0.000381
253 0.000381
254 0.000380
255 0.000381
256 0.000384
257 0.000388
258 0.000388
259 0.000388
260 0.000388
261 0.000388
262 0.000394
263 0.000394
264 0.000394
265 0.000395
266 0.000394
267 0.000397
268 0.000401
269 0.000400
270 0.000401
271 0.000401
272 0.000401
273 0.000407
274 0.000408
275 0.000408
276 0.000408
277 0.000409
278 0.000410
279 0.000414
280 0.000415
281 0.000415
282 0.000414
283 0.000415
284 0.000419
285 0.000421
286 0.000420
287 0.000421
288 0.000421
289 0.000423
290 0.000428
291 0.000428
292 0.000428
293 0.000428
294 0.000428
295 0.000432
296 0.000434
297 0.000434
298 0.000434
299 0.000434
300 0.000436
301 0.000440
302 0.000440
303 0.000440
304 0.000441
305 0.000441
306 0.000445
307 0.000447
308 0.000447
309 0.000448
310 0.000448
311 0.000449
312 0.000453
313 0.000454
314 0.000454
315 0.000454
316 0.000454
317 0.000457
318 0.000460
319 0.000460
320 0.000460
321 0.000461
322 0.000461
323 0.000467
324 0.000467
325 0.000467
326 0.000468
327 0.000468
328 0.000471
329 0.000473
330 0.000473
331 0.000474
