0 0.300358
1 0.000001
2 0.000062
3 0.000062
4 0.000062
5 0.000091
6 0.000154
7 0.000182
8 0.000215
9 0.000252
10 0.000274
11 0.000319
12 0.000332
13 0.000386
14 0.000395
15 0.000447
16 0.000460
17 0.000502
18 0.000523
19 0.000556
20 0.000585
21 0.000609
22 0.000646
23 0.000661
24 0.000706
25 0.000713
26 0.000762
27 0.000770
28 0.000811
29 0.000826
30 0.000858
31 0.000881
32 0.000905
33 0.000934
34 0.000950
35 0.000986
36 0.000994
37 0.001037
38 0.001043
39 0.001082
40 0.001092
41 0.001124
42 0.001141
43 0.001165
44 0.001188
45 0.001205
46 0.001234
47 0.001244
48 0.001279
49 0.001283
50 0.001321
51 0.001327
52 0.001357
53 0.001369
54 0.001392
55 0.001409
56 0.001426
57 0.001449
58 0.001459
59 0.001487
60 0.001491
61 0.001523
62 0.001526
63 0.001554
64 0.001561
65 0.001583
66 0.001594
67 0.001610
68 0.001627
69 0.001637
70 0.001658
71 0.001662
72 0.001687
73 0.001689
74 0.001713
75 0.001717
76 0.001736
77 0.001743
78 0.001757
79 0.001769
80 0.001780
81 0.001797
82 0.001804
83 0.001824
84 0.001827
85 0.001852
86 0.001854
87 0.001874
88 0.001880
89 0.001895
90 0.001905
91 0.001916
92 0.001928
93 0.001934
94 0.001949
95 0.001951
96 0.001967
97 0.001967
98 0.001982
99 0.001982
100 0.001992
101 0.001994
102 0.002000
103 0.002005
104 0.002007
105 0.002013
106 0.002012
107 0.002020
108 0.002016
109 0.002024
110 0.002020
111 0.002024
112 0.002020
113 0.002021
114 0.002019
115 0.002018
116 0.002018
117 0.002015
118 0.002017
119 0.002011
120 0.002015
121 0.002009
122 0.002012
123 0.002008
124 0.002009
125 0.002006
126 0.002005
127 0.002003
128 0.002001
129 0.002001
130 0.001998
131 0.002000
132 0.001996
133 0.001998
134 0.001995
135 0.001996
136 0.001994
137 0.001997
138 0.002002
139 0.002008
140 0.002017
141 0.002028
142 0.002041
143 0.002054
144 0.002073
145 0.002089
146 0.002107
147 0.002126
148 0.002155
149 0.002185
150 0.002214
151 0.002241
152 0.002266
153 0.002290
154 0.002314
155 0.002339
156 0.002364
157 0.002387
158 0.002410
159 0.002430
160 0.002448
161 0.002465
162 0.002479
163 0.002492
164 0.002503
165 0.002513
166 0.002520
167 0.002528
168 0.002531
169 0.002537
170 0.002537
171 0.002539
172 0.002536
173 0.002531
174 0.002523
175 0.002511
176 0.002499
177 0.002479
178 0.002460
179 0.002431
180 0.002403
181 0.002364
182 0.002331
183 0.002294
184 0.002262
185 0.002228
186 0.002196
187 0.002166
188 0.002133
189 0.002106
190 0.002073
191 0.002051
192 0.002018
193 0.001997
194 0.001968
195 0.001947
196 0.001922
197 0.001900
198 0.001879
199 0.001856
200 0.001838
201 0.001814
202 0.001800
203 0.001774
204 0.001764
205 0.001741
206 0.001730
207 0.001711
208 0.001697
209 0.001681
210 0.001666
211 0.001653
212 0.001635
213 0.001626
214 0.001604
215 0.001597
216 0.001571
217 0.001559
218 0.001534
219 0.001518
220 0.001495
221 0.001476
222 0.001458
223 0.001436
224 0.001421
225 0.001395
226 0.001384
227 0.001354
228 0.001344
229 0.001316
230 0.001302
231 0.001277
232 0.001259
233 0.001238
234 0.001216
235 0.001198
236 0.001171
237 0.001157
238 0.001125
239 0.001115
240 0.001083
241 0.001071
242 0.001043
243 0.001027
244 0.001005
245 0.000985
246 0.000967
247 0.000943
248 0.000929
249 0.000901
250 0.000892
251 0.000859
252 0.000851
253 0.000823
254 0.000810
255 0.000786
256 0.000769
257 0.000750
258 0.000729
259 0.000714
260 0.000688
261 0.000679
262 0.000647
263 0.000640
264 0.000609
265 0.000600
266 0.000574
267 0.000559
268 0.000538
269 0.000518
270 0.000503
271 0.000478
272 0.000467
273 0.000436
274 0.000431
275 0.000397
276 0.000390
277 0.000362
278 0.000350
279 0.000326
280 0.000309
281 0.000291
282 0.000267
283 0.000254
284 0.000209
285 0.000198
286 0.000198
287 0.000188
288 0.000101
289 0.000101
290 0.000101
291 0.000101
292 0.000101
293 0.000043
294 0.000001
295 0.000001
296 0.000001
297 0.000206
298 0.000238
299 0.000380
300 0.000408
301 0.000523
302 0.000571
303 0.000660
304 0.000730
305 0.000798
306 0.000890
307 0.000937
308 0.001047
309 0.001073
310 0.001202
311 0.001226
312 0.001339
313 0.001379
314 0.001471
315 0.001530
316 0.001603
317 0.001680
318 0.001734
319 0.001829
320 0.001865
321 0.001976
322 0.002003
323 0.002115
324 0.002149
325 0.002243
326 0.002294
327 0.002371
328 0.002436
329 0.002495
330 0.002573
331 0.002605
