0 0.266620
1 0.000001
2 0.000171
3 0.000189
4 0.000313
5 0.000363
6 0.000477
7 0.000553
8 0.000641
9 0.000742
10 0.000801
11 0.000923
12 0.000955
13 0.001097
14 0.001116
15 0.001248
16 0.001286
17 0.001421
18 0.001469
19 0.001544
20 0.001609
21 0.001658
22 0.001754
23 0.001786
24 0.001883
25 0.001890
26 0.001995
27 0.002005
28 0.002100
29 0.002123
30 0.002181
31 0.002223
32 0.002267
33 0.002315
34 0.002335
35 0.002405
36 0.002410
37 0.002482
38 0.002485
39 0.002562
40 0.002575
41 0.002629
42 0.002660
43 0.002709
44 0.002755
45 0.002794
46 0.002867
47 0.002906
48 0.002995
49 0.003036
50 0.003145
51 0.003193
52 0.003285
53 0.003348
54 0.003434
55 0.003507
56 0.003580
57 0.003669
58 0.003736
59 0.003834
60 0.003891
61 0.004006
62 0.004066
63 0.004169
64 0.004238
65 0.004334
66 0.004409
67 0.004490
68 0.004573
69 0.004644
70 0.004726
71 0.004780
72 0.004864
73 0.004905
74 0.004978
75 0.005017
76 0.005083
77 0.005132
78 0.005191
79 0.005245
80 0.005298
81 0.005355
82 0.005402
83 0.005458
84 0.005496
85 0.005548
86 0.005586
87 0.005638
88 0.005680
89 0.005726
90 0.005769
91 0.005813
92 0.005856
93 0.005899
94 0.005940
95 0.005984
96 0.006021
97 0.006065
98 0.006100
99 0.006142
100 0.006176
101 0.006214
102 0.006248
103 0.006284
104 0.006322
105 0.006348
106 0.006389
107 0.006404
108 0.006446
109 0.006448
110 0.006488
111 0.006491
112 0.006519
113 0.006525
114 0.006538
115 0.006548
116 0.006544
117 0.006559
118 0.006536
119 0.006560
120 0.006518
121 0.006544
122 0.006501
123 0.006517
124 0.006487
125 0.006482
126 0.006459
127 0.006437
128 0.006432
129 0.006382
130 0.006395
131 0.006347
132 0.006412
133 0.006380
134 0.006477
135 0.006488
136 0.006555
137 0.006570
138 0.006606
139 0.006643
140 0.006633
141 0.006687
142 0.006641
143 0.006722
144 0.006617
145 0.006694
146 0.006600
147 0.006619
148 0.006514
149 0.006458
150 0.006359
151 0.006223
152 0.006135
153 0.005944
154 0.005892
155 0.005632
156 0.005600
157 0.005341
158 0.005288
159 0.005056
160 0.004957
161 0.004781
162 0.004616
163 0.004474
164 0.004262
165 0.004176
166 0.003901
167 0.003865
168 0.003489
169 0.003447
170 0.003146
171 0.003041
172 0.002788
173 0.002615
174 0.002415
175 0.002119
176 0.001961
177 0.001638
178 0.001548
179 0.000942
180 0.000901
181 0.000902
182 0.000684
183 0.000081
184 0.000081
185 0.000081
186 0.000081
187 0.000081
188 0.000081
189 0.000081
190 0.000389
191 0.000450
192 0.000571
193 0.000592
194 0.000692
195 0.000731
196 0.000810
197 0.000866
198 0.000925
199 0.000998
200 0.001036
201 0.001125
202 0.001144
203 0.001248
204 0.001261
205 0.001354
206 0.001378
207 0.001452
208 0.001491
209 0.001546
210 0.001586
211 0.001619
212 0.001685
213 0.001704
214 0.001782
215 0.001789
216 0.001871
217 0.001880
218 0.001943
219 0.001965
220 0.002013
221 0.002048
222 0.002080
223 0.002125
224 0.002142
225 0.002198
226 0.002200
227 0.002267
228 0.002267
229 0.002322
230 0.002331
231 0.002370
232 0.002390
233 0.002417
234 0.002446
235 0.002461
236 0.002498
237 0.002500
238 0.002547
239 0.002542
240 0.002588
241 0.002587
242 0.002620
243 0.002628
244 0.002650
245 0.002666
246 0.002678
247 0.002701
248 0.002703
249 0.002733
250 0.002726
251 0.002763
252 0.002755
253 0.002781
254 0.002781
255 0.002799
256 0.002805
257 0.002813
258 0.002826
259 0.002827
260 0.002844
261 0.002838
262 0.002861
263 0.002851
264 0.002872
265 0.002865
266 0.002878
267 0.002877
268 0.002883
269 0.002888
270 0.002888
271 0.002896
272 0.002890
273 0.002903
274 0.002893
275 0.002907
276 0.002897
277 0.002907
278 0.002901
279 0.002905
280 0.002903
281 0.002902
282 0.002904
283 0.002898
284 0.002903
285 0.002894
286 0.002901
287 0.002890
288 0.002895
289 0.002887
290 0.002888
291 0.002882
292 0.002880
293 0.002876
294 0.002871
295 0.002870
296 0.002861
297 0.002862
298 0.002851
299 0.002852
300 0.002842
301 0.002840
302 0.002833
303 0.002828
304 0.002821
305 0.002815
306 0.002810
307 0.002801
308 0.002797
309 0.002787
310 0.002784
311 0.002774
312 0.002769
313 0.002761
314 0.002759
315 0.002759
316 0.002761
317 0.002764
318 0.002766
319 0.002770
320 0.002772
321 0.002775
322 0.002777
323 0.002780
324 0.002782
325 0.002783
326 0.002785
327 0.002787
328 0.002790
329 0.002793
330 0.002795
331 0.002799
