0 0.353594
1 0.000001
2 0.000535
3 0.000534
4 0.000533
5 0.000533
6 0.000532
7 0.000844
8 0.001207
9 0.001202
10 0.001509
11 0.001635
12 0.001629
13 0.002023
14 0.002041
15 0.002101
16 0.002435
17 0.002422
18 0.002570
19 0.002793
20 0.002777
21 0.003040
22 0.003184
23 0.003166
24 0.003464
25 0.003491
26 0.003507
27 0.003801
28 0.003780
29 0.003880
30 0.004099
31 0.004076
32 0.004239
33 0.004357
34 0.004338
35 0.004568
36 0.004612
37 0.004606
38 0.004903
39 0.004887
40 0.004948
41 0.005139
42 0.005123
43 0.005252
44 0.005379
45 0.005356
46 0.005524
47 0.005560
48 0.005520
49 0.005733
50 0.005687
51 0.005671
52 0.005787
53 0.005707
54 0.005725
55 0.005765
56 0.005668
57 0.005703
58 0.005666
59 0.005563
60 0.005636
61 0.005548
62 0.005465
63 0.005504
64 0.005402
65 0.005369
66 0.005384
67 0.005302
68 0.005310
69 0.005296
70 0.005232
71 0.005293
72 0.005266
73 0.005229
74 0.005307
75 0.005275
76 0.005281
77 0.005337
78 0.005306
79 0.005333
80 0.005354
81 0.005323
82 0.005377
83 0.005372
84 0.005341
85 0.005409
86 0.005374
87 0.005361
88 0.005398
89 0.005361
90 0.005365
91 0.005374
92 0.005336
93 0.005354
94 0.005337
95 0.005296
96 0.005323
97 0.005285
98 0.005254
99 0.005266
100 0.005221
101 0.005201
102 0.005190
103 0.005144
104 0.005132
105 0.005107
106 0.005061
107 0.005060
108 0.005025
109 0.004989
110 0.004990
111 0.004950
112 0.004925
113 0.004913
114 0.004876
115 0.004860
116 0.004840
117 0.004807
118 0.004796
119 0.004769
120 0.004736
121 0.004727
122 0.004693
123 0.004665
124 0.004647
125 0.004619
126 0.004608
127 0.004597
128 0.004576
129 0.004563
130 0.004544
131 0.004520
132 0.004503
133 0.004476
134 0.004449
135 0.004423
136 0.004391
137 0.004359
138 0.004326
139 0.004290
140 0.004253
141 0.004217
142 0.004182
143 0.004142
144 0.004106
145 0.004072
146 0.004032
147 0.004003
148 0.003972
149 0.003941
150 0.003921
151 0.003896
152 0.003877
153 0.003866
154 0.003845
155 0.003838
156 0.003836
157 0.003820
158 0.003824
159 0.003824
160 0.003817
161 0.003829
162 0.003829
163 0.003833
164 0.003852
165 0.003849
166 0.003865
167 0.003890
168 0.003882
169 0.003911
170 0.003932
171 0.003933
172 0.003966
173 0.003981
174 0.003993
175 0.004032
176 0.004037
177 0.004064
178 0.004107
179 0.004104
180 0.004152
181 0.004197
182 0.004203
183 0.004260
184 0.004294
185 0.004316
186 0.004379
187 0.004398
188 0.004437
189 0.004504
190 0.004505
191 0.004566
192 0.004630
193 0.004625
194 0.004700
195 0.004747
196 0.004762
197 0.004843
198 0.004866
199 0.004903
200 0.004992
201 0.004990
202 0.005053
203 0.005131
204 0.005082
205 0.005156
206 0.005193
207 0.005165
208 0.005229
209 0.005213
210 0.005191
211 0.005246
212 0.005187
213 0.005194
214 0.005239
215 0.005110
216 0.005142
217 0.005145
218 0.005046
219 0.005078
220 0.005023
221 0.004940
222 0.004969
223 0.004875
224 0.004840
225 0.004867
226 0.004697
227 0.004701
228 0.004699
229 0.004547
230 0.004573
231 0.004511
232 0.004385
233 0.004410
234 0.004302
235 0.004238
236 0.004262
237 0.004065
238 0.004045
239 0.004051
240 0.003849
241 0.003869
242 0.003806
243 0.003627
244 0.003646
245 0.003526
246 0.003421
247 0.003439
248 0.003207
249 0.003147
250 0.003162
251 0.002893
252 0.002905
253 0.002850
254 0.002636
255 0.002647
256 0.002482
257 0.002292
258 0.002301
259 0.002087
260 0.001999
261 0.002005
262 0.001706
263 0.001689
264 0.001636
265 0.001351
266 0.001355
267 0.001156
268 0.000887
269 0.000889
270 0.000664
271 0.000536
272 0.000536
273 0.000108
274 0.000107
275 0.000107
276 0.000106
277 0.000107
278 0.000745
279 0.002021
280 0.002020
281 0.002743
282 0.003296
283 0.003296
284 0.004271
285 0.004516
286 0.004554
287 0.005678
288 0.005679
289 0.005976
290 0.006787
291 0.006787
292 0.007314
293 0.007840
294 0.007842
295 0.008572
296 0.008838
297 0.008840
298 0.009750
299 0.009783
300 0.009961
301 0.010670
302 0.010671
303 0.011031
304 0.011502
305 0.011503
306 0.012017
307 0.012273
308 0.012273
309 0.012917
310 0.012989
311 0.013076
312 0.013649
313 0.013649
314 0.013870
315 0.014254
316 0.014253
317 0.014582
318 0.014801
319 0.014800
320 0.015210
321 0.015290
322 0.015318
323 0.015726
324 0.015725
325 0.015839
326 0.016108
327 0.016108
328 0.016284
329 0.016439
330 0.016441
331 0.016653
