0 0.320423
1 0.000001
2 0.000009
3 0.000009
4 0.000012
5 0.000025
6 0.000025
7 0.000032
8 0.000040
9 0.000040
10 0.000051
11 0.000056
12 0.000056
13 0.000070
14 0.000072
15 0.000074
16 0.000087
17 0.000087
18 0.000093
19 0.000102
20 0.000102
21 0.000111
22 0.000116
23 0.000116
24 0.000129
25 0.000131
26 0.000132
27 0.000145
28 0.000145
29 0.000150
30 0.000159
31 0.000159
32 0.000167
33 0.000173
34 0.000173
35 0.000184
36 0.000186
37 0.000187
38 0.000199
39 0.000199
40 0.000203
41 0.000212
42 0.000212
43 0.000219
44 0.000225
45 0.000225
46 0.000234
47 0.000237
48 0.000237
49 0.000249
50 0.000249
51 0.000252
52 0.000261
53 0.000261
54 0.000266
55 0.000273
56 0.000273
57 0.000280
58 0.000284
59 0.000284
60 0.000294
61 0.000295
62 0.000296
63 0.000306
64 0.000306
65 0.000310
66 0.000316
67 0.000316
68 0.000322
69 0.000326
70 0.000326
71 0.000335
72 0.000336
73 0.000337
74 0.000346
75 0.000346
76 0.000349
77 0.000355
78 0.000355
79 0.000360
80 0.000364
81 0.000364
82 0.000371
83 0.000373
84 0.000373
85 0.000382
86 0.000382
87 0.000384
88 0.000390
89 0.000390
90 0.000394
91 0.000398
92 0.000398
93 0.000404
94 0.000406
95 0.000406
96 0.000413
97 0.000414
98 0.000415
99 0.000421
100 0.000421
101 0.000424
102 0.000428
103 0.000428
104 0.000432
105 0.000435
106 0.000434
107 0.000441
108 0.000441
109 0.000442
110 0.000448
111 0.000448
112 0.000450
113 0.000454
114 0.000454
115 0.000457
116 0.000460
117 0.000459
118 0.000464
119 0.000465
120 0.000465
121 0.000471
122 0.000471
123 0.000472
124 0.000476
125 0.000476
126 0.000478
127 0.000481
128 0.000481
129 0.000485
130 0.000486
131 0.000485
132 0.000490
133 0.000490
134 0.000491
135 0.000495
136 0.000495
137 0.000496
138 0.000499
139 0.000499
140 0.000502
141 0.000503
142 0.000502
143 0.000506
144 0.000506
145 0.000507
146 0.000510
147 0.000510
148 0.000511
149 0.000514
150 0.000513
151 0.000515
152 0.000517
153 0.000516
154 0.000519
155 0.000519
156 0.000519
157 0.000522
158 0.000521
159 0.000522
160 0.000524
161 0.000524
162 0.000525
163 0.000526
164 0.000525
165 0.000527
166 0.000527
167 0.000527
168 0.000529
169 0.000529
170 0.000529
171 0.000531
172 0.000530
173 0.000531
174 0.000532
175 0.000531
176 0.000532
177 0.000532
178 0.000532
179 0.000533
180 0.000533
181 0.000533
182 0.000533
183 0.000533
184 0.000533
185 0.000533
186 0.000533
187 0.000533
188 0.000533
189 0.000533
190 0.000533
191 0.000533
192 0.000532
193 0.000533
194 0.000532
195 0.000532
196 0.000532
197 0.000531
198 0.000531
199 0.000531
200 0.000530
201 0.000530
202 0.000529
203 0.000529
204 0.000528
205 0.000528
206 0.000527
207 0.000526
208 0.000526
209 0.000525
210 0.000524
211 0.000524
212 0.000523
213 0.000522
214 0.000521
215 0.000520
216 0.000520
217 0.000519
218 0.000518
219 0.000517
220 0.000516
221 0.000515
222 0.000514
223 0.000513
224 0.000512
225 0.000511
226 0.000509
227 0.000508
228 0.000507
229 0.000506
230 0.000505
231 0.000504
232 0.000502
233 0.000501
234 0.000499
235 0.000498
236 0.000497
237 0.000495
238 0.000494
239 0.000493
240 0.000490
241 0.000490
242 0.000488
243 0.000486
244 0.000485
245 0.000483
246 0.000482
247 0.000481
248 0.000478
249 0.000477
250 0.000476
251 0.000473
252 0.000472
253 0.000471
254 0.000468
255 0.000467
256 0.000465
257 0.000463
258 0.000462
259 0.000459
260 0.000457
261 0.000457
262 0.000453
263 0.000452
264 0.000451
265 0.000447
266 0.000446
267 0.000444
268 0.000441
269 0.000441
270 0.000438
271 0.000435
272 0.000435
273 0.000431
274 0.000430
275 0.000429
276 0.000424
277 0.000424
278 0.000421
279 0.000418
280 0.000417
281 0.000414
282 0.000412
283 0.000411
284 0.000407
285 0.000405
286 0.000405
287 0.000399
288 0.000399
289 0.000397
290 0.000393
291 0.000392
292 0.000389
293 0.000386
294 0.000386
295 0.000381
296 0.000379
297 0.000379
298 0.000373
299 0.000372
300 0.000371
301 0.000366
302 0.000365
303 0.000362
304 0.000359
305 0.000358
306 0.000354
307 0.000352
308 0.000351
309 0.000345
310 0.000344
311 0.000343
312 0.000338
313 0.000337
314 0.000335
315 0.000331
316 0.000330
317 0.000326
318 0.000323
319 0.000323
320 0.000317
321 0.000316
322 0.000315
323 0.000309
324 0.000309
325 0.000306
326 0.000301
327 0.000301
328 0.000297
329 0.000294
330 0.000294
331 0.000288
