0 0.322328
1 0.000001
2 0.000876
3 0.000874
4 0.000873
5 0.000871
6 0.000869
7 0.000868
8 0.000866
9 0.000864
10 0.000863
11 0.000861
12 0.000859
13 0.000858
14 0.000857
15 0.000855
16 0.000853
17 0.000851
18 0.000848
19 0.000848
20 0.000848
21 0.000844
22 0.000843
23 0.000842
24 0.001307
25 0.001376
26 0.001369
27 0.001364
28 0.001356
29 0.001554
30 0.001965
31 0.001958
32 0.001949
33 0.001940
34 0.001932
35 0.002118
36 0.002156
37 0.002143
38 0.002131
39 0.002119
40 0.002239
41 0.002583
42 0.002568
43 0.002551
44 0.002536
45 0.002519
46 0.002614
47 0.002636
48 0.002618
49 0.002601
50 0.002584
51 0.002657
52 0.002992
53 0.002971
54 0.002950
55 0.002929
56 0.002907
57 0.002978
58 0.003000
59 0.002978
60 0.002955
61 0.002932
62 0.002956
63 0.003222
64 0.003196
65 0.003172
66 0.003146
67 0.003121
68 0.003248
69 0.003322
70 0.003294
71 0.003267
72 0.003240
73 0.003231
74 0.003427
75 0.003397
76 0.003369
77 0.003341
78 0.003312
79 0.003406
80 0.003482
81 0.003452
82 0.003422
83 0.003393
84 0.003365
85 0.003549
86 0.003517
87 0.003487
88 0.003457
89 0.003427
90 0.003493
91 0.003569
92 0.003538
93 0.003506
94 0.003476
95 0.003447
96 0.003594
97 0.003574
98 0.003543
99 0.003512
100 0.003482
101 0.003523
102 0.003600
103 0.003568
104 0.003537
105 0.003507
106 0.003476
107 0.003592
108 0.003583
109 0.003551
110 0.003521
111 0.003491
112 0.003514
113 0.003590
114 0.003558
115 0.003526
116 0.003497
117 0.003467
118 0.003558
119 0.003556
120 0.003526
121 0.003496
122 0.003466
123 0.003476
124 0.003549
125 0.003518
126 0.003488
127 0.003458
128 0.003430
129 0.003500
130 0.003506
131 0.003476
132 0.003446
133 0.003418
134 0.003416
135 0.003488
136 0.003459
137 0.003430
138 0.003401
139 0.003374
140 0.003426
141 0.003438
142 0.003409
143 0.003382
144 0.003354
145 0.003343
146 0.003414
147 0.003386
148 0.003358
149 0.003332
150 0.003305
151 0.003343
152 0.003360
153 0.003333
154 0.003307
155 0.003280
156 0.003262
157 0.003331
158 0.003305
159 0.003279
160 0.003253
161 0.003228
162 0.003255
163 0.003276
164 0.003250
165 0.003225
166 0.003201
167 0.003177
168 0.003244
169 0.003219
170 0.003196
171 0.003171
172 0.003148
173 0.003165
174 0.003189
175 0.003165
176 0.003141
177 0.003119
178 0.003096
179 0.003150
180 0.003133
181 0.003110
182 0.003088
183 0.003066
184 0.003076
185 0.003101
186 0.003079
187 0.003057
188 0.003036
189 0.003015
190 0.003058
191 0.003047
192 0.003026
193 0.003005
194 0.002984
195 0.002988
196 0.003015
197 0.002994
198 0.002974
199 0.002954
200 0.002935
201 0.002970
202 0.002963
203 0.002944
204 0.002925
205 0.002905
206 0.002904
207 0.002932
208 0.002913
209 0.002894
210 0.002876
211 0.002857
212 0.002884
213 0.002883
214 0.002864
215 0.002846
216 0.002829
217 0.002823
218 0.002852
219 0.002835
220 0.002817
221 0.002800
222 0.002783
223 0.002804
224 0.002805
225 0.002789
226 0.002772
227 0.002755
228 0.002747
229 0.002777
230 0.002760
231 0.002744
232 0.002728
233 0.002713
234 0.002728
235 0.002733
236 0.002717
237 0.002702
238 0.002687
239 0.002675
240 0.002706
241 0.002691
242 0.002676
243 0.002662
244 0.002646
245 0.002658
246 0.002665
247 0.002651
248 0.002636
249 0.002623
250 0.002609
251 0.002640
252 0.002626
253 0.002613
254 0.002599
255 0.002585
256 0.002593
257 0.002603
258 0.002590
259 0.002577
260 0.002564
261 0.002551
262 0.002578
263 0.002568
264 0.002556
265 0.002543
266 0.002531
267 0.002535
268 0.002547
269 0.002535
270 0.002523
271 0.002512
272 0.002500
273 0.002522
274 0.002515
275 0.002504
276 0.002493
277 0.002482
278 0.002483
279 0.002497
280 0.002485
281 0.002474
282 0.002464
283 0.002453
284 0.002471
285 0.002468
286 0.002457
287 0.002447
288 0.002437
289 0.002436
290 0.002451
291 0.002441
292 0.002431
293 0.002421
294 0.002412
295 0.002426
296 0.002426
297 0.002416
298 0.002407
299 0.002398
300 0.002395
301 0.002412
302 0.002403
303 0.002394
304 0.002385
305 0.002376
306 0.002388
307 0.002390
308 0.002381
309 0.002373
310 0.002365
311 0.002361
312 0.002379
313 0.002371
314 0.002363
315 0.002355
316 0.002347
317 0.002357
318 0.002361
319 0.002353
320 0.002346
321 0.002339
322 0.002333
323 0.002352
324 0.002346
325 0.002338
326 0.002331
327 0.002325
328 0.002333
329 0.002339
330 0.002332
331 0.002326
