0 0.307446
1 0.000001
2 0.000113
3 0.000113
4 0.000113
5 0.000113
6 0.000113
7 0.000113
8 0.000113
9 0.000113
10 0.000113
11 0.000113
12 0.000113
13 0.000251
14 0.000260
15 0.000260
16 0.000278
17 0.000332
18 0.000332
19 0.000332
20 0.000371
21 0.000403
22 0.000402
23 0.000402
24 0.000463
25 0.000472
26 0.000471
27 0.000480
28 0.000523
29 0.000534
30 0.000556
31 0.000572
32 0.000589
33 0.000611
34 0.000622
35 0.000649
36 0.000655
37 0.000686
38 0.000691
39 0.000720
40 0.000729
41 0.000752
42 0.000766
43 0.000784
44 0.000803
45 0.000816
46 0.000840
47 0.000848
48 0.000876
49 0.000881
50 0.000912
51 0.000918
52 0.000943
53 0.000955
54 0.000975
55 0.000991
56 0.001007
57 0.001028
58 0.001038
59 0.001064
60 0.001070
61 0.001100
62 0.001106
63 0.001132
64 0.001142
65 0.001164
66 0.001177
67 0.001195
68 0.001213
69 0.001225
70 0.001248
71 0.001256
72 0.001283
73 0.001288
74 0.001316
75 0.001323
76 0.001346
77 0.001357
78 0.001375
79 0.001391
80 0.001404
81 0.001424
82 0.001432
83 0.001456
84 0.001460
85 0.001488
86 0.001493
87 0.001516
88 0.001525
89 0.001545
90 0.001558
91 0.001573
92 0.001591
93 0.001602
94 0.001623
95 0.001630
96 0.001655
97 0.001660
98 0.001684
99 0.001692
100 0.001712
101 0.001723
102 0.001739
103 0.001753
104 0.001764
105 0.001782
106 0.001790
107 0.001811
108 0.001815
109 0.001839
110 0.001844
111 0.001864
112 0.001872
113 0.001888
114 0.001899
115 0.001911
116 0.001926
117 0.001934
118 0.001952
119 0.001957
120 0.001979
121 0.001982
122 0.002002
123 0.002008
124 0.002024
125 0.002033
126 0.002046
127 0.002058
128 0.002067
129 0.002083
130 0.002088
131 0.002107
132 0.002110
133 0.002130
134 0.002134
135 0.002150
136 0.002157
137 0.002170
138 0.002181
139 0.002190
140 0.002203
141 0.002210
142 0.002226
143 0.002229
144 0.002249
145 0.002251
146 0.002268
147 0.002274
148 0.002289
149 0.002298
150 0.002310
151 0.002324
152 0.002333
153 0.002350
154 0.002358
155 0.002378
156 0.002384
157 0.002406
158 0.002414
159 0.002433
160 0.002445
161 0.002462
162 0.002478
163 0.002493
164 0.002512
165 0.002525
166 0.002548
167 0.002559
168 0.002585
169 0.002597
170 0.002621
171 0.002636
172 0.002658
173 0.002676
174 0.002697
175 0.002719
176 0.002738
177 0.002765
178 0.002782
179 0.002813
180 0.002831
181 0.002862
182 0.002883
183 0.002913
184 0.002937
185 0.002966
186 0.002994
187 0.003022
188 0.003054
189 0.003081
190 0.003118
191 0.003144
192 0.003184
193 0.003212
194 0.003253
195 0.003286
196 0.003325
197 0.003363
198 0.003402
199 0.003444
200 0.003483
201 0.003531
202 0.003570
203 0.003624
204 0.003665
205 0.003720
206 0.003767
207 0.003824
208 0.003877
209 0.003935
210 0.003996
211 0.004055
212 0.004122
213 0.004184
214 0.004258
215 0.004324
216 0.004406
217 0.004478
218 0.004563
219 0.004644
220 0.004731
221 0.004810
222 0.004887
223 0.004969
224 0.005045
225 0.005129
226 0.005201
227 0.005288
228 0.005364
229 0.005455
230 0.005538
231 0.005630
232 0.005718
233 0.005811
234 0.005907
235 0.006001
236 0.006104
237 0.006201
238 0.006314
239 0.006413
240 0.006521
241 0.006618
242 0.006732
243 0.006846
244 0.006972
245 0.007081
246 0.007176
247 0.007272
248 0.007361
249 0.007457
250 0.007521
251 0.007568
252 0.007589
253 0.007617
254 0.007631
255 0.007646
256 0.007652
257 0.007651
258 0.007643
259 0.007621
260 0.007593
261 0.007546
262 0.007497
263 0.007425
264 0.007349
265 0.007250
266 0.007140
267 0.007016
268 0.006889
269 0.006756
270 0.006617
271 0.006477
272 0.006329
273 0.006183
274 0.006029
275 0.005879
276 0.005720
277 0.005565
278 0.005405
279 0.005254
280 0.005117
281 0.005001
282 0.004903
283 0.004823
284 0.004753
285 0.004683
286 0.004618
287 0.004550
288 0.004488
289 0.004424
290 0.004366
291 0.004315
292 0.004276
293 0.004241
294 0.004203
295 0.004164
296 0.004123
297 0.004080
298 0.004036
299 0.003992
300 0.003949
301 0.003905
302 0.003866
303 0.003834
304 0.003803
305 0.003772
306 0.003742
307 0.003714
308 0.003683
309 0.003656
310 0.003624
311 0.003597
312 0.003566
313 0.003539
314 0.003509
315 0.003481
316 0.003453
317 0.003424
318 0.003397
319 0.003368
320 0.003344
321 0.003314
322 0.003292
323 0.003262
324 0.003241
325 0.003214
326 0.003194
327 0.003175
328 0.003157
329 0.003144
330 0.003137
331 0.003140
